1.000000000000000056e-01 -1.007494057296150913e+01
2.000000000000000111e-01 -9.869829460063145987e+00
3.000000000000000444e-01 -1.000407923184314996e+01
4.000000000000000222e-01 -1.017865724721920806e+01
5.000000000000000000e-01 -1.038815445242535596e+01
5.999999999999999778e-01 -1.063521651077912722e+01
7.000000000000000666e-01 -1.092083562553378151e+01
8.000000000000000444e-01 -1.123525779372599409e+01
9.000000000000000222e-01 -1.157846246547988045e+01
1.000000000000000000e+00 -1.194024934934843607e+01
1.100000000000000089e+00 -1.231506803563509500e+01
1.200000000000000178e+00 -1.269693136748792739e+01
1.300000000000000266e+00 -1.307781932835183092e+01
1.400000000000000133e+00 -1.344824347719883484e+01
1.500000000000000222e+00 -1.380300058993161549e+01
1.600000000000000089e+00 -1.413124336161349248e+01
1.700000000000000178e+00 -1.443374724741787318e+01
1.800000000000000266e+00 -1.469211687090416874e+01
1.900000000000000133e+00 -1.490938888066826173e+01
2.000000000000000000e+00 -1.507265859978982014e+01
2.100000000000000089e+00 -1.519071891917616135e+01
2.200000000000000178e+00 -1.525255947714653182e+01
2.300000000000000266e+00 -1.525953412630014938e+01
2.400000000000000355e+00 -1.521908654896884627e+01
2.500000000000000444e+00 -1.512826337517622122e+01
2.600000000000000089e+00 -1.499069752734045657e+01
2.700000000000000178e+00 -1.480832978265926059e+01
2.800000000000000266e+00 -1.458349366239587397e+01
2.900000000000000355e+00 -1.434659036214667260e+01
3.000000000000000444e+00 -1.406832172079288945e+01
3.100000000000000089e+00 -1.379214352591437986e+01
3.200000000000000178e+00 -1.349811765533262964e+01
3.300000000000000266e+00 -1.319868933527138921e+01
3.400000000000000355e+00 -1.290359664208090074e+01
3.500000000000000444e+00 -1.262327609028599440e+01
3.600000000000000089e+00 -1.234822411036798684e+01
3.700000000000000178e+00 -1.208575792499876123e+01
3.800000000000000266e+00 -1.183625459052395001e+01
3.900000000000000355e+00 -1.161515949493626465e+01
4.000000000000000000e+00 -1.141052612749759554e+01
4.099999999999999645e+00 -1.121263601183418857e+01
4.200000000000000178e+00 -1.103091343235868038e+01
4.299999999999999822e+00 -1.086996648210456229e+01
4.399999999999999467e+00 -1.070793865256813859e+01
4.500000000000000000e+00 -1.055352410965777032e+01
4.599999999999999645e+00 -1.039267119230668790e+01
4.700000000000000178e+00 -1.021303379187228799e+01
4.799999999999999822e+00 -1.001886766465089273e+01
4.900000000000000355e+00 -9.789911905416092353e+00
5.000000000000000000e+00 -9.524865164321054678e+00
5.099999999999999645e+00 -9.209276351453446807e+00
5.200000000000000178e+00 -8.818098744627592467e+00
5.299999999999999822e+00 -8.368632762194396335e+00
5.400000000000000355e+00 -7.832126291442725652e+00
5.500000000000000000e+00 -7.202429903659960608e+00
5.599999999999999645e+00 -6.496883005970259362e+00
5.700000000000000178e+00 -5.692443207577082553e+00
5.799999999999999822e+00 -4.805358908054448541e+00
5.900000000000000355e+00 -3.826444310399519377e+00
6.000000000000000000e+00 -2.813650612789273531e+00
6.099999999999999645e+00 -1.742243440912774055e+00
6.200000000000000178e+00 -6.219771751301955698e-01
6.299999999999999822e+00 4.823762310751406046e-01
6.400000000000000355e+00 1.576390111447326658e+00
6.500000000000000000e+00 2.648196762070837096e+00
6.599999999999999645e+00 3.667485182717343584e+00
6.700000000000000178e+00 4.628487848740090449e+00
6.799999999999999822e+00 5.524154909211905995e+00
6.900000000000000355e+00 6.351955763090241014e+00
7.000000000000000000e+00 7.094148851477240392e+00
7.099999999999999645e+00 7.768297300208679701e+00
7.200000000000000178e+00 8.368067966200399610e+00
7.299999999999999822e+00 8.892209408621111422e+00
7.400000000000000355e+00 9.344993024781073743e+00
7.500000000000000000e+00 9.763942381432585194e+00
7.599999999999999645e+00 1.010393834110144873e+01
7.700000000000000178e+00 1.039834486393580804e+01
7.799999999999999822e+00 1.066206042190110814e+01
7.900000000000000355e+00 1.090734056248946793e+01
8.000000000000000000e+00 1.108538389297562610e+01
8.099999999999999645e+00 1.123713083660153877e+01
8.199999999999999289e+00 1.137535557699011868e+01
8.300000000000000711e+00 1.150975003539011432e+01
8.400000000000000355e+00 1.160188571896212295e+01
8.500000000000000000e+00 1.167064925362556771e+01
8.599999999999999645e+00 1.175314490650258215e+01
8.699999999999999289e+00 1.181832887619865069e+01
8.800000000000000711e+00 1.184581716829131537e+01
8.900000000000000355e+00 1.189214348058645321e+01
9.000000000000000000e+00 1.194661734020388089e+01
9.099999999999999645e+00 1.197094612161555816e+01
9.199999999999999289e+00 1.196614201528438493e+01
9.300000000000000711e+00 1.199638613133332044e+01
9.400000000000000355e+00 1.202287492077748254e+01
9.500000000000000000e+00 1.203409576677416304e+01
9.599999999999999645e+00 1.202521054004015788e+01
9.700000000000001066e+00 1.204318866424133994e+01
9.800000000000000711e+00 1.205261909611300197e+01
9.900000000000000355e+00 1.205173897223169810e+01
1.000000000000000000e+01 1.204153173915796060e+01
1.009999999999999964e+01 1.206557176478215077e+01
1.020000000000000107e+01 1.205667021150613927e+01
1.030000000000000071e+01 1.205381325986487084e+01
1.040000000000000036e+01 1.204589893744652507e+01
1.050000000000000000e+01 1.205377188440233027e+01
1.059999999999999964e+01 1.204970413953480168e+01
1.070000000000000107e+01 1.203674368535002692e+01
1.080000000000000071e+01 1.203828225968833721e+01
1.090000000000000036e+01 1.203601629282855789e+01
1.100000000000000000e+01 1.203016541044763343e+01
1.109999999999999964e+01 1.201717448539420907e+01
1.120000000000000107e+01 1.201572593948196221e+01
1.130000000000000071e+01 1.201576981097489671e+01
1.140000000000000036e+01 1.200873023292323438e+01
1.150000000000000000e+01 1.197250888498601107e+01
1.159999999999999964e+01 1.199519756145439153e+01
1.170000000000000107e+01 1.197520160475937345e+01
1.180000000000000071e+01 1.193490493680932296e+01
1.190000000000000036e+01 1.194250327853753113e+01
1.200000000000000000e+01 1.192058695144250891e+01
1.209999999999999964e+01 1.188435106320895329e+01
1.220000000000000107e+01 1.184422745865598614e+01
1.230000000000000071e+01 1.179516658358446080e+01
1.240000000000000036e+01 1.176370744151164160e+01
1.250000000000000000e+01 1.167019207244070422e+01
1.259999999999999964e+01 1.156344393716207364e+01
1.270000000000000107e+01 1.145588000597582301e+01
1.280000000000000071e+01 1.128483007299625385e+01
1.290000000000000036e+01 1.107379640968594003e+01
1.300000000000000000e+01 1.080839496448049886e+01
1.309999999999999964e+01 1.045807118818096804e+01
1.320000000000000107e+01 9.989701122699472080e+00
1.330000000000000071e+01 9.394229593284938673e+00
1.340000000000000036e+01 8.610353978192947011e+00
1.350000000000000000e+01 7.610784504046645083e+00
1.359999999999999964e+01 6.309848210343345976e+00
1.370000000000000107e+01 4.615931261329258462e+00
1.380000000000000071e+01 2.437721180221773309e+00
1.390000000000000036e+01 -3.852189408794366998e-01
1.400000000000000000e+01 -4.037949711794815322e+00
1.409999999999999964e+01 -8.748261095252710007e+00
1.420000000000000107e+01 -1.480393205316445204e+01
1.430000000000000071e+01 -2.262890952809213019e+01
1.440000000000000036e+01 -3.200985483800779718e+01
