1.000000000000000056e-01 -1.085163673200051022e+02
2.000000000000000111e-01 -1.083965120620046179e+02
3.000000000000000444e-01 -1.084532816893166398e+02
4.000000000000000222e-01 -1.085735953744632667e+02
5.000000000000001110e-01 -1.087274983852147301e+02
6.000000000000000888e-01 -1.089047490378267469e+02
7.000000000000000666e-01 -1.091095810860727795e+02
8.000000000000001554e-01 -1.093392958086948710e+02
9.000000000000001332e-01 -1.095900700536908090e+02
1.000000000000000222e+00 -1.098581250124548774e+02
1.100000000000000311e+00 -1.101400345239650136e+02
1.200000000000000400e+00 -1.104306266765135547e+02
1.300000000000000266e+00 -1.107240497008626079e+02
1.400000000000000355e+00 -1.110189171492522604e+02
1.500000000000000444e+00 -1.113086130492212504e+02
1.600000000000000311e+00 -1.115857693427578852e+02
1.700000000000000400e+00 -1.118488189486119495e+02
1.800000000000000488e+00 -1.120909507879874667e+02
1.900000000000000355e+00 -1.123076926465459451e+02
2.000000000000000444e+00 -1.124957545049852996e+02
2.100000000000000533e+00 -1.126507924947600543e+02
2.200000000000000622e+00 -1.127724621773047318e+02
2.300000000000000711e+00 -1.128566677025500269e+02
2.400000000000000355e+00 -1.129012087975427647e+02
2.500000000000000444e+00 -1.129082621740906944e+02
2.600000000000000533e+00 -1.128778455762846278e+02
2.700000000000000622e+00 -1.128116582313214877e+02
2.800000000000000711e+00 -1.127133943168993824e+02
2.900000000000000799e+00 -1.125833684935254695e+02
3.000000000000000444e+00 -1.124259229813526986e+02
3.100000000000000533e+00 -1.122472345088756072e+02
3.200000000000000622e+00 -1.120498517525583679e+02
3.300000000000000711e+00 -1.118381399719765881e+02
3.400000000000000799e+00 -1.116155872421326620e+02
3.500000000000000888e+00 -1.113882629308339176e+02
3.600000000000000977e+00 -1.111603340483446800e+02
3.700000000000000622e+00 -1.109328777620424376e+02
3.800000000000000711e+00 -1.107109248805609809e+02
3.900000000000000799e+00 -1.104980476222533383e+02
4.000000000000000888e+00 -1.102933819433770282e+02
4.100000000000000533e+00 -1.100991720043789286e+02
4.200000000000000178e+00 -1.099191024007588453e+02
4.300000000000000711e+00 -1.097509492290174933e+02
4.400000000000000355e+00 -1.095943669208538438e+02
4.500000000000000888e+00 -1.094508813750148448e+02
4.600000000000000533e+00 -1.093163470110054476e+02
4.700000000000000178e+00 -1.091866099021045358e+02
4.800000000000000711e+00 -1.090642003928978312e+02
4.900000000000000355e+00 -1.089446223224777839e+02
5.000000000000000888e+00 -1.088179167496780195e+02
5.100000000000000533e+00 -1.086846611232993070e+02
5.200000000000001066e+00 -1.085370764717229690e+02
5.300000000000000711e+00 -1.083698198783591664e+02
5.400000000000000355e+00 -1.081781523278535673e+02
5.500000000000000888e+00 -1.079497668755938093e+02
5.600000000000000533e+00 -1.076815990912942880e+02
5.700000000000001066e+00 -1.073684419719588732e+02
5.800000000000000711e+00 -1.070015848134898135e+02
5.900000000000000355e+00 -1.065733104263047011e+02
6.000000000000000888e+00 -1.060808412210131877e+02
6.100000000000000533e+00 -1.055307313250154095e+02
6.200000000000001066e+00 -1.049201336469410251e+02
6.300000000000000711e+00 -1.042361675315142975e+02
6.400000000000001243e+00 -1.034929548219265598e+02
6.500000000000000888e+00 -1.027242130564930847e+02
6.600000000000000533e+00 -1.019046891438915026e+02
6.700000000000001066e+00 -1.010500241190097626e+02
6.800000000000000711e+00 -1.002006895037401932e+02
6.900000000000001243e+00 -9.933937361293337176e+01
7.000000000000000888e+00 -9.849558970180602557e+01
7.100000000000001421e+00 -9.768017298960332084e+01
7.200000000000001066e+00 -9.688893538566188113e+01
7.300000000000000711e+00 -9.614995393096081955e+01
7.400000000000001243e+00 -9.545330394063377355e+01
7.500000000000000888e+00 -9.480841056221892416e+01
7.600000000000001421e+00 -9.422827046749883095e+01
7.700000000000001066e+00 -9.368345952226761142e+01
7.800000000000000711e+00 -9.320203546178248644e+01
7.900000000000001243e+00 -9.278146857728070529e+01
8.000000000000001776e+00 -9.238523181567470033e+01
8.100000000000001421e+00 -9.205047053693620285e+01
8.200000000000001066e+00 -9.175739855335864092e+01
8.300000000000000711e+00 -9.148191458804679144e+01
8.400000000000002132e+00 -9.126459674140723166e+01
8.500000000000001776e+00 -9.107030236014890079e+01
8.600000000000001421e+00 -9.087532642012729411e+01
8.700000000000001066e+00 -9.073716597125353189e+01
8.800000000000000711e+00 -9.062363779212206794e+01
8.900000000000002132e+00 -9.048718671575713302e+01
9.000000000000001776e+00 -9.039900813286965331e+01
9.100000000000001421e+00 -9.033267472837538037e+01
9.200000000000001066e+00 -9.023968647840349888e+01
9.300000000000000711e+00 -9.018818012603797740e+01
9.400000000000002132e+00 -9.015174215039272099e+01
9.500000000000001776e+00 -9.008346064516581464e+01
9.600000000000001421e+00 -9.005549596014228086e+01
9.700000000000001066e+00 -9.004415910168719961e+01
9.800000000000000711e+00 -8.998787957752257682e+01
9.900000000000002132e+00 -8.997081023814213552e+01
1.000000000000000178e+01 -8.998007795173934653e+01
1.010000000000000142e+01 -8.993769479060229344e+01
1.020000000000000107e+01 -8.992705403241085094e+01
1.030000000000000249e+01 -8.993978371361701818e+01
1.040000000000000213e+01 -8.990827237736868938e+01
1.050000000000000178e+01 -8.990378979332945164e+01
1.060000000000000142e+01 -8.991802018011847508e+01
1.070000000000000107e+01 -8.989469197069678330e+01
1.080000000000000249e+01 -8.989431759354239659e+01
1.090000000000000213e+01 -8.991054982162074793e+01
1.100000000000000178e+01 -8.988968637805895412e+01
1.110000000000000142e+01 -8.989094073862793266e+01
1.120000000000000107e+01 -8.991185065401569432e+01
1.130000000000000249e+01 -8.989278442583555773e+01
1.140000000000000213e+01 -8.989463585281622215e+01
1.150000000000000178e+01 -8.991919452729567297e+01
1.160000000000000142e+01 -8.989816858029709579e+01
1.170000000000000107e+01 -8.989680989232319064e+01
1.180000000000000249e+01 -8.992284734276223901e+01
1.190000000000000213e+01 -8.990856305271360327e+01
1.200000000000000178e+01 -8.990755845544114777e+01
1.210000000000000142e+01 -8.993004307635111161e+01
1.220000000000000284e+01 -8.991830438488214838e+01
1.230000000000000249e+01 -8.991657894175875754e+01
1.240000000000000213e+01 -8.993752560974216692e+01
1.250000000000000178e+01 -8.993093765105557225e+01
1.260000000000000142e+01 -8.992729565825649729e+01
1.270000000000000284e+01 -8.994382171842107709e+01
1.280000000000000249e+01 -8.994397132197711642e+01
1.290000000000000213e+01 -8.993925532834218473e+01
1.300000000000000178e+01 -8.995068640741125421e+01
1.310000000000000142e+01 -8.995340471125138038e+01
1.320000000000000284e+01 -8.995232471759219095e+01
1.330000000000000249e+01 -8.996802595888124188e+01
1.340000000000000213e+01 -8.996582142631672241e+01
1.350000000000000178e+01 -8.996301002616645803e+01
1.360000000000000142e+01 -8.998309940270411289e+01
1.370000000000000284e+01 -8.998349282072187805e+01
1.380000000000000249e+01 -8.998159960010221425e+01
1.390000000000000213e+01 -9.000433181921061987e+01
1.400000000000000178e+01 -9.001258695816333955e+01
1.410000000000000320e+01 -9.001253946298064079e+01
1.420000000000000284e+01 -9.003661922550470820e+01
1.430000000000000249e+01 -9.005871945270561696e+01
1.440000000000000213e+01 -9.006831593227232702e+01
1.450000000000000178e+01 -9.010262178224805041e+01
1.460000000000000320e+01 -9.014327812175555721e+01
1.470000000000000284e+01 -9.017777402508417595e+01
1.480000000000000249e+01 -9.024182802963764516e+01
1.490000000000000213e+01 -9.030765991317782948e+01
1.500000000000000178e+01 -9.038641226237290027e+01
1.510000000000000320e+01 -9.051369153140043977e+01
1.520000000000000284e+01 -9.064952870868702917e+01
1.530000000000000249e+01 2.160305432136272543e+02
1.540000000000000213e+01 -7.205208134513280527e+01
1.550000000000000178e+01 1.553738792688841386e+04
