# 1s 1/2
0.10	-5.7812815837E-02
0.20	-1.1561093966E-01
0.30	-1.7330822460E-01
0.40	-2.3078669819E-01
0.50	-2.8781183670E-01
0.60	-3.4401893663E-01
0.70	-3.9894298810E-01
0.80	-4.5206186984E-01
0.90	-5.0278639430E-01
1.00	-5.5056280796E-01
1.10	-5.9481730300E-01
1.20	-6.3500358428E-01
1.30	-6.7059610884E-01
1.40	-7.0109832497E-01
1.50	-7.2609116533E-01
1.60	-7.4517440225E-01
1.70	-7.5803760440E-01
1.80	-7.6437907165E-01
1.90	-7.6389767346E-01
2.00	-7.5628418847E-01
2.10	-7.4124661557E-01
2.20	-7.1856865601E-01
2.30	-6.8822039574E-01
2.40	-6.5053165769E-01
2.50	-6.0628761257E-01
2.60	-5.5682113969E-01
2.70	-5.0392126471E-01
2.80	-4.4964793937E-01
2.90	-3.9602314748E-01
3.00	-3.4479617280E-01
3.10	-2.9726865471E-01
3.20	-2.5424914019E-01
3.30	-2.1608430840E-01
3.40	-1.8276550550E-01
3.50	-1.5403867605E-01
3.60	-1.2950584853E-01
3.70	-1.0870299592E-01
3.80	-9.1156217320E-02
3.90	-7.6409217389E-02
4.00	-6.4046030482E-02
4.10	-5.3697938565E-02
4.20	-4.5046384818E-02
4.30	-3.7816280843E-02
4.40	-3.1774321625E-02
4.50	-2.6724058065E-02
4.60	-2.2501018675E-02
4.70	-1.8967134964E-02
4.80	-1.6007604274E-02
4.90	-1.3526719725E-02
5.00	-1.1445050515E-02
5.10	-9.6962457096E-03
5.20	-8.2253938363E-03
5.30	-6.9867348859E-03
5.40	-5.9420313174E-03
5.50	-5.0596506414E-03
5.60	-4.3131704352E-03
5.70	-3.6805257790E-03
5.80	-3.1433172215E-03
5.90	-2.6861093477E-03
6.00	-2.2959236337E-03
6.10	-1.9619135201E-03
6.20	-1.6748712408E-03
6.30	-1.4270174026E-03
6.40	-1.2117090978E-03
6.50	-1.0231738911E-03
6.60	-8.5642037409E-04
6.70	-7.0704674900E-04
6.80	-5.7105130957E-04
6.90	-4.4476048361E-04
7.00	-3.2469740730E-04
7.10	-2.0745824709E-04
7.20	-8.9602734767E-05
7.30	3.2438628206E-05
7.40	1.6242312733E-04
7.50	3.0430071713E-04
7.60	4.6202243847E-04
7.70	6.3884922913E-04
7.80	8.3533083812E-04
7.90	1.0413654732E-03
# 1p 3/2
0.10	4.3875454868E-03
0.20	1.7485139530E-02
0.30	3.9084657985E-02
0.40	6.8831046902E-02
0.50	1.0619223299E-01
0.60	1.5044364480E-01
0.70	2.0066371861E-01
0.80	2.5576380420E-01
0.90	3.1449830963E-01
1.00	3.7552527491E-01
1.10	4.3743625742E-01
1.20	4.9879834786E-01
1.30	5.5820327656E-01
1.40	6.1427606857E-01
1.50	6.6571856129E-01
1.60	7.1132020948E-01
1.70	7.4999680049E-01
1.80	7.8073301466E-01
1.90	8.0263326172E-01
2.00	8.1486126198E-01
2.10	8.1668261323E-01
2.20	8.0751098923E-01
2.30	7.8708512978E-01
2.40	7.5563724743E-01
2.50	7.1405532231E-01
2.60	6.6397036368E-01
2.70	6.0765425766E-01
2.80	5.4776386469E-01
2.90	4.8698576372E-01
3.00	4.2769042100E-01
3.10	3.7173647958E-01
3.20	3.2034741811E-01
3.30	2.7417610652E-01
3.40	2.3339919031E-01
3.50	1.9787187978E-01
3.60	1.6723229229E-01
3.70	1.4100938448E-01
3.80	1.1869824529E-01
3.90	9.9795019860E-02
4.00	8.3826379621E-02
4.10	7.0372072085E-02
4.20	5.9052887752E-02
4.30	4.9540296082E-02
4.40	4.1552177652E-02
4.50	3.4848608315E-02
4.60	2.9224835615E-02
4.70	2.4508771077E-02
4.80	2.0553309051E-02
4.90	1.7236561019E-02
5.00	1.4455609072E-02
5.10	1.2123785916E-02
5.20	1.0168639458E-02
5.30	8.5295237576E-03
5.40	7.1549593849E-03
5.50	6.0025317687E-03
5.60	5.0360006854E-03
5.70	4.2253944875E-03
5.80	3.5456941885E-03
5.90	2.9756701237E-03
6.00	2.4976736842E-03
6.10	2.0968599072E-03
6.20	1.7608219785E-03
6.30	1.4791694558E-03
6.40	1.2431469064E-03
6.50	1.0454551439E-03
6.60	8.7997985470E-04
6.70	7.4162218859E-04
6.80	6.2609125673E-04
6.90	5.2980615893E-04
7.00	4.4978352420E-04
7.10	3.8352736321E-04
7.20	3.2896342729E-04
7.30	2.8433928679E-04
7.40	2.4816952339E-04
7.50	2.1914645485E-04
7.60	1.9605667178E-04
7.70	1.7763095691E-04
7.80	1.6231526481E-04
7.90	1.4786098454E-04
# 1p 1/2
0.10	4.3885114693E-03
0.20	1.7486920768E-02
0.30	3.9091809116E-02
0.40	6.8844530639E-02
0.50	1.0621213457E-01
0.60	1.5046954801E-01
0.70	2.0069866311E-01
0.80	2.5579965423E-01
0.90	3.1454163933E-01
1.00	3.7557680352E-01
1.10	4.3749978125E-01
1.20	4.9887694588E-01
1.30	5.5828508932E-01
1.40	6.1435879501E-01
1.50	6.6580670347E-01
1.60	7.1141447177E-01
1.70	7.5006602996E-01
1.80	7.8079126840E-01
1.90	8.0267575767E-01
2.00	8.1489161893E-01
2.10	8.1668483109E-01
2.20	8.0749190608E-01
2.30	7.8705046011E-01
2.40	7.5558618372E-01
2.50	7.1399792272E-01
2.60	6.6390635462E-01
2.70	6.0759905050E-01
2.80	5.4770765808E-01
2.90	4.8691742174E-01
3.00	4.2762578502E-01
3.10	3.7167662823E-01
3.20	3.2029248431E-01
3.30	2.7412586590E-01
3.40	2.3335847376E-01
3.50	1.9783825473E-01
3.60	1.6720480783E-01
3.70	1.4098586812E-01
3.80	1.1867998523E-01
3.90	9.9778805357E-02
4.00	8.3814601580E-02
4.10	7.0362328728E-02
4.20	5.9044419916E-02
4.30	4.9532749245E-02
4.40	4.1545925902E-02
4.50	3.4842359279E-02
4.60	2.9219244306E-02
4.70	2.4503674927E-02
4.80	2.0549136775E-02
4.90	1.7233108115E-02
5.00	1.4453205325E-02
5.10	1.2122001844E-02
5.20	1.0167387718E-02
5.30	8.5284275208E-03
5.40	7.1540286104E-03
5.50	6.0016136784E-03
5.60	5.0352318637E-03
5.70	4.2247296797E-03
5.80	3.5449596053E-03
5.90	2.9748988270E-03
6.00	2.4968863147E-03
6.10	2.0960967601E-03
6.20	1.7600686235E-03
6.30	1.4783748574E-03
6.40	1.2423046883E-03
6.50	1.0445505981E-03
6.60	8.7899042394E-04
6.70	7.4048937565E-04
6.80	6.2477470078E-04
6.90	5.2826659339E-04
7.00	4.4797465417E-04
7.10	3.8139320736E-04
7.20	3.2644166924E-04
7.30	2.8135849569E-04
7.40	2.4464412770E-04
7.50	2.1497709037E-04
7.60	1.9113207868E-04
7.70	1.7183493019E-04
7.80	1.5554904917E-04
7.90	1.4014446466E-04
# 1d 5/2
0.10	2.3835771584E-04
0.20	1.9005702833E-03
0.30	6.3502219523E-03
0.40	1.4866688697E-02
0.50	2.8571121477E-02
0.60	4.8376830326E-02
0.70	7.4939161480E-02
0.80	1.0861400912E-01
0.90	1.4943407554E-01
1.00	1.9709808839E-01
1.10	2.5097946561E-01
1.20	3.1013778709E-01
1.30	3.7334986162E-01
1.40	4.3915349960E-01
1.50	5.0587440766E-01
1.60	5.7173444977E-01
1.70	6.3482125748E-01
1.80	6.9318281029E-01
1.90	7.4483490060E-01
2.00	7.8777708438E-01
2.10	8.2008649332E-01
2.20	8.4002989170E-01
2.30	8.4621654161E-01
2.40	8.3790527491E-01
2.50	8.1523982944E-01
2.60	7.7938969266E-01
2.70	7.3251277902E-01
2.80	6.7751790095E-01
2.90	6.1765206472E-01
3.00	5.5601734193E-01
3.10	4.9524710892E-01
3.20	4.3733178430E-01
3.30	3.8356187703E-01
3.40	3.3464387755E-01
3.50	2.9082149430E-01
3.60	2.5201565405E-01
3.70	2.1794292677E-01
3.80	1.8821288631E-01
3.90	1.6239238290E-01
4.00	1.4003312461E-01
4.10	1.2071393391E-01
4.20	1.0404566472E-01
4.30	8.9677593268E-02
4.40	7.7302005475E-02
4.50	6.6644925765E-02
4.60	5.7466894239E-02
4.70	4.9563863382E-02
4.80	4.2756420011E-02
4.90	3.6892599400E-02
5.00	3.1841166053E-02
5.10	2.7487773398E-02
5.20	2.3735598646E-02
5.30	2.0500610889E-02
5.40	1.7710466144E-02
5.50	1.5303387848E-02
5.60	1.3226282690E-02
5.70	1.1433356578E-02
5.80	9.8855424366E-03
5.90	8.5491823857E-03
6.00	7.3950863349E-03
6.10	6.3981208047E-03
6.20	5.5368316866E-03
6.30	4.7926718489E-03
6.40	4.1496790495E-03
6.50	3.5940461252E-03
6.60	3.1140591241E-03
6.70	2.6993962498E-03
6.80	2.3412009574E-03
6.90	2.0318276191E-03
7.00	1.7646721990E-03
7.10	1.5339949216E-03
7.20	1.3347786591E-03
7.30	1.1625513048E-03
7.40	1.0132763349E-03
7.50	8.8304135878E-04
7.60	7.6783740536E-04
7.70	6.6320062463E-04
7.80	5.6364403265E-04
7.90	4.6257286069E-04
# 2s 1/2
0.10	-1.2497392258E-01
0.20	-2.4665309221E-01
0.30	-3.6176871639E-01
0.40	-4.6701697901E-01
0.50	-5.5917088802E-01
0.60	-6.3520450229E-01
0.70	-6.9245290464E-01
0.80	-7.2877641152E-01
0.90	-7.4274806015E-01
1.00	-7.3370996276E-01
1.10	-7.0186006606E-01
1.20	-6.4823081795E-01
1.30	-5.7461283140E-01
1.40	-4.8348554700E-01
1.50	-3.7793782504E-01
1.60	-2.6150406302E-01
1.70	-1.3805326907E-01
1.80	-1.1631495968E-02
1.90	1.1364892986E-01
2.00	2.3371722650E-01
2.10	3.4464306213E-01
2.20	4.4276398448E-01
2.30	5.2486200029E-01
2.40	5.8849963409E-01
2.50	6.3220107881E-01
2.60	6.5581362155E-01
2.70	6.6056681303E-01
2.80	6.4890259558E-01
2.90	6.2406869380E-01
3.00	5.8965657726E-01
3.10	5.4909092617E-01
3.20	5.0536847467E-01
3.30	4.6084722088E-01
3.40	4.1723329500E-01
3.50	3.7565864750E-01
3.60	3.3679910180E-01
3.70	3.0099257254E-01
3.80	2.6834417961E-01
3.90	2.3879818013E-01
4.00	2.1221342432E-01
4.10	1.8839214786E-01
4.20	1.6711324986E-01
4.30	1.4814881407E-01
4.40	1.3127790837E-01
4.50	1.1628579635E-01
4.60	1.0297787835E-01
4.70	9.1173345126E-02
4.80	8.0708384760E-02
4.90	7.1434798049E-02
5.00	6.3218664179E-02
5.10	5.5941397624E-02
5.20	4.9497331475E-02
5.30	4.3791936740E-02
5.40	3.8741350076E-02
5.50	3.4271294287E-02
5.60	3.0315339498E-02
5.70	2.6814742355E-02
5.80	2.3717578087E-02
5.90	2.0976760973E-02
6.00	1.8551666594E-02
6.10	1.6406083764E-02
6.20	1.4507725592E-02
6.30	1.2828068953E-02
6.40	1.1341999047E-02
6.50	1.0027107289E-02
6.60	8.8635275451E-03
6.70	7.8338141926E-03
6.80	6.9224281281E-03
6.90	6.1156427424E-03
7.00	5.4011206462E-03
7.10	4.7678387084E-03
7.20	4.2058193108E-03
7.30	3.7057310550E-03
7.40	3.2586611840E-03
7.50	2.8555238561E-03
7.60	2.4862446293E-03
7.70	2.1387372057E-03
7.80	1.7975154800E-03
7.90	1.4447831364E-03
# 1d 3/2
0.10	2.3838905056E-04
0.20	1.9006675880E-03
0.30	6.3519212606E-03
0.40	1.4871014604E-02
0.50	2.8579041837E-02
0.60	4.8390128027E-02
0.70	7.4959784422E-02
0.80	1.0864404594E-01
0.90	1.4947613766E-01
1.00	1.9715351562E-01
1.10	2.5104776828E-01
1.20	3.1021832434E-01
1.30	3.7344152523E-01
1.40	4.3925498519E-01
1.50	5.0598829751E-01
1.60	5.7183740585E-01
1.70	6.3491239832E-01
1.80	6.9326672134E-01
1.90	7.4490011460E-01
2.00	7.8783781278E-01
2.10	8.2013934171E-01
2.20	8.4004603244E-01
2.30	8.4620896723E-01
2.40	8.3787195646E-01
2.50	8.1518349617E-01
2.60	7.7931632766E-01
2.70	7.3243964481E-01
2.80	6.7745662949E-01
2.90	6.1759198493E-01
3.00	5.5594756578E-01
3.10	4.9518418643E-01
3.20	4.3727006147E-01
3.30	3.8351106600E-01
3.40	3.3460845319E-01
3.50	2.9079820100E-01
3.60	2.5200595495E-01
3.70	2.1794390205E-01
3.80	1.8822095865E-01
3.90	1.6240091182E-01
4.00	1.4004044615E-01
4.10	1.2072275908E-01
4.20	1.0405707689E-01
4.30	8.9691239064E-02
4.40	7.7314610240E-02
4.50	6.6654870138E-02
4.60	5.7475825695E-02
4.70	4.9571825096E-02
4.80	4.2764838361E-02
4.90	3.6901228713E-02
5.00	3.1849654555E-02
5.10	2.7496157278E-02
5.20	2.3743450838E-02
5.30	2.0507897325E-02
5.40	1.7717292846E-02
5.50	1.5310259223E-02
5.60	1.3233289544E-02
5.70	1.1440600521E-02
5.80	9.8928372509E-03
5.90	8.5564864131E-03
6.00	7.4024211460E-03
6.10	6.4059157549E-03
6.20	5.5450655738E-03
6.30	4.8016583059E-03
6.40	4.1595814881E-03
6.50	3.6050200865E-03
6.60	3.1262535872E-03
6.70	2.7130108189E-03
6.80	2.3564626344E-03
6.90	2.0490844331E-03
7.00	1.7842739462E-03
7.10	1.5563536561E-03
7.20	1.3603674938E-03
7.30	1.1919222627E-03
7.40	1.0469726205E-03
7.50	9.2169751052E-04
7.60	8.1213564990E-04
7.70	7.1374708427E-04
7.80	6.2077127231E-04
7.90	5.2575698305E-04
