0   0.00405429
0.1   0.00406742
0.2   0.00408055
0.3   0.00409368
0.4   0.00410682
0.5   0.00411995
0.6   0.00413308
0.7   0.00414621
0.8   0.00415935
0.9   0.00417248
1   0.00418561
1.1   0.00419875
1.2   0.00421196
1.3   0.00422542
1.4   0.00423925
1.5   0.0042533
1.6   0.00426732
1.7   0.00428111
1.8   0.0042945
1.9   0.00430736
2   0.00431953
2.1   0.00433084
2.2   0.00434113
2.3   0.00435026
2.4   0.00435807
2.5   0.00436441
2.6   0.00436917
2.7   0.00437219
2.8   0.00437336
2.9   0.00437256
3   0.00436967
3.1   0.00436459
3.2   0.00435722
3.3   0.00434747
3.4   0.00433524
3.5   0.00432047
3.6   0.00430308
3.7   0.004283
3.8   0.00426018
3.9   0.00423456
4   0.00420611
4.1   0.00417477
4.2   0.00414054
4.3   0.00410337
4.4   0.00406326
4.5   0.00402021
4.6   0.0039742
4.7   0.00392526
4.8   0.0038734
4.9   0.00381864
5   0.00376103
5.1   0.00370061
5.2   0.00363744
5.3   0.00357157
5.4   0.0035031
5.5   0.0034321
5.6   0.00335868
5.7   0.00328294
5.8   0.00320501
5.9   0.00312502
6   0.00304311
6.1   0.00295944
6.2   0.00287418
6.3   0.00278751
6.4   0.0026996
6.5   0.00261067
6.6   0.00252092
6.7   0.00243056
6.8   0.00233981
6.9   0.00224891
7   0.00215807
7.1   0.00206755
7.2   0.00197756
7.3   0.00188834
7.4   0.00180012
7.5   0.00171313
7.6   0.00162757
7.7   0.00154366
7.79999   0.00146159
7.89999   0.00138155
7.99999   0.0013037
8.09999   0.00122819
8.2   0.00115515
8.3   0.0010847
8.4   0.00101693
8.5   0.000951926
8.6   0.00088973
8.7   0.00083038
8.8   0.000773897
8.9   0.000720272
9   0.000669488
9.1   0.00062151
9.2   0.000576283
9.3   0.000533749
9.4   0.000493829
9.5   0.000456438
9.6   0.000421486
9.7   0.000388872
9.8   0.000358492
9.9   0.00033024
10   0.000304006
10.1   0.000279682
10.2   0.000257158
10.3   0.000236327
10.4   0.000217083
10.5   0.000199325
10.6   0.000182952
10.7   0.000167871
10.8   0.000153991
10.9   0.000141224
11   0.000129491
11.1   0.000118713
11.2   0.000108817
11.3   9.97364e-05
11.4   9.14059e-05
11.5   8.37674e-05
11.6   7.67655e-05
11.7   7.03479e-05
11.8   6.44683e-05
11.9   5.90819e-05
12   5.41479e-05
12.1   4.96298e-05
12.2   4.54916e-05
12.3   4.17025e-05
12.4   3.8233e-05
12.5   3.50557e-05
12.6   3.21467e-05
12.7   2.94826e-05
12.8   2.7043e-05
12.9   2.48091e-05
13   2.27627e-05
13.1   2.08886e-05
13.2   1.91717e-05
13.3   1.75987e-05
13.4   1.61576e-05
13.5   1.48369e-05
13.6   1.36264e-05
13.7   1.2517e-05
13.8   1.14998e-05
13.9   1.05672e-05
14   9.71188e-06
14.1   8.92737e-06
14.2   8.20778e-06
14.3   7.54747e-06
14.4   6.94155e-06
14.5   6.38545e-06
14.6   5.87489e-06
14.7   5.40618e-06
14.8   4.97572e-06
14.9   4.58035e-06
15   4.21718e-06
15.1   3.88344e-06
15.2   3.57678e-06
15.3   3.29491e-06
15.4   3.03576e-06
15.5   2.7975e-06
15.6   2.57837e-06
15.7   2.37681e-06
15.8   2.1914e-06
15.9   2.02077e-06
16   1.86375e-06
16.1   1.71922e-06
16.2   1.58615e-06
16.3   1.46364e-06
16.4   1.35079e-06
16.5   1.24685e-06
16.6   1.1511e-06
16.7   1.06286e-06
16.8   9.8155e-07
16.9   9.06598e-07
17   8.37496e-07
17.1   7.73787e-07
17.2   7.15027e-07
17.3   6.60832e-07
17.4   6.10838e-07
17.5   5.64705e-07
17.6   5.22139e-07
17.7   4.82848e-07
17.8   4.46579e-07
17.9   4.13096e-07
18   3.82175e-07
18.1   3.5362e-07
18.2   3.27244e-07
18.3   3.02876e-07
18.4   2.80364e-07
18.5   2.59558e-07
18.6   2.40329e-07
18.7   2.22555e-07
18.8   2.06122e-07
18.9   1.90928e-07
19   1.76878e-07
19.1   1.63881e-07
19.2   1.5186e-07
19.3   1.40738e-07
19.4   1.30447e-07
19.5   1.20924e-07
19.6   1.1211e-07
19.7   1.03951e-07
19.8   9.63974e-08
19.9   8.94033e-08
20   8.29271e-08
20.1   7.69285e-08
20.2   7.13726e-08
20.3   6.62256e-08
20.4   6.14566e-08
20.5   5.70379e-08
20.6   5.29427e-08
20.7   4.9147e-08
20.8   4.56287e-08
20.9   4.23667e-08
21   3.93424e-08
21.1   3.65379e-08
21.2   3.39368e-08
21.3   3.15245e-08
21.4   2.92866e-08
21.5   2.72104e-08
21.6   2.52842e-08
21.7   2.34965e-08
21.8   2.18376e-08
21.9   2.02979e-08
22   1.88685e-08
22.1   1.75417e-08
22.2   1.63097e-08
22.3   1.51657e-08
22.4   1.41034e-08
22.5   1.31167e-08
22.6   1.22002e-08
22.7001   1.13488e-08
22.8001   1.05578e-08
22.9001   9.82294e-09
