0   0.00673289
0.1   0.00675871
0.2   0.00678454
0.3   0.00681036
0.4   0.00683619
0.5   0.00686202
0.6   0.00688784
0.7   0.00691367
0.8   0.00693949
0.9   0.00696532
1   0.00699125
1.1   0.00701768
1.2   0.00704494
1.3   0.0070726
1.4   0.00709999
1.5   0.00712661
1.6   0.00715206
1.7   0.00717593
1.8   0.00719775
1.9   0.00721708
2   0.00723352
2.1   0.00724667
2.2   0.00725614
2.3   0.00726157
2.4   0.00726262
2.5   0.00725896
2.6   0.00725029
2.7   0.00723634
2.8   0.00721684
2.9   0.00719156
3   0.00716028
3.1   0.00712283
3.2   0.00707901
3.3   0.00702871
3.4   0.00697178
3.5   0.00690814
3.6   0.00683771
3.7   0.00676043
3.8   0.00667629
3.9   0.00658528
4   0.00648745
4.1   0.00638282
4.2   0.00627152
4.3   0.00615363
4.4   0.00602932
4.5   0.00589877
4.6   0.0057622
4.7   0.00561986
4.8   0.00547203
4.9   0.00531906
5   0.00516128
5.1   0.00499913
5.2   0.00483303
5.3   0.00466345
5.4   0.00449091
5.5   0.00431596
5.6   0.00413915
5.7   0.00396109
5.8   0.0037824
5.9   0.00360371
6   0.00342565
6.1   0.00324888
6.2   0.00307402
6.3   0.00290172
6.4   0.00273257
6.5   0.00256716
6.6   0.00240603
6.7   0.00224966
6.8   0.00209853
6.9   0.00195301
7   0.00181345
7.1   0.00168011
7.2   0.00155321
7.3   0.00143288
7.4   0.0013192
7.5   0.0012122
7.6   0.00111181
7.7   0.00101796
7.79999   0.000930489
7.89999   0.000849227
7.99999   0.000773944
8.09999   0.000704398
8.2   0.000640313
8.3   0.000581408
8.4   0.000527384
8.5   0.000477939
8.6   0.000432775
8.7   0.000391592
8.8   0.0003541
8.9   0.000320018
9   0.000289075
9.1   0.000261019
9.2   0.000235602
9.3   0.000212602
9.4   0.000191803
9.5   0.000173009
9.6   0.000156037
9.7   0.000140719
9.8   0.0001269
9.9   0.000114436
10   0.0001032
10.1   9.30716e-05
10.2   8.39451e-05
10.3   7.57207e-05
10.4   6.83112e-05
10.5   6.16355e-05
10.6   5.5621e-05
10.7   5.02025e-05
10.8   4.532e-05
10.9   4.0921e-05
11   3.69561e-05
11.1   3.33831e-05
11.2   3.01619e-05
11.3   2.72581e-05
11.4   2.46395e-05
11.5   2.22778e-05
11.6   2.01474e-05
11.7   1.82251e-05
11.8   1.64904e-05
11.9   1.49244e-05
12   1.35107e-05
12.1   1.22338e-05
12.2   1.10805e-05
12.3   1.00383e-05
12.4   9.09653e-06
12.5   8.24514e-06
12.6   7.47529e-06
12.7   6.77905e-06
12.8   6.14912e-06
12.9   5.57917e-06
13   5.06321e-06
13.1   4.59615e-06
13.2   4.17313e-06
13.3   3.78999e-06
13.4   3.44283e-06
13.5   3.1282e-06
13.6   2.843e-06
13.7   2.58439e-06
13.8   2.34986e-06
13.9   2.13708e-06
14   1.94403e-06
14.1   1.76879e-06
14.2   1.60972e-06
14.3   1.46527e-06
14.4   1.33407e-06
14.5   1.21488e-06
14.6   1.10657e-06
14.7   1.00814e-06
14.8   9.18644e-07
14.9   8.37275e-07
15   7.63262e-07
15.1   6.95938e-07
15.2   6.34674e-07
15.3   5.78922e-07
15.4   5.28168e-07
15.5   4.81958e-07
15.6   4.39876e-07
15.7   4.01543e-07
15.8   3.66621e-07
15.9   3.34797e-07
16   3.05793e-07
16.1   2.79351e-07
16.2   2.55243e-07
16.3   2.33256e-07
16.4   2.13201e-07
16.5   1.94904e-07
16.6   1.78208e-07
16.7   1.62971e-07
16.8   1.49061e-07
16.9   1.36362e-07
17   1.24764e-07
17.1   1.14173e-07
17.2   1.04496e-07
17.3   9.56563e-08
17.4   8.75776e-08
17.5   8.01939e-08
17.6   7.34442e-08
17.7   6.72728e-08
17.8   6.16297e-08
17.9   5.64681e-08
18   5.1747e-08
18.1   4.74272e-08
18.2   4.34747e-08
18.3   3.98571e-08
18.4   3.6546e-08
18.5   3.35146e-08
18.6   3.0739e-08
18.7   2.81973e-08
18.8   2.58692e-08
18.9   2.37367e-08
19   2.17827e-08
19.1   1.99925e-08
19.2   1.83516e-08
19.3   1.68478e-08
19.4   1.54691e-08
19.5   1.42051e-08
19.6   1.30461e-08
19.7   1.19831e-08
19.8   1.10081e-08
19.9   1.01137e-08
20   9.29312e-09
