0   0.0167708
0.1   0.016858
0.2   0.0169452
0.3   0.0170324
0.4   0.0171196
0.5   0.0172068
0.6   0.017294
0.7   0.0173812
0.8   0.0174698
0.9   0.0175618
1   0.017655
1.1   0.0177457
1.2   0.0178312
1.3   0.0179088
1.4   0.0179759
1.5   0.0180297
1.6   0.0180678
1.7   0.018088
1.8   0.0180881
1.9   0.018066
2   0.0180201
2.1   0.0179487
2.2   0.0178503
2.3   0.0177238
2.4   0.0175681
2.5   0.0173824
2.6   0.017166
2.7   0.0169184
2.8   0.0166395
2.9   0.0163291
3   0.0159875
3.1   0.0156152
3.2   0.0152128
3.3   0.0147813
3.4   0.014322
3.5   0.0138364
3.6   0.0133263
3.7   0.012794
3.8   0.0122419
3.9   0.0116728
4   0.0110899
4.1   0.0104965
4.2   0.00989622
4.3   0.00929283
4.4   0.00869027
4.5   0.00809254
4.6   0.0075036
4.7   0.00692732
4.8   0.00636737
4.9   0.00582714
5   0.00530965
5.1   0.00481748
5.2   0.00435273
5.3   0.00391696
5.4   0.00351116
5.5   0.00313585
5.6   0.00279094
5.7   0.00247597
5.8   0.00219
5.9   0.00193181
6   0.00169988
6.1   0.00149252
6.2   0.00130794
6.3   0.00114425
6.4   0.000999608
6.5   0.000872181
6.6   0.000760225
6.7   0.000662094
6.8   0.000576249
6.9   0.000501287
7   0.000435915
7.1   0.00037898
7.2   0.000329438
7.3   0.00028636
7.4   0.000248929
7.5   0.000216415
7.6   0.000188181
7.7   0.00016367
7.79999   0.00014239
7.89999   0.000123917
7.99999   0.000107877
8.09999   9.39481e-05
8.2   8.1851e-05
8.3   7.134e-05
8.4   6.2206e-05
8.5   5.42651e-05
8.6   4.73588e-05
8.7   4.13507e-05
8.8   3.61208e-05
8.9   3.15672e-05
9   2.76004e-05
9.1   2.41431e-05
9.2   2.11288e-05
9.3   1.84992e-05
9.4   1.62043e-05
9.5   1.42006e-05
9.6   1.24501e-05
9.7   1.09204e-05
9.8   9.58284e-06
9.9   8.41278e-06
10   7.38883e-06
10.1   6.49222e-06
10.2   5.70687e-06
10.3   5.0186e-06
10.4   4.41514e-06
10.5   3.88586e-06
10.6   3.42136e-06
10.7   3.0136e-06
10.8   2.65548e-06
10.9   2.3408e-06
11   2.06422e-06
11.1   1.82098e-06
11.2   1.607e-06
11.3   1.41869e-06
11.4   1.25288e-06
11.5   1.10686e-06
11.6   9.78189e-07
11.7   8.64774e-07
11.8   7.64773e-07
11.9   6.76556e-07
12   5.98717e-07
12.1   5.30004e-07
12.2   4.69327e-07
12.3   4.1573e-07
12.4   3.68366e-07
12.5   3.265e-07
12.6   2.8948e-07
12.7   2.56733e-07
12.8   2.2776e-07
12.9   2.02113e-07
13   1.79406e-07
13.1   1.59296e-07
13.2   1.41479e-07
13.3   1.25689e-07
13.4   1.11692e-07
13.5   9.92802e-08
13.6   8.82713e-08
13.7   7.8503e-08
13.8   6.9834e-08
13.9   6.21379e-08
14   5.53037e-08
14.1   4.92336e-08
14.2   4.384e-08
14.3   3.90469e-08
14.4   3.4786e-08
14.5   3.09973e-08
14.6   2.76277e-08
14.7   2.46298e-08
14.8   2.19623e-08
14.9   1.9588e-08
15   1.74741e-08
15.1   1.55918e-08
15.2   1.39152e-08
15.3   1.24215e-08
15.4   1.10904e-08
15.5   9.90398e-09
