0   0.0129756
0.1   0.0130376
0.2   0.0130995
0.3   0.0131614
0.4   0.0132234
0.5   0.0132853
0.6   0.0133472
0.7   0.0134092
0.8   0.0134713
0.9   0.0135349
1   0.0136007
1.1   0.0136668
1.2   0.013731
1.3   0.0137919
1.4   0.0138477
1.5   0.0138969
1.6   0.0139379
1.7   0.0139691
1.8   0.0139892
1.9   0.0139968
2   0.0139907
2.1   0.0139698
2.2   0.0139329
2.3   0.0138793
2.4   0.013808
2.5   0.0137183
2.6   0.0136096
2.7   0.0134814
2.8   0.0133333
2.9   0.0131649
3   0.0129761
3.1   0.0127668
3.2   0.0125371
3.3   0.0122871
3.4   0.0120171
3.5   0.0117277
3.6   0.0114194
3.7   0.0110929
3.8   0.0107493
3.9   0.0103897
4   0.0100151
4.1   0.00962728
4.2   0.00922767
4.3   0.0088181
4.4   0.0084005
4.5   0.00797697
4.6   0.0075497
4.7   0.007121
4.8   0.00669322
4.9   0.00626876
5   0.00584999
5.1   0.00543924
5.2   0.00503872
5.3   0.0046505
5.4   0.00427646
5.5   0.00391826
5.6   0.0035773
5.7   0.00325466
5.8   0.00295119
5.9   0.00266738
6   0.00240346
6.1   0.00215936
6.2   0.00193478
6.3   0.00172918
6.4   0.00154184
6.5   0.00137188
6.6   0.00121831
6.7   0.00108008
6.8   0.000956083
6.9   0.000845195
7   0.000746308
7.1   0.000658343
7.2   0.000580266
7.3   0.000511102
7.4   0.000449932
7.5   0.000395915
7.6   0.000348269
7.7   0.00030629
7.79999   0.000269333
7.89999   0.000236821
7.99999   0.000208236
8.09999   0.000183112
8.2   0.00016104
8.3   0.000141651
8.4   0.000124622
8.5   0.000109666
8.6   9.65312e-05
8.7   8.49937e-05
8.8   7.48588e-05
8.9   6.59543e-05
9   5.81286e-05
9.1   5.12502e-05
9.2   4.52016e-05
9.3   3.98824e-05
9.4   3.52019e-05
9.5   3.1083e-05
9.6   2.74565e-05
9.7   2.42625e-05
9.8   2.14485e-05
9.9   1.89682e-05
10   1.67813e-05
10.1   1.48522e-05
10.2   1.315e-05
10.3   1.16473e-05
10.4   1.03203e-05
10.5   9.14794e-06
10.6   8.11177e-06
10.7   7.19568e-06
10.8   6.38534e-06
10.9   5.66838e-06
11   5.03368e-06
11.1   4.47168e-06
11.2   3.9738e-06
11.3   3.5326e-06
11.4   3.14146e-06
11.5   2.79457e-06
11.6   2.48684e-06
11.7   2.2137e-06
11.8   1.97124e-06
11.9   1.75587e-06
12   1.56455e-06
12.1   1.39451e-06
12.2   1.24334e-06
12.3   1.1089e-06
12.4   9.89286e-07
12.5   8.82849e-07
12.6   7.88088e-07
12.7   7.0371e-07
12.8   6.28542e-07
12.9   5.61565e-07
13   5.01865e-07
13.1   4.48635e-07
13.2   4.01163e-07
13.3   3.58808e-07
13.4   3.21013e-07
13.5   2.87272e-07
13.6   2.57146e-07
13.7   2.30237e-07
13.8   2.06196e-07
13.9   1.84712e-07
14   1.65507e-07
14.1   1.48335e-07
14.2   1.32976e-07
14.3   1.19237e-07
14.4   1.06941e-07
14.5   9.5936e-08
14.6   8.60828e-08
14.7   7.72591e-08
14.8   6.93554e-08
14.9   6.22736e-08
15   5.59275e-08
15.1   5.02384e-08
15.2   4.5138e-08
15.3   4.05636e-08
15.4   3.64605e-08
15.5   3.2779e-08
15.6   2.94752e-08
15.7   2.65097e-08
15.8   2.38471e-08
15.9   2.14563e-08
16   1.93087e-08
16.1   1.73795e-08
16.2   1.56459e-08
16.3   1.40879e-08
16.4   1.26873e-08
16.5   1.1428e-08
16.6   1.02956e-08
16.7   9.27692e-09
