# 1s 1/2
0.10	2.8837710374E+00
0.20	2.8613904901E+00
0.30	2.8241348193E+00
0.40	2.7726716225E+00
0.50	2.7078778832E+00
0.60	2.6308150203E+00
0.70	2.5427001944E+00
0.80	2.4448778461E+00
0.90	2.3387855398E+00
1.00	2.2259205269E+00
1.11	2.1078068623E+00
1.21	1.9859567511E+00
1.31	1.8618409981E+00
1.41	1.7368609608E+00
1.51	1.6123259604E+00
1.61	1.4894342834E+00
1.71	1.3692578590E+00
1.81	1.2527338887E+00
1.91	1.1406583635E+00
2.01	1.0336857659E+00
2.11	9.3233057409E-01
2.21	8.3697291490E-01
2.31	7.4786652113E-01
2.41	6.6514819410E-01
2.51	5.8884982330E-01
2.61	5.1890989065E-01
2.71	4.5518722030E-01
2.81	3.9747305664E-01
2.91	3.4550458359E-01
3.02	2.9897640260E-01
3.12	2.5755246869E-01
3.22	2.2087609650E-01
3.32	1.8857957306E-01
3.42	1.6029215133E-01
3.52	1.3564709611E-01
3.62	1.1428746850E-01
3.72	9.5870711320E-02
3.82	8.0072318018E-02
3.92	6.6588290574E-02
4.02	5.5136983014E-02
4.12	4.5459886899E-02
4.22	3.7322039418E-02
4.32	3.0511624922E-02
4.42	2.4839361819E-02
4.52	2.0137368851E-02
4.62	1.6257919714E-02
4.72	1.3071938467E-02
4.83	1.0467450908E-02
4.93	8.3479762134E-03
5.03	6.6309243770E-03
5.13	5.2460602562E-03
5.23	4.1340135286E-03
5.33	3.2449162706E-03
5.43	2.5371179285E-03
5.53	1.9760417581E-03
5.63	1.5331389929E-03
5.73	1.1849719251E-03
5.83	9.1240119903E-04
5.93	6.9988026899E-04
6.03	5.3484703474E-04
6.13	4.0720144893E-04
6.23	3.0886409765E-04
6.33	2.3340304791E-04
6.43	1.7572224669E-04
6.53	1.3180353297E-04
6.63	9.8492328890E-05
6.74	7.3324287980E-05
6.84	5.4381723346E-05
6.94	4.0179866086E-05
7.04	2.9573258266E-05
7.14	2.1682585126E-05
7.24	1.5835263124E-05
7.34	1.1519220174E-05
7.44	8.3460947877E-06
7.54	6.0225865642E-06
7.64	4.3281264618E-06
7.74	3.0974785542E-06
7.84	2.2074209175E-06
7.94	1.5664048714E-06
8.04	1.1067295406E-06
8.14	7.7852453397E-07
8.24	5.4522135542E-07
8.34	3.8011963604E-07
8.44	2.6381025352E-07
8.54	1.8224965537E-07
8.65	1.2532113110E-07
8.75	8.5772133899E-08
8.85	5.8427119047E-08
8.95	3.9610651344E-08
9.05	2.6725440732E-08
9.15	1.7944714198E-08
9.25	1.1990503332E-08
9.35	7.9728086058E-09
9.45	5.2753626760E-09
9.55	3.4733249146E-09
9.65	2.2755514133E-09
9.75	1.4834179468E-09
9.85	9.6221562043E-10
9.95	6.2101815413E-10
10.05	3.9879944158E-10
10.15	2.5481105747E-10
10.25	1.6199032512E-10
10.35	1.0246277843E-10
10.46	6.4482412739E-11
10.56	4.0375414951E-11
10.66	2.5152669958E-11
10.76	1.5590031445E-11
10.86	9.6138366725E-12
10.96	5.8984503498E-12
11.06	3.6005048680E-12
11.16	2.1866348830E-12
11.26	1.3212114868E-12
11.36	7.9424086583E-13
11.46	4.7502359305E-13
11.56	2.8265651939E-13
11.66	1.6733479114E-13
11.76	9.8558074063E-14
11.86	5.7753993057E-14
11.96	3.3670482154E-14
12.06	1.9529929568E-14
12.16	1.1270141754E-14
12.26	6.4705583701E-15
12.37	3.6960033974E-15
12.47	2.1004185579E-15
12.57	1.1875697752E-15
12.67	6.6802749926E-16
12.77	3.7386196660E-16
12.87	2.0816574712E-16
12.97	1.1531637065E-16
13.07	6.3555499981E-17
13.17	3.4849837487E-17
13.27	1.9012044065E-17
13.37	1.0319141473E-17
13.47	5.5723630665E-18
13.57	2.9937982637E-18
13.67	1.6002510289E-18
13.77	8.5102233246E-19
13.87	4.5027533443E-19
13.97	2.3702941941E-19
14.07	1.2414031550E-19
14.17	6.4685940446E-20
14.28	3.3534787158E-20
14.38	1.7296865026E-20
14.48	8.8762534655E-21
14.58	4.5318785687E-21
14.68	2.3020708416E-21
14.78	1.1634453686E-21
14.88	5.8501354854E-22
14.98	2.9266715015E-22
15.08	1.4567156662E-22
15.18	7.2138223760E-23
15.28	3.5542552960E-23
15.38	1.7423025815E-23
15.48	8.4974906497E-24
15.58	4.1233626689E-24
15.68	1.9906928195E-24
15.78	9.5620808890E-25
15.88	4.5697501215E-25
15.98	2.1728476182E-25
16.09	1.0279178584E-25
16.19	4.8382143640E-26
16.29	2.2657141644E-26
16.39	1.0556570813E-26
16.49	4.8936779770E-27
16.59	2.2570720948E-27
16.69	1.0357428778E-27
16.79	4.7288509954E-28
16.89	2.1481149443E-28
16.99	9.7085914254E-29
17.09	4.3657083022E-29
17.19	1.9532144126E-29
17.29	8.6945306840E-30
17.39	3.8506971205E-30
17.49	1.6968144343E-30
17.59	7.4392148634E-31
17.69	3.2450532238E-31
17.79	1.4083660006E-31
17.89	6.0815041895E-32
18.00	2.6128047737E-32
18.10	1.1168743068E-32
18.20	4.7501099351E-33
18.30	2.0100369320E-33
18.40	8.4626789567E-34
18.50	3.5449695920E-34
18.60	1.4774805372E-34
18.70	6.1267756375E-35
18.80	2.5278280227E-35
18.90	1.0376827755E-35
# 1p 3/2
0.10	1.6560335113E-01
0.20	3.2951495950E-01
0.30	4.8827058161E-01
0.40	6.3944782297E-01
0.50	7.8083883706E-01
0.60	9.1050213260E-01
0.70	1.0268042265E+00
0.80	1.1284514643E+00
0.90	1.2145090244E+00
1.00	1.2844085062E+00
1.11	1.3379442864E+00
1.21	1.3752544891E+00
1.31	1.3967953959E+00
1.41	1.4033068345E+00
1.51	1.3957725761E+00
1.61	1.3753762250E+00
1.71	1.3434541317E+00
1.81	1.3014502237E+00
1.91	1.2508700031E+00
2.01	1.1932394418E+00
2.11	1.1300659550E+00
2.21	1.0628051656E+00
2.31	9.9283268518E-01
2.41	9.2142073685E-01
2.51	8.4972174567E-01
2.61	7.7875531943E-01
2.71	7.0940271389E-01
2.81	6.4240335913E-01
2.91	5.7835798217E-01
3.02	5.1773287793E-01
3.12	4.6086897565E-01
3.22	4.0799147515E-01
3.32	3.5922219966E-01
3.42	3.1459210100E-01
3.52	2.7405461882E-01
3.62	2.3749885933E-01
3.72	2.0476221674E-01
3.82	1.7564257272E-01
3.92	1.4990904037E-01
4.02	1.2731214111E-01
4.12	1.0759211591E-01
4.22	9.0486593762E-02
4.32	7.5736399389E-02
4.42	6.3090677773E-02
4.52	5.2310453909E-02
4.62	4.3171503336E-02
4.72	3.5466087995E-02
4.83	2.9004048899E-02
4.93	2.3613193380E-02
5.03	1.9139141935E-02
5.13	1.5444816063E-02
5.23	1.2409531853E-02
5.33	9.9279678920E-03
5.43	7.9089024808E-03
5.53	6.2739548909E-03
5.63	4.9562464187E-03
5.73	3.8991233541E-03
5.83	3.0549112511E-03
5.93	2.3837526778E-03
6.03	1.8525371572E-03
6.13	1.4339231152E-03
6.23	1.1054686865E-03
6.33	8.4885789222E-04
6.43	6.4922496648E-04
6.53	4.9457191989E-04
6.63	3.7526315662E-04
6.74	2.8360426964E-04
6.84	2.1347768946E-04
6.94	1.6004742193E-04
7.04	1.1950574992E-04
7.14	8.8871284880E-05
7.24	6.5818848918E-05
7.34	4.8544371333E-05
7.44	3.5654011639E-05
7.54	2.6075827540E-05
7.64	1.8989246191E-05
7.74	1.3768721614E-05
7.84	9.9397331864E-06
7.94	7.1437535200E-06
8.04	5.1112509006E-06
8.14	3.6404359086E-06
8.24	2.5809710054E-06
8.34	1.8213573045E-06
8.44	1.2792871671E-06
8.54	8.9429962998E-07
8.65	6.2218635558E-07
8.75	4.3078790556E-07
8.85	2.9682158561E-07
8.95	2.0351696694E-07
9.05	1.3885652898E-07
9.15	9.4270788527E-08
9.25	6.3683176681E-08
9.35	4.2804954006E-08
9.45	2.8627286720E-08
9.55	1.9048873047E-08
9.65	1.2611257961E-08
9.75	8.3068436272E-09
9.85	5.4437665607E-09
9.95	3.5492839379E-09
10.05	2.3022687995E-09
10.15	1.4857350165E-09
10.25	9.5387438869E-10
10.35	6.0926399273E-10
10.46	3.8714797623E-10
10.56	2.4474221393E-10
10.66	1.5391918375E-10
10.76	9.6301658511E-11
10.86	5.9940959817E-11
10.96	3.7116568667E-11
11.06	2.2864392890E-11
11.16	1.4012093501E-11
11.26	8.5426836732E-12
11.36	5.1812532056E-12
11.46	3.1262546821E-12
11.56	1.8765552126E-12
11.66	1.1205955877E-12
11.76	6.6570667737E-13
11.86	3.9343141432E-13
11.96	2.3131376197E-13
12.06	1.3529671743E-13
12.16	7.8726373220E-14
12.26	4.5572960528E-14
12.37	2.6244800722E-14
12.47	1.5036040599E-14
12.57	8.5698901609E-15
12.67	4.8592712117E-15
12.77	2.7410780692E-15
12.87	1.5382459459E-15
12.97	8.5879074515E-16
13.07	4.7698344896E-16
13.17	2.6355970099E-16
13.27	1.4488046470E-16
13.37	7.9232329729E-17
13.47	4.3107372419E-17
13.57	2.3332634419E-17
13.67	1.2564193754E-17
13.77	6.7308397325E-18
13.87	3.5872784755E-18
13.97	1.9020635419E-18
14.07	1.0033419427E-18
14.17	5.2654708548E-19
14.28	2.7491106356E-19
14.38	1.4279462724E-19
14.48	7.3790547494E-20
14.58	3.7936295774E-20
14.68	1.9403510274E-20
14.78	9.8735243737E-21
14.88	4.9984645745E-21
14.98	2.5174991392E-21
15.08	1.2614650919E-21
15.18	6.2885668343E-22
15.28	3.1189010518E-22
15.38	1.5389499644E-22
15.48	7.5547657591E-23
15.58	3.6897158064E-23
15.68	1.7928280057E-23
15.78	8.6668631549E-24
15.88	4.1683051684E-24
15.98	1.9945110808E-24
16.09	9.4948595190E-25
16.19	4.4969827515E-25
16.29	2.1189975868E-25
16.39	9.9339251880E-26
16.49	4.6332927070E-26
16.59	2.1500074399E-26
16.69	9.9259187316E-27
16.79	4.5591392356E-27
16.89	2.0834238688E-27
16.99	9.4722651806E-28
17.09	4.2846429306E-28
17.19	1.9282223347E-28
17.29	8.6334772379E-29
17.39	3.8458885787E-29
17.49	1.7044917736E-29
17.59	7.5158229049E-30
17.69	3.2972050344E-30
17.79	1.4391310218E-30
17.89	6.2494618643E-31
18.00	2.7000491758E-31
18.10	1.1606160159E-31
18.20	4.9635689664E-32
18.30	2.1119679340E-32
18.40	8.9406875863E-33
18.50	3.7656709683E-33
18.60	1.5779949092E-33
18.70	6.5789576210E-34
18.80	2.7289863589E-34
18.90	1.1262498787E-34
# 1p 1/2
0.10	1.6560335113E-01
0.20	3.2951495950E-01
0.30	4.8827058161E-01
0.40	6.3944782297E-01
0.50	7.8083883706E-01
0.60	9.1050213260E-01
0.70	1.0268042265E+00
0.80	1.1284514643E+00
0.90	1.2145090244E+00
1.00	1.2844085062E+00
1.11	1.3379442864E+00
1.21	1.3752544891E+00
1.31	1.3967953959E+00
1.41	1.4033068345E+00
1.51	1.3957725761E+00
1.61	1.3753762250E+00
1.71	1.3434541317E+00
1.81	1.3014502237E+00
1.91	1.2508700031E+00
2.01	1.1932394418E+00
2.11	1.1300659550E+00
2.21	1.0628051656E+00
2.31	9.9283268518E-01
2.41	9.2142073685E-01
2.51	8.4972174567E-01
2.61	7.7875531943E-01
2.71	7.0940271389E-01
2.81	6.4240335913E-01
2.91	5.7835798217E-01
3.02	5.1773287793E-01
3.12	4.6086897565E-01
3.22	4.0799147515E-01
3.32	3.5922219966E-01
3.42	3.1459210100E-01
3.52	2.7405461882E-01
3.62	2.3749885933E-01
3.72	2.0476221674E-01
3.82	1.7564257272E-01
3.92	1.4990904037E-01
4.02	1.2731214111E-01
4.12	1.0759211591E-01
4.22	9.0486593762E-02
4.32	7.5736399389E-02
4.42	6.3090677773E-02
4.52	5.2310453909E-02
4.62	4.3171503336E-02
4.72	3.5466087995E-02
4.83	2.9004048899E-02
4.93	2.3613193380E-02
5.03	1.9139141935E-02
5.13	1.5444816063E-02
5.23	1.2409531853E-02
5.33	9.9279678920E-03
5.43	7.9089024808E-03
5.53	6.2739548909E-03
5.63	4.9562464187E-03
5.73	3.8991233541E-03
5.83	3.0549112511E-03
5.93	2.3837526778E-03
6.03	1.8525371572E-03
6.13	1.4339231152E-03
6.23	1.1054686865E-03
6.33	8.4885789222E-04
6.43	6.4922496648E-04
6.53	4.9457191989E-04
6.63	3.7526315662E-04
6.74	2.8360426964E-04
6.84	2.1347768946E-04
6.94	1.6004742193E-04
7.04	1.1950574992E-04
7.14	8.8871284880E-05
7.24	6.5818848918E-05
7.34	4.8544371333E-05
7.44	3.5654011639E-05
7.54	2.6075827540E-05
7.64	1.8989246191E-05
7.74	1.3768721614E-05
7.84	9.9397331864E-06
7.94	7.1437535200E-06
8.04	5.1112509006E-06
8.14	3.6404359086E-06
8.24	2.5809710054E-06
8.34	1.8213573045E-06
8.44	1.2792871671E-06
8.54	8.9429962998E-07
8.65	6.2218635558E-07
8.75	4.3078790556E-07
8.85	2.9682158561E-07
8.95	2.0351696694E-07
9.05	1.3885652898E-07
9.15	9.4270788527E-08
9.25	6.3683176681E-08
9.35	4.2804954006E-08
9.45	2.8627286720E-08
9.55	1.9048873047E-08
9.65	1.2611257961E-08
9.75	8.3068436272E-09
9.85	5.4437665607E-09
9.95	3.5492839379E-09
10.05	2.3022687995E-09
10.15	1.4857350165E-09
10.25	9.5387438869E-10
10.35	6.0926399273E-10
10.46	3.8714797623E-10
10.56	2.4474221393E-10
10.66	1.5391918375E-10
10.76	9.6301658511E-11
10.86	5.9940959817E-11
10.96	3.7116568667E-11
11.06	2.2864392890E-11
11.16	1.4012093501E-11
11.26	8.5426836732E-12
11.36	5.1812532056E-12
11.46	3.1262546821E-12
11.56	1.8765552126E-12
11.66	1.1205955877E-12
11.76	6.6570667737E-13
11.86	3.9343141432E-13
11.96	2.3131376197E-13
12.06	1.3529671743E-13
12.16	7.8726373220E-14
12.26	4.5572960528E-14
12.37	2.6244800722E-14
12.47	1.5036040599E-14
12.57	8.5698901609E-15
12.67	4.8592712117E-15
12.77	2.7410780692E-15
12.87	1.5382459459E-15
12.97	8.5879074515E-16
13.07	4.7698344896E-16
13.17	2.6355970099E-16
13.27	1.4488046470E-16
13.37	7.9232329729E-17
13.47	4.3107372419E-17
13.57	2.3332634419E-17
13.67	1.2564193754E-17
13.77	6.7308397325E-18
13.87	3.5872784755E-18
13.97	1.9020635419E-18
14.07	1.0033419427E-18
14.17	5.2654708548E-19
14.28	2.7491106356E-19
14.38	1.4279462724E-19
14.48	7.3790547494E-20
14.58	3.7936295774E-20
14.68	1.9403510274E-20
14.78	9.8735243737E-21
14.88	4.9984645745E-21
14.98	2.5174991392E-21
15.08	1.2614650919E-21
15.18	6.2885668343E-22
15.28	3.1189010518E-22
15.38	1.5389499644E-22
15.48	7.5547657591E-23
15.58	3.6897158064E-23
15.68	1.7928280057E-23
15.78	8.6668631549E-24
15.88	4.1683051684E-24
15.98	1.9945110808E-24
16.09	9.4948595190E-25
16.19	4.4969827515E-25
16.29	2.1189975868E-25
16.39	9.9339251880E-26
16.49	4.6332927070E-26
16.59	2.1500074399E-26
16.69	9.9259187316E-27
16.79	4.5591392356E-27
16.89	2.0834238688E-27
16.99	9.4722651806E-28
17.09	4.2846429306E-28
17.19	1.9282223347E-28
17.29	8.6334772379E-29
17.39	3.8458885787E-29
17.49	1.7044917736E-29
17.59	7.5158229049E-30
17.69	3.2972050344E-30
17.79	1.4391310218E-30
17.89	6.2494618643E-31
18.00	2.7000491758E-31
18.10	1.1606160159E-31
18.20	4.9635689664E-32
18.30	2.1119679340E-32
18.40	8.9406875863E-33
18.50	3.7656709683E-33
18.60	1.5779949092E-33
18.70	6.5789576210E-34
18.80	2.7289863589E-34
18.90	1.1262498787E-34
