# Scaled density constraint
# r(fm)	g(r)	Err(%)
0.1	1	1.9851e-06
0.222	1	9.2092e-06
0.344	1	2.1828e-05
0.466	1	3.9681e-05
0.588	1	6.2577e-05
0.71	1	9.0303e-05
0.832	1	0.00012265
0.954	1	0.00015944
1.076	1	0.00020055
1.198	1	0.00024591
1.32	1	0.00029554
1.442	1	0.00034951
1.564	1	0.0004079
1.686	1	0.00047079
1.808	1	0.00053818
1.93	1	0.00060991
2.052	1	0.00068563
2.174	1	0.00076472
2.296	1	0.00084626
2.418	1	0.00092899
2.54	1	0.0010113
2.662	1	0.0010913
2.784	1	0.0011668
2.906	1	0.0012354
3.028	1	0.0012944
3.15	1	0.0013413
3.272	1	0.0013735
3.394	1	0.0013889
3.516	1	0.0013858
3.638	1	0.0013632
3.76	1	0.0013208
3.882	1	0.0012597
4.004	1	0.0011818
4.126	1	0.0010901
4.248	1	0.00098865
4.37	1	0.00088172
4.492	1	0.00077375
4.614	1	0.0006688
4.736	1	0.00057019
4.858	1	0.00048026
4.98	1	0.00040037
5.102	1	0.00033096
5.224	1	0.00027178
5.346	1	0.00022209
5.468	1	0.00018091
5.59	1	0.0001471
5.712	1	0.0001196
5.834	1	9.7381e-05
5.956	1	7.9554e-05
6.078	1	6.5354e-05
6.2	1	5.4141e-05
6.322	1	4.5391e-05
6.444	1	3.8679e-05
6.566	1	3.3666e-05
6.688	1	3.0083e-05
6.81	1	2.7722e-05
6.932	1	2.6421e-05
7.054	1	2.6055e-05
7.176	1	2.6532e-05
7.298	1	2.7779e-05
7.42	1	2.9747e-05
7.542	1	3.2395e-05
7.664	1	3.5693e-05
7.786	1	3.9617e-05
7.908	1	4.4146e-05
8.03	1	4.9259e-05
8.152	1	5.4931e-05
8.274	1	6.1136e-05
8.396	1	6.7842e-05
8.518	1	7.5008e-05
8.64	1	8.2588e-05
8.762	1	9.0525e-05
8.884	1	9.8755e-05
9.006	1	0.0001072
9.128	1	0.00011579
9.25	1	0.00012442
9.372	1	0.00013299
9.494	1	0.0001414
9.616	1	0.00014952
9.738	1	0.00015724
9.86	1	0.00016442
9.982	1	0.00017094
10.104	1	0.00017664
10.226	1	0.0001814
10.348	1	0.00018505
10.47	1	0.00018745
10.592	1	0.00018843
10.714	1	0.00018783
10.836	1	0.00018549
10.958	1	0.00018123
11.08	1	0.00017488
11.202	1	0.00016629
11.324	1	0.00015533
11.446	1	0.00014189
11.568	1	0.00012598
11.69	1	0.00010772
11.812	1	8.7441e-05
11.934	1	6.5822e-05
12.056	1	4.4023e-05
12.178	1	2.3947e-05
