# Target density
# r(fm)	n(r) (fm^-3)
0.1	0.07808
0.222	0.077852
0.344	0.077468
0.466	0.076943
0.588	0.076299
0.71	0.075562
0.832	0.074764
0.954	0.073938
1.076	0.073118
1.198	0.072335
1.32	0.071613
1.442	0.07097
1.564	0.070413
1.686	0.069937
1.808	0.069524
1.93	0.069146
2.052	0.068764
2.174	0.068332
2.296	0.067797
2.418	0.067105
2.54	0.066204
2.662	0.065045
2.784	0.063583
2.906	0.061785
3.028	0.059625
3.15	0.057092
3.272	0.054187
3.394	0.050927
3.516	0.047348
3.638	0.043502
3.76	0.039459
3.882	0.035305
4.004	0.031133
4.126	0.027046
4.248	0.023139
4.37	0.0195
4.492	0.016194
4.614	0.013266
4.736	0.010734
4.858	0.0085908
4.98	0.006813
5.102	0.0053631
5.224	0.0041975
5.346	0.0032713
5.468	0.0025421
5.59	0.0019719
5.712	0.0015282
5.834	0.0011842
5.956	0.00091803
6.078	0.00071229
6.2	0.00055331
6.322	0.00043042
6.444	0.00033535
6.566	0.00026173
6.688	0.00020463
6.81	0.00016027
6.932	0.00012576
7.054	9.8857e-05
7.176	7.785e-05
7.298	6.1416e-05
7.42	4.8535e-05
7.542	3.8421e-05
7.664	3.0465e-05
7.786	2.4196e-05
7.908	1.9247e-05
8.03	1.5334e-05
8.152	1.2234e-05
8.274	9.7753e-06
8.396	7.8216e-06
8.518	6.2667e-06
8.64	5.0276e-06
8.762	4.0386e-06
8.884	3.2482e-06
9.006	2.6156e-06
9.128	2.1086e-06
9.25	1.7018e-06
9.372	1.375e-06
9.494	1.1121e-06
9.616	9.0043e-07
9.738	7.2975e-07
9.86	5.92e-07
9.982	4.807e-07
10.104	3.9067e-07
10.226	3.1779e-07
10.348	2.5873e-07
10.47	2.1081e-07
10.592	1.7191e-07
10.714	1.403e-07
10.836	1.1459e-07
10.958	9.366e-08
11.08	7.6608e-08
11.202	6.2705e-08
11.324	5.136e-08
11.446	4.2096e-08
11.568	3.4525e-08
11.69	2.8334e-08
11.812	2.3267e-08
11.934	1.9118e-08
12.056	1.5718e-08
12.178	1.293e-08
