# 1s 1/2
0.10	8.8389229074E-02
0.20	1.7590594003E-01
0.30	2.6080869081E-01
0.40	3.4186818604E-01
0.50	4.1794935705E-01
0.60	4.8803772885E-01
0.70	5.5126170527E-01
0.80	6.0691009632E-01
0.90	6.5444441514E-01
1.00	6.9350569026E-01
1.11	7.2391576194E-01
1.21	7.4567324699E-01
1.31	7.5894455558E-01
1.41	7.6405051663E-01
1.51	7.6144930824E-01
1.61	7.5171649180E-01
1.71	7.3552300958E-01
1.81	7.1361202593E-01
1.91	6.8677547295E-01
2.01	6.5583110709E-01
2.11	6.2160079786E-01
2.21	5.8489066152E-01
2.31	5.4647352720E-01
2.41	5.0707408851E-01
2.51	4.6735695759E-01
2.61	4.2791770654E-01
2.71	3.8927686019E-01
2.81	3.5187669770E-01
2.91	3.1608063208E-01
3.01	2.8217486915E-01
3.12	2.5037199996E-01
3.22	2.2081615420E-01
3.32	1.9358933473E-01
3.42	1.6871856210E-01
3.52	1.4618348160E-01
3.62	1.2592411940E-01
3.72	1.0784851651E-01
3.82	9.1840015905E-02
3.92	7.7764026878E-02
4.02	6.5474138376E-02
4.12	5.4817498515E-02
4.22	4.5639418099E-02
4.32	3.7787191507E-02
4.42	3.1113157687E-02
4.52	2.5477047051E-02
4.62	2.0747677055E-02
4.72	1.6804070376E-02
4.82	1.3536075675E-02
4.92	1.0844572534E-02
5.02	8.6413402394E-03
5.13	6.8486653169E-03
5.23	5.3987560429E-03
5.33	4.2330241752E-03
5.43	3.3012855264E-03
5.53	2.5609222721E-03
5.63	1.9760414335E-03
5.73	1.5166561164E-03
5.83	1.1579090260E-03
5.93	8.7935163232E-04
6.03	6.6428717340E-04
6.13	4.9918145633E-04
6.23	3.7314208148E-04
6.33	2.7746420359E-04
6.43	2.0523914604E-04
6.53	1.5102099816E-04
6.63	1.1054563855E-04
6.73	8.0496337438E-05
6.83	5.8310103902E-05
6.93	4.2019175139E-05
7.03	3.0122426032E-05
7.14	2.1481948731E-05
7.24	1.5240569306E-05
7.34	1.0756596247E-05
7.44	7.5526087613E-06
7.54	5.2755742570E-06
7.64	3.6660233444E-06
7.74	2.5344017772E-06
7.84	1.7430602394E-06
7.94	1.1926359293E-06
8.04	8.1182746121E-07
8.14	5.4977080475E-07
8.24	3.7039350319E-07
8.34	2.4826208862E-07
8.44	1.6554815833E-07
8.54	1.0982638779E-07
8.64	7.2486792547E-08
8.74	4.7597297413E-08
8.84	3.1094120339E-08
8.94	2.0209153520E-08
9.04	1.3067517541E-08
9.15	8.4064840451E-09
9.25	5.3803830921E-09
9.35	3.4260259216E-09
9.45	2.1704402107E-09
9.55	1.3679990915E-09
9.65	8.5783867196E-10
9.75	5.3519033189E-10
9.85	3.3219622435E-10
9.95	2.0514732394E-10
10.05	1.2604414039E-10
10.15	7.7048819288E-11
10.25	4.6859396768E-11
10.35	2.8354083145E-11
10.45	1.7069607686E-11
10.55	1.0224010122E-11
10.65	6.0926967552E-12
10.75	3.6123444598E-12
10.85	2.1308887179E-12
10.95	1.2506192332E-12
11.06	7.3026895211E-13
11.16	4.2426248528E-13
11.26	2.4523425427E-13
11.36	1.4103372126E-13
11.46	8.0697622659E-14
11.56	4.5940429685E-14
11.66	2.6021149665E-14
11.76	1.4664105881E-14
11.86	8.2221032034E-15
11.96	4.5867917648E-15
12.06	2.5458593751E-15
12.16	1.4059167124E-15
12.26	7.7247612969E-16
12.36	4.2229050765E-16
12.46	2.2968827160E-16
12.56	1.2429911326E-16
12.66	6.6926698491E-17
12.76	3.5853649869E-17
12.86	1.9110426238E-17
12.96	1.0134698252E-17
13.07	5.3475533934E-18
13.17	2.8073961132E-18
13.27	1.4664150455E-18
13.37	7.6210559893E-19
13.47	3.9407492445E-19
13.57	2.0274409736E-19
13.67	1.0378241293E-19
13.77	5.2857398459E-20
13.87	2.6785183244E-20
13.97	1.3504876314E-20
14.07	6.7747625575E-21
14.17	3.3814684893E-21
14.27	1.6792862137E-21
14.37	8.2976004531E-22
14.47	4.0793318254E-22
14.57	1.9954211035E-22
14.67	9.7115687480E-23
14.77	4.7027706523E-23
14.87	2.2658338918E-23
14.97	1.0862066753E-23
15.08	5.1809244713E-24
15.18	2.4587405831E-24
15.28	1.1609915739E-24
15.38	5.4545205899E-25
15.48	2.5497377131E-25
15.58	1.1858945534E-25
15.68	5.4879294727E-26
15.78	2.5268710497E-26
15.88	1.1576305408E-26
15.98	5.2767853998E-27
16.08	2.3932147297E-27
16.18	1.0799580710E-27
16.28	4.8489234109E-28
16.38	2.1661930757E-28
16.48	9.6285882090E-29
16.58	4.2583550960E-29
16.68	1.8738513632E-29
16.78	8.2043201907E-30
16.88	3.5740814760E-30
16.98	1.5491763768E-30
17.09	6.6811624968E-31
17.19	2.8669368925E-31
17.29	1.2240505042E-31
17.39	5.1999098968E-32
17.49	2.1978990745E-32
17.59	9.2434753395E-33
17.69	3.8679299849E-33
17.79	1.6104151907E-33
17.89	6.6713420476E-34
17.99	2.7498234297E-34
18.09	1.1277499363E-34
18.19	4.6019020211E-35
18.29	1.8684377176E-35
18.39	7.5480840919E-36
18.49	3.0339737819E-36
18.59	1.2134001577E-36
18.69	4.8285144879E-37
18.79	1.9117910978E-37
18.89	7.5315587720E-38
18.99	2.9522081438E-38
19.10	1.1514017314E-38
19.20	4.4681187799E-39
19.30	1.7252045487E-39
19.40	6.6278802941E-40
19.50	2.5335356287E-40
19.60	9.6360222593E-41
19.70	3.6465914514E-41
19.80	1.3730775843E-41
19.90	5.1442469918E-42
20.00	1.9176415333E-42
# 1p 3/2
0.10	5.0758372798E-03
0.20	2.0254156746E-02
0.30	4.5082861487E-02
0.40	7.8825906001E-02
0.50	1.2049060935E-01
0.60	1.6886397022E-01
0.70	2.2255646489E-01
0.80	2.8005136692E-01
0.90	3.3975742125E-01
1.00	4.0006261262E-01
1.11	4.5938679276E-01
1.21	5.1623106549E-01
1.31	5.6922206333E-01
1.41	6.1714956621E-01
1.51	6.5899629073E-01
1.61	6.9395909460E-01
1.71	7.2146126931E-01
1.81	7.4115601248E-01
1.91	7.5292155642E-01
2.01	7.5684876407E-01
2.11	7.5322227294E-01
2.21	7.4249646244E-01
2.31	7.2526763726E-01
2.41	7.0224385796E-01
2.51	6.7421381660E-01
2.61	6.4201605769E-01
2.71	6.0650969515E-01
2.81	5.6854758722E-01
2.91	5.2895271808E-01
3.01	4.8849831054E-01
3.12	4.4789197211E-01
3.22	4.0776396774E-01
3.32	3.6865952620E-01
3.42	3.3103492952E-01
3.52	2.9525701065E-01
3.62	2.6160559524E-01
3.72	2.3027836833E-01
3.82	2.0139762424E-01
3.92	1.7501836314E-01
4.02	1.5113722761E-01
4.12	1.2970181973E-01
4.22	1.1062000036E-01
4.32	9.3768840416E-02
4.42	7.9002965828E-02
4.52	6.6162108021E-02
4.62	5.5077738102E-02
4.72	4.5578722110E-02
4.82	3.7495985586E-02
4.92	3.0666217276E-02
5.02	2.4934673787E-02
5.13	2.0157169921E-02
5.23	1.6201353837E-02
5.33	1.2947373324E-02
5.43	1.0288040435E-02
5.53	8.1285978190E-03
5.63	6.3861825971E-03
5.73	4.9890736902E-03
5.83	3.8757971155E-03
5.93	2.9941518762E-03
6.03	2.3002072811E-03
6.13	1.7573114216E-03
6.23	1.3351404368E-03
6.33	1.0088093525E-03
6.43	7.5805776918E-04
6.53	5.6651752327E-04
6.63	4.2106458164E-04
6.73	3.1125374127E-04
6.83	2.2883205680E-04
6.93	1.6732514683E-04
7.03	1.2168948127E-04
7.14	8.8023273764E-05
7.24	6.3328558986E-05
7.34	4.5317303698E-05
7.44	3.2254881177E-05
7.54	2.2834848552E-05
7.64	1.6079640438E-05
7.74	1.1262481155E-05
7.84	7.8464868299E-06
7.94	5.4375540292E-06
8.04	3.7481993018E-06
8.14	2.5700169015E-06
8.24	1.7528583782E-06
8.34	1.1892096750E-06
8.44	8.0255330855E-07
8.54	5.3876103788E-07
8.64	3.5977268583E-07
8.74	2.3898612765E-07
8.84	1.5791827009E-07
8.94	1.0380298420E-07
9.04	6.7874646858E-08
9.15	4.4149728143E-08
9.25	2.8567585484E-08
9.35	1.8388502249E-08
9.45	1.1774668640E-08
9.55	7.5003697300E-09
9.65	4.7528088840E-09
9.75	2.9960822075E-09
9.85	1.8788613351E-09
9.95	1.1721285305E-09
10.05	7.2743981494E-10
10.15	4.4911957530E-10
10.25	2.7584918177E-10
10.35	1.6854965805E-10
10.45	1.0245475646E-10
10.55	6.1956377320E-11
10.65	3.7272718600E-11
10.75	2.2307390439E-11
10.85	1.3281910487E-11
10.95	7.8673380239E-12
11.06	4.6360905818E-12
11.16	2.7179044214E-12
11.26	1.5851702030E-12
11.36	9.1976806469E-13
11.46	5.3093661799E-13
11.56	3.0490893202E-13
11.66	1.7420550988E-13
11.76	9.9019112046E-14
11.86	5.5994151382E-14
11.96	3.1501691710E-14
12.06	1.7631680251E-14
12.16	9.8180029542E-15
12.26	5.4390523808E-15
12.36	2.9977465975E-15
12.46	1.6437627552E-15
12.56	8.9671991551E-16
12.66	4.8668600412E-16
12.76	2.6279442079E-16
12.86	1.4117556169E-16
12.96	7.5453579281E-17
13.07	4.0121570564E-17
13.17	2.1225335391E-17
13.27	1.1171475484E-17
13.37	5.8498753914E-18
13.47	3.0476391495E-18
13.57	1.5796542954E-18
13.67	8.1459709348E-19
13.77	4.1793298852E-19
13.87	2.1333107647E-19
13.97	1.0833927914E-19
14.07	5.4739743342E-20
14.17	2.7517261465E-20
14.27	1.3762392164E-20
14.37	6.8480910479E-21
14.47	3.3902568430E-21
14.57	1.6698741557E-21
14.67	8.1832068249E-22
14.77	3.9898127964E-22
14.87	1.9354023727E-22
14.97	9.3407192733E-23
15.08	4.4851833565E-23
15.18	2.1427496608E-23
15.28	1.0184847461E-23
15.38	4.8164824632E-24
15.48	2.2662002763E-24
15.58	1.0608645171E-24
15.68	4.9410057717E-25
15.78	2.2896287126E-25
15.88	1.0556245489E-25
15.98	4.8422706733E-26
16.08	2.2099591240E-26
16.18	1.0034955394E-26
16.28	4.5335989445E-27
16.38	2.0378283972E-27
16.48	9.1135878704E-28
16.58	4.0551677305E-28
16.68	1.7952556871E-28
16.78	7.9075552553E-29
16.88	3.4654287254E-29
16.98	1.5110223495E-29
17.09	6.5551758936E-30
17.19	2.8294219102E-30
17.29	1.2150980581E-30
17.39	5.1918906578E-31
17.49	2.2071948952E-31
17.59	9.3359194483E-32
17.69	3.9289373446E-32
17.79	1.6451103174E-32
17.89	6.8535751752E-33
17.99	2.8408079716E-33
18.09	1.1715731852E-33
18.19	4.8072877276E-34
18.29	1.9626111129E-34
18.39	7.9720887547E-35
18.49	3.2219145405E-35
18.59	1.2955679919E-35
18.69	5.1833553208E-36
18.79	2.0633200677E-36
18.89	8.1719808709E-37
18.99	3.2202787201E-37
19.10	1.2625983690E-37
19.20	4.9254156057E-38
19.30	1.9117305826E-38
19.40	7.3827283458E-39
19.50	2.8367020838E-39
19.60	1.0844697573E-39
19.70	4.1250410750E-40
19.80	1.5611565533E-40
19.90	5.8785770051E-41
20.00	2.2024485305E-41
# 1p 1/2
0.10	5.0758372798E-03
0.20	2.0254156746E-02
0.30	4.5082861487E-02
0.40	7.8825906001E-02
0.50	1.2049060935E-01
0.60	1.6886397022E-01
0.70	2.2255646489E-01
0.80	2.8005136692E-01
0.90	3.3975742125E-01
1.00	4.0006261262E-01
1.11	4.5938679276E-01
1.21	5.1623106549E-01
1.31	5.6922206333E-01
1.41	6.1714956621E-01
1.51	6.5899629073E-01
1.61	6.9395909460E-01
1.71	7.2146126931E-01
1.81	7.4115601248E-01
1.91	7.5292155642E-01
2.01	7.5684876407E-01
2.11	7.5322227294E-01
2.21	7.4249646244E-01
2.31	7.2526763726E-01
2.41	7.0224385796E-01
2.51	6.7421381660E-01
2.61	6.4201605769E-01
2.71	6.0650969515E-01
2.81	5.6854758722E-01
2.91	5.2895271808E-01
3.01	4.8849831054E-01
3.12	4.4789197211E-01
3.22	4.0776396774E-01
3.32	3.6865952620E-01
3.42	3.3103492952E-01
3.52	2.9525701065E-01
3.62	2.6160559524E-01
3.72	2.3027836833E-01
3.82	2.0139762424E-01
3.92	1.7501836314E-01
4.02	1.5113722761E-01
4.12	1.2970181973E-01
4.22	1.1062000036E-01
4.32	9.3768840416E-02
4.42	7.9002965828E-02
4.52	6.6162108021E-02
4.62	5.5077738102E-02
4.72	4.5578722110E-02
4.82	3.7495985586E-02
4.92	3.0666217276E-02
5.02	2.4934673787E-02
5.13	2.0157169921E-02
5.23	1.6201353837E-02
5.33	1.2947373324E-02
5.43	1.0288040435E-02
5.53	8.1285978190E-03
5.63	6.3861825971E-03
5.73	4.9890736902E-03
5.83	3.8757971155E-03
5.93	2.9941518762E-03
6.03	2.3002072811E-03
6.13	1.7573114216E-03
6.23	1.3351404368E-03
6.33	1.0088093525E-03
6.43	7.5805776918E-04
6.53	5.6651752327E-04
6.63	4.2106458164E-04
6.73	3.1125374127E-04
6.83	2.2883205680E-04
6.93	1.6732514683E-04
7.03	1.2168948127E-04
7.14	8.8023273764E-05
7.24	6.3328558986E-05
7.34	4.5317303698E-05
7.44	3.2254881177E-05
7.54	2.2834848552E-05
7.64	1.6079640438E-05
7.74	1.1262481155E-05
7.84	7.8464868299E-06
7.94	5.4375540292E-06
8.04	3.7481993018E-06
8.14	2.5700169015E-06
8.24	1.7528583782E-06
8.34	1.1892096750E-06
8.44	8.0255330855E-07
8.54	5.3876103788E-07
8.64	3.5977268583E-07
8.74	2.3898612765E-07
8.84	1.5791827009E-07
8.94	1.0380298420E-07
9.04	6.7874646858E-08
9.15	4.4149728143E-08
9.25	2.8567585484E-08
9.35	1.8388502249E-08
9.45	1.1774668640E-08
9.55	7.5003697300E-09
9.65	4.7528088840E-09
9.75	2.9960822075E-09
9.85	1.8788613351E-09
9.95	1.1721285305E-09
10.05	7.2743981494E-10
10.15	4.4911957530E-10
10.25	2.7584918177E-10
10.35	1.6854965805E-10
10.45	1.0245475646E-10
10.55	6.1956377320E-11
10.65	3.7272718600E-11
10.75	2.2307390439E-11
10.85	1.3281910487E-11
10.95	7.8673380239E-12
11.06	4.6360905818E-12
11.16	2.7179044214E-12
11.26	1.5851702030E-12
11.36	9.1976806469E-13
11.46	5.3093661799E-13
11.56	3.0490893202E-13
11.66	1.7420550988E-13
11.76	9.9019112046E-14
11.86	5.5994151382E-14
11.96	3.1501691710E-14
12.06	1.7631680251E-14
12.16	9.8180029542E-15
12.26	5.4390523808E-15
12.36	2.9977465975E-15
12.46	1.6437627552E-15
12.56	8.9671991551E-16
12.66	4.8668600412E-16
12.76	2.6279442079E-16
12.86	1.4117556169E-16
12.96	7.5453579281E-17
13.07	4.0121570564E-17
13.17	2.1225335391E-17
13.27	1.1171475484E-17
13.37	5.8498753914E-18
13.47	3.0476391495E-18
13.57	1.5796542954E-18
13.67	8.1459709348E-19
13.77	4.1793298852E-19
13.87	2.1333107647E-19
13.97	1.0833927914E-19
14.07	5.4739743342E-20
14.17	2.7517261465E-20
14.27	1.3762392164E-20
14.37	6.8480910479E-21
14.47	3.3902568430E-21
14.57	1.6698741557E-21
14.67	8.1832068249E-22
14.77	3.9898127964E-22
14.87	1.9354023727E-22
14.97	9.3407192733E-23
15.08	4.4851833565E-23
15.18	2.1427496608E-23
15.28	1.0184847461E-23
15.38	4.8164824632E-24
15.48	2.2662002763E-24
15.58	1.0608645171E-24
15.68	4.9410057717E-25
15.78	2.2896287126E-25
15.88	1.0556245489E-25
15.98	4.8422706733E-26
16.08	2.2099591240E-26
16.18	1.0034955394E-26
16.28	4.5335989445E-27
16.38	2.0378283972E-27
16.48	9.1135878704E-28
16.58	4.0551677305E-28
16.68	1.7952556871E-28
16.78	7.9075552553E-29
16.88	3.4654287254E-29
16.98	1.5110223495E-29
17.09	6.5551758936E-30
17.19	2.8294219102E-30
17.29	1.2150980581E-30
17.39	5.1918906578E-31
17.49	2.2071948952E-31
17.59	9.3359194483E-32
17.69	3.9289373446E-32
17.79	1.6451103174E-32
17.89	6.8535751752E-33
17.99	2.8408079716E-33
18.09	1.1715731852E-33
18.19	4.8072877276E-34
18.29	1.9626111129E-34
18.39	7.9720887547E-35
18.49	3.2219145405E-35
18.59	1.2955679919E-35
18.69	5.1833553208E-36
18.79	2.0633200677E-36
18.89	8.1719808709E-37
18.99	3.2202787201E-37
19.10	1.2625983690E-37
19.20	4.9254156057E-38
19.30	1.9117305826E-38
19.40	7.3827283458E-39
19.50	2.8367020838E-39
19.60	1.0844697573E-39
19.70	4.1250410750E-40
19.80	1.5611565533E-40
19.90	5.8785770051E-41
20.00	2.2024485305E-41
