1.000000000000000056e-01 -1.035092966901779832e+01
2.000000000000000111e-01 -9.187414210835681772e+00
3.000000000000000444e-01 -9.063339302672366316e+00
4.000000000000000222e-01 -9.086679151696973378e+00
5.000000000000000000e-01 -9.136860391259762793e+00
5.999999999999999778e-01 -9.179503906292930893e+00
7.000000000000000666e-01 -9.219770407961444647e+00
8.000000000000000444e-01 -9.247460539418742798e+00
9.000000000000000222e-01 -9.279694707787022878e+00
1.000000000000000000e+00 -9.298506846009214399e+00
1.100000000000000089e+00 -9.310170600120700968e+00
1.200000000000000178e+00 -9.309090116845956331e+00
1.300000000000000266e+00 -9.295879924129177851e+00
1.400000000000000133e+00 -9.274803093910374940e+00
1.500000000000000222e+00 -9.235163611646905579e+00
1.600000000000000089e+00 -9.193702593452181659e+00
1.700000000000000178e+00 -9.137087801446238444e+00
1.800000000000000266e+00 -9.076769627715936650e+00
1.900000000000000133e+00 -9.013329826053780636e+00
2.000000000000000000e+00 -8.943337595711167154e+00
2.100000000000000089e+00 -8.881452447613140677e+00
2.200000000000000178e+00 -8.814973620254308528e+00
2.300000000000000266e+00 -8.762113304679083114e+00
2.400000000000000355e+00 -8.710974132212196963e+00
2.500000000000000444e+00 -8.677220501484407933e+00
2.600000000000000089e+00 -8.648651089966479688e+00
2.700000000000000178e+00 -8.641885339599285842e+00
2.800000000000000266e+00 -8.641462027351908048e+00
2.900000000000000355e+00 -8.665838133056793069e+00
3.000000000000000444e+00 -8.695263797563194785e+00
3.100000000000000089e+00 -8.748657969598525597e+00
3.200000000000000178e+00 -8.806334234153599283e+00
3.300000000000000266e+00 -8.881677979779492915e+00
3.400000000000000355e+00 -8.956889214938849264e+00
3.500000000000000444e+00 -9.043021479167155263e+00
3.600000000000000089e+00 -9.119535123750360128e+00
3.700000000000000178e+00 -9.195469923255643607e+00
3.800000000000000266e+00 -9.252509838435289069e+00
3.900000000000000355e+00 -9.293179156959745058e+00
4.000000000000000000e+00 -9.303531701005629984e+00
4.099999999999999645e+00 -9.280742386206279448e+00
4.200000000000000178e+00 -9.216357076848195717e+00
4.299999999999999822e+00 -9.105753403450943750e+00
4.399999999999999467e+00 -8.937298812505044765e+00
4.500000000000000000e+00 -8.723207514699215182e+00
4.599999999999999645e+00 -8.433016983701648428e+00
4.700000000000000178e+00 -8.106042128451159456e+00
4.799999999999999822e+00 -7.691198821882267112e+00
4.900000000000000355e+00 -7.257833095481160512e+00
5.000000000000000000e+00 -6.727804997168624901e+00
5.099999999999999645e+00 -6.208913584831114996e+00
5.200000000000000178e+00 -5.587147856173165117e+00
5.299999999999999822e+00 -5.009129475362074757e+00
5.400000000000000355e+00 -4.336871571402612702e+00
5.500000000000000000e+00 -3.721708994409162141e+00
5.599999999999999645e+00 -3.043643568329225335e+00
5.700000000000000178e+00 -2.421021167760522452e+00
5.799999999999999822e+00 -1.767784435299047940e+00
5.900000000000000355e+00 -1.167487955618905504e+00
6.000000000000000000e+00 -5.638885443697965183e-01
6.099999999999999645e+00 -5.622459062796307007e-03
6.200000000000000178e+00 5.333747198962522917e-01
6.299999999999999822e+00 1.032417158804288970e+00
6.400000000000000355e+00 1.506035782429994807e+00
6.500000000000000000e+00 1.934665056406954964e+00
6.599999999999999645e+00 2.343786453116889490e+00
6.700000000000000178e+00 2.702567974010976037e+00
6.799999999999999822e+00 3.052145765809260780e+00
6.900000000000000355e+00 3.339961814909108817e+00
7.000000000000000000e+00 3.643481675385850327e+00
7.099999999999999645e+00 3.860871783199068208e+00
7.200000000000000178e+00 4.127881476635535840e+00
7.299999999999999822e+00 4.284066359507645139e+00
7.400000000000000355e+00 4.518308607014191125e+00
7.500000000000000000e+00 4.624897751578429528e+00
7.599999999999999645e+00 4.830596494379355121e+00
7.700000000000000178e+00 4.896014560642969471e+00
7.799999999999999822e+00 5.079362538743833255e+00
7.900000000000000355e+00 5.110716574085898856e+00
8.000000000000000000e+00 5.275746488381442667e+00
8.099999999999999645e+00 5.279938004639451066e+00
8.199999999999999289e+00 5.427580241764123237e+00
8.300000000000000711e+00 5.419520632862027121e+00
8.400000000000000355e+00 5.537106330203907412e+00
8.500000000000000000e+00 5.535066005716096527e+00
8.599999999999999645e+00 5.625811627784089275e+00
8.699999999999999289e+00 5.614363178696012646e+00
8.800000000000000711e+00 5.697719885188655020e+00
8.900000000000000355e+00 5.694156360325554722e+00
9.000000000000000000e+00 5.724064611190502916e+00
9.099999999999999645e+00 5.773429990941967738e+00
9.199999999999999289e+00 5.753546919000789295e+00
9.300000000000000711e+00 5.808600156443165297e+00
9.400000000000000355e+00 5.795366110944927485e+00
9.500000000000000000e+00 5.844801843600328617e+00
9.599999999999999645e+00 5.794661243428170572e+00
9.700000000000001066e+00 5.902299001821369018e+00
9.800000000000000711e+00 5.796033636120109911e+00
9.900000000000000355e+00 5.915793480529774939e+00
1.000000000000000000e+01 5.825891099517518157e+00
1.009999999999999964e+01 5.922877462312502672e+00
1.020000000000000107e+01 5.838528323411612320e+00
1.030000000000000071e+01 5.927666569543433184e+00
1.040000000000000036e+01 5.865518126699418744e+00
1.050000000000000000e+01 5.915439904993016640e+00
1.059999999999999964e+01 5.882767037936077692e+00
1.070000000000000107e+01 5.928839350186859036e+00
1.080000000000000071e+01 5.871494456966352971e+00
1.090000000000000036e+01 5.947430098463033943e+00
1.100000000000000000e+01 5.876442673958877094e+00
1.109999999999999964e+01 5.934842794155443357e+00
1.120000000000000107e+01 5.904875415491519952e+00
1.130000000000000071e+01 5.913348786152329062e+00
1.140000000000000036e+01 5.926975692163039433e+00
1.150000000000000000e+01 5.899269333346324196e+00
1.159999999999999964e+01 5.943312537336397305e+00
1.170000000000000107e+01 5.889185291135969003e+00
1.180000000000000071e+01 5.951770590299056529e+00
1.190000000000000036e+01 5.886016655488508498e+00
1.200000000000000000e+01 5.954864862417316829e+00
1.209999999999999964e+01 5.885768137813118805e+00
1.220000000000000107e+01 5.953104639214877203e+00
1.230000000000000071e+01 5.887447655075884967e+00
1.240000000000000036e+01 5.951225892886713886e+00
1.250000000000000000e+01 5.886178883145917418e+00
1.259999999999999964e+01 5.949117907531236149e+00
1.270000000000000107e+01 5.884265377426138421e+00
1.280000000000000071e+01 5.943779652207336284e+00
1.290000000000000036e+01 5.881706441494597648e+00
1.300000000000000000e+01 5.935686645073744216e+00
1.309999999999999964e+01 5.875994341036640201e+00
1.320000000000000107e+01 5.916311153577506587e+00
1.330000000000000071e+01 5.908619002852594448e+00
1.340000000000000036e+01 5.795625712789259865e+00
1.350000000000000000e+01 6.003904245479176893e+00
1.359999999999999964e+01 5.747126987142880949e+00
1.370000000000000107e+01 5.883635077885760012e+00
1.380000000000000071e+01 5.811824862550944992e+00
1.390000000000000036e+01 5.789200889791892735e+00
1.400000000000000000e+01 5.749653988702593033e+00
1.409999999999999964e+01 5.717685055403868510e+00
1.420000000000000107e+01 5.644375417655278504e+00
1.430000000000000071e+01 5.598874434958961643e+00
1.440000000000000036e+01 5.483150241188393004e+00
1.450000000000000000e+01 5.406332271964992664e+00
1.459999999999999964e+01 5.233373727495191474e+00
1.470000000000000107e+01 5.101330375062326894e+00
1.480000000000000071e+01 4.842415118953861786e+00
1.490000000000000036e+01 4.626341206140374140e+00
1.500000000000000000e+01 4.325288785555129856e+00
1.509999999999999964e+01 4.420004554528881080e+00
1.520000000000000107e+01 1.256187843496343781e+01
