1.000000000000000056e-01 -1.068288402095034684e+01
2.000000000000000111e-01 -9.613470683171717823e+00
3.000000000000000444e-01 -9.539954289630568240e+00
4.000000000000000222e-01 -9.578581002365023522e+00
5.000000000000000000e-01 -9.632780579091473783e+00
5.999999999999999778e-01 -9.682550270611118393e+00
7.000000000000000666e-01 -9.720363376068124950e+00
8.000000000000000444e-01 -9.755938200089540047e+00
9.000000000000000222e-01 -9.785444222168978357e+00
1.000000000000000000e+00 -9.805245025746451404e+00
1.100000000000000089e+00 -9.811629765505026413e+00
1.200000000000000178e+00 -9.805522658536036218e+00
1.300000000000000266e+00 -9.785475509697274532e+00
1.400000000000000133e+00 -9.751383554777346419e+00
1.500000000000000222e+00 -9.706013374047225639e+00
1.600000000000000089e+00 -9.648546564189066643e+00
1.700000000000000178e+00 -9.582880184163839132e+00
1.800000000000000266e+00 -9.511643153130133754e+00
1.900000000000000133e+00 -9.436560564390394035e+00
2.000000000000000000e+00 -9.363626234770572765e+00
2.100000000000000089e+00 -9.291100994212079911e+00
2.200000000000000178e+00 -9.228318287730010283e+00
2.300000000000000266e+00 -9.171012580164159544e+00
2.400000000000000355e+00 -9.130958922884479634e+00
2.500000000000000444e+00 -9.099681884490843586e+00
2.600000000000000089e+00 -9.089806966263886068e+00
2.700000000000000178e+00 -9.090942033274698630e+00
2.800000000000000266e+00 -9.116528676985145907e+00
2.900000000000000355e+00 -9.154972118374026024e+00
3.000000000000000444e+00 -9.213571959398356270e+00
3.100000000000000089e+00 -9.283330745688429531e+00
3.200000000000000178e+00 -9.365940285858933123e+00
3.300000000000000266e+00 -9.458384984423048536e+00
3.400000000000000355e+00 -9.545407957679675093e+00
3.500000000000000444e+00 -9.639832109635046109e+00
3.600000000000000089e+00 -9.708756829461844262e+00
3.700000000000000178e+00 -9.775935017758660805e+00
3.800000000000000266e+00 -9.796903459586214780e+00
3.900000000000000355e+00 -9.802240871589853910e+00
4.000000000000000000e+00 -9.744279752713410403e+00
4.099999999999999645e+00 -9.650782086617621047e+00
4.200000000000000178e+00 -9.484425411878133261e+00
4.299999999999999822e+00 -9.266476619023425343e+00
4.399999999999999467e+00 -8.968333861428510190e+00
4.500000000000000000e+00 -8.613532302838262211e+00
4.599999999999999645e+00 -8.174545555356706572e+00
4.700000000000000178e+00 -7.692844829362178949e+00
4.799999999999999822e+00 -7.117490009562798647e+00
4.900000000000000355e+00 -6.532279137845364403e+00
5.000000000000000000e+00 -5.851103495108401553e+00
5.099999999999999645e+00 -5.194445766037583567e+00
5.200000000000000178e+00 -4.451776646730899678e+00
5.299999999999999822e+00 -3.755328768952030494e+00
5.400000000000000355e+00 -3.001896589486956479e+00
5.500000000000000000e+00 -2.299444885613078249e+00
5.599999999999999645e+00 -1.578135101848182842e+00
5.700000000000000178e+00 -9.014993283482393149e-01
5.799999999999999822e+00 -2.389579857004404950e-01
5.900000000000000355e+00 3.825471119672021469e-01
6.000000000000000000e+00 9.756691184509037607e-01
6.099999999999999645e+00 1.518198246466412105e+00
6.200000000000000178e+00 2.041923114816311280e+00
6.299999999999999822e+00 2.497246520985759499e+00
6.400000000000000355e+00 2.950582112989302619e+00
6.500000000000000000e+00 3.322056441925290926e+00
6.599999999999999645e+00 3.705689910096321871e+00
6.700000000000000178e+00 4.009719568306637782e+00
6.799999999999999822e+00 4.317200914845554571e+00
6.900000000000000355e+00 4.574701374972929280e+00
7.000000000000000000e+00 4.805311869961649052e+00
7.099999999999999645e+00 5.033469734427102438e+00
7.200000000000000178e+00 5.189576451916853905e+00
7.299999999999999822e+00 5.401612738058308771e+00
7.400000000000000355e+00 5.493165875970191792e+00
7.500000000000000000e+00 5.689146490623908647e+00
7.599999999999999645e+00 5.736284120732159764e+00
7.700000000000000178e+00 5.906865164313991556e+00
7.799999999999999822e+00 5.935333760826819294e+00
7.900000000000000355e+00 6.067964334256329195e+00
8.000000000000000000e+00 6.097837655724356765e+00
8.099999999999999645e+00 6.185089072552874434e+00
8.199999999999999289e+00 6.230817791917429460e+00
8.300000000000000711e+00 6.269604596485115700e+00
8.400000000000000355e+00 6.338450591178996341e+00
8.500000000000000000e+00 6.332237475563566420e+00
8.599999999999999645e+00 6.420525972312129959e+00
8.699999999999999289e+00 6.383565522284531113e+00
8.800000000000000711e+00 6.478991989710946697e+00
8.900000000000000355e+00 6.429176663752979692e+00
9.000000000000000000e+00 6.515830915627646824e+00
9.099999999999999645e+00 6.474093891691258484e+00
9.199999999999999289e+00 6.535877617777916981e+00
9.300000000000000711e+00 6.515464346622090730e+00
9.400000000000000355e+00 6.544195127207981244e+00
9.500000000000000000e+00 6.553624300712619366e+00
9.599999999999999645e+00 6.545581808347408881e+00
9.700000000000001066e+00 6.585334673092548385e+00
9.800000000000000711e+00 6.546549159321475742e+00
9.900000000000000355e+00 6.608182007156274018e+00
1.000000000000000000e+01 6.550348155821641427e+00
1.009999999999999964e+01 6.620289537632546129e+00
1.020000000000000107e+01 6.560734119653184315e+00
1.030000000000000071e+01 6.621884605539831270e+00
1.040000000000000036e+01 6.576733349809629203e+00
1.050000000000000000e+01 6.615519429994594525e+00
1.059999999999999964e+01 6.595248237426428517e+00
1.070000000000000107e+01 6.603969920366752788e+00
1.080000000000000071e+01 6.613474933075364603e+00
1.090000000000000036e+01 6.593126085603724817e+00
1.100000000000000000e+01 6.629060866100140004e+00
1.109999999999999964e+01 6.583298368920400989e+00
1.120000000000000107e+01 6.638044014073150478e+00
1.130000000000000071e+01 6.580010979527489923e+00
1.140000000000000036e+01 6.638923616199787325e+00
1.150000000000000000e+01 6.583470340776936602e+00
1.159999999999999964e+01 6.631521661117402822e+00
1.170000000000000107e+01 6.591525192400875532e+00
1.180000000000000071e+01 6.616881824885306962e+00
1.190000000000000036e+01 6.601146029806911564e+00
1.200000000000000000e+01 6.598473074155043250e+00
1.209999999999999964e+01 6.608326167893659786e+00
1.220000000000000107e+01 6.576446979891001909e+00
1.230000000000000071e+01 6.608123784949371249e+00
1.240000000000000036e+01 6.551880347222050816e+00
1.250000000000000000e+01 6.594894836115162917e+00
1.259999999999999964e+01 6.527450212141389763e+00
1.270000000000000107e+01 6.562895553106464774e+00
1.280000000000000071e+01 6.494170351963306942e+00
1.290000000000000036e+01 6.506893713724958950e+00
1.300000000000000000e+01 6.443024048452047126e+00
1.309999999999999964e+01 6.418662613164536346e+00
1.320000000000000107e+01 6.358543296319331795e+00
1.330000000000000071e+01 6.282615307746567623e+00
1.340000000000000036e+01 6.214514845256963405e+00
1.350000000000000000e+01 6.074728486858330001e+00
1.359999999999999964e+01 5.975572102119029338e+00
1.370000000000000107e+01 5.753692276238496106e+00
1.380000000000000071e+01 5.583032645288861673e+00
1.390000000000000036e+01 5.252731476408826872e+00
1.400000000000000000e+01 4.946968637166189176e+00
1.409999999999999964e+01 4.459891297770965046e+00
1.420000000000000107e+01 3.929618058153742322e+00
1.430000000000000071e+01 3.195577538643090687e+00
1.440000000000000036e+01 2.307917744301860807e+00
1.450000000000000000e+01 1.172211347376915791e+00
1.459999999999999964e+01 -3.068117017967254556e-01
1.470000000000000107e+01 -2.114949319885583101e+00
