1.000000000000000056e-01 -9.587393753223029336e+00
2.000000000000000111e-01 -8.434809680001334797e+00
3.000000000000000444e-01 -8.332579761707121335e+00
4.000000000000000222e-01 -8.350786385190810179e+00
5.000000000000000000e-01 -8.396915856894308305e+00
5.999999999999999778e-01 -8.436822395018566567e+00
7.000000000000000666e-01 -8.480989032692145102e+00
8.000000000000000444e-01 -8.506650465586419685e+00
9.000000000000000222e-01 -8.547506952828930693e+00
1.000000000000000000e+00 -8.558702472229118285e+00
1.100000000000000089e+00 -8.564092270506192150e+00
1.200000000000000178e+00 -8.581598505602123339e+00
1.300000000000000266e+00 -8.560408642281275959e+00
1.400000000000000133e+00 -8.559388050443473617e+00
1.500000000000000222e+00 -8.531635360351367936e+00
1.600000000000000089e+00 -8.510301943864678975e+00
1.700000000000000178e+00 -8.466352817001411069e+00
1.800000000000000266e+00 -8.436633415018301108e+00
1.900000000000000133e+00 -8.351201194256006488e+00
2.000000000000000000e+00 -8.319340126603995245e+00
2.100000000000000089e+00 -8.239398223606325899e+00
2.200000000000000178e+00 -8.197081359799328837e+00
2.300000000000000266e+00 -8.144427990632765457e+00
2.400000000000000355e+00 -8.075513955457548576e+00
2.500000000000000444e+00 -8.040588735154040378e+00
2.600000000000000089e+00 -8.012208658525203475e+00
2.700000000000000178e+00 -8.016655059723122534e+00
2.800000000000000266e+00 -7.980760602626069122e+00
2.900000000000000355e+00 -7.978253448049023255e+00
3.000000000000000444e+00 -8.002000460176260432e+00
3.100000000000000089e+00 -8.009194302821267542e+00
3.200000000000000178e+00 -8.075819618670010414e+00
3.300000000000000266e+00 -8.106661475455032573e+00
3.400000000000000355e+00 -8.196351510888204572e+00
3.500000000000000444e+00 -8.261304579447507734e+00
3.600000000000000089e+00 -8.320675007020577496e+00
3.700000000000000178e+00 -8.408215476813376554e+00
3.800000000000000266e+00 -8.470810285468994394e+00
3.900000000000000355e+00 -8.512594677201501980e+00
4.000000000000000000e+00 -8.572868551382512692e+00
4.099999999999999645e+00 -8.555708670684701644e+00
4.200000000000000178e+00 -8.602527786632107265e+00
4.299999999999999822e+00 -8.565068298834829008e+00
4.399999999999999467e+00 -8.490378193235240900e+00
4.500000000000000000e+00 -8.358635460866169709e+00
4.599999999999999645e+00 -8.203584521437363719e+00
4.700000000000000178e+00 -7.991379177468343364e+00
4.799999999999999822e+00 -7.743189709109414842e+00
4.900000000000000355e+00 -7.436498757784819169e+00
5.000000000000000000e+00 -7.081355040699576442e+00
5.099999999999999645e+00 -6.653151091728077837e+00
5.200000000000000178e+00 -6.207863869220972219e+00
5.299999999999999822e+00 -5.763265791590931997e+00
5.400000000000000355e+00 -5.147639077976032596e+00
5.500000000000000000e+00 -4.687429525399989139e+00
5.599999999999999645e+00 -4.112783420964269965e+00
5.700000000000000178e+00 -3.549549937948426326e+00
5.799999999999999822e+00 -2.947246268859347040e+00
5.900000000000000355e+00 -2.390446976426237491e+00
6.000000000000000000e+00 -1.824080506326417606e+00
6.099999999999999645e+00 -1.252244721225391322e+00
6.200000000000000178e+00 -7.478449146626160449e-01
6.299999999999999822e+00 -2.174986920325439055e-01
6.400000000000000355e+00 2.777924407632154646e-01
6.500000000000000000e+00 7.117583767279006546e-01
6.599999999999999645e+00 1.157790635586577688e+00
6.700000000000000178e+00 1.569963901452058330e+00
6.799999999999999822e+00 1.939544618329849923e+00
6.900000000000000355e+00 2.308150778974939143e+00
7.000000000000000000e+00 2.610370814944587003e+00
7.099999999999999645e+00 2.926840491443289061e+00
7.200000000000000178e+00 3.138121810897226194e+00
7.299999999999999822e+00 3.426686400902825280e+00
7.400000000000000355e+00 3.606181659963891839e+00
7.500000000000000000e+00 3.822022402427128540e+00
7.599999999999999645e+00 3.971694779539623799e+00
7.700000000000000178e+00 4.199003901739704503e+00
7.799999999999999822e+00 4.283458772757628985e+00
7.900000000000000355e+00 4.503912800455075249e+00
8.000000000000000000e+00 4.521198205023030603e+00
8.099999999999999645e+00 4.698211391636240464e+00
8.199999999999999289e+00 4.740057846983114942e+00
8.300000000000000711e+00 4.855784612781756771e+00
8.400000000000000355e+00 4.869315164183748657e+00
8.500000000000000000e+00 5.015341274012846462e+00
8.599999999999999645e+00 4.984789686143466625e+00
8.699999999999999289e+00 5.140215424514365417e+00
8.800000000000000711e+00 5.111119589140544761e+00
8.900000000000000355e+00 5.228767166843812930e+00
9.000000000000000000e+00 5.167629688858430548e+00
9.099999999999999645e+00 5.300276718857990232e+00
9.199999999999999289e+00 5.214890653648784458e+00
9.300000000000000711e+00 5.314621429741599457e+00
9.400000000000000355e+00 5.305937429528181148e+00
9.500000000000000000e+00 5.364256307855683303e+00
9.599999999999999645e+00 5.337141113405932558e+00
9.700000000000001066e+00 5.406326466880737591e+00
9.800000000000000711e+00 5.362350132677358161e+00
9.900000000000000355e+00 5.427969075726051251e+00
1.000000000000000000e+01 5.387754831407606915e+00
1.009999999999999964e+01 5.453412495037484042e+00
1.020000000000000107e+01 5.366048612017820574e+00
1.030000000000000071e+01 5.450029627205210225e+00
1.040000000000000036e+01 5.378107363134857266e+00
1.050000000000000000e+01 5.499782355486644292e+00
1.059999999999999964e+01 5.418358174692293083e+00
1.070000000000000107e+01 5.467416490118502281e+00
1.080000000000000071e+01 5.423565744360312912e+00
1.090000000000000036e+01 5.521376007562194488e+00
1.100000000000000000e+01 5.453602041925044830e+00
1.109999999999999964e+01 5.483019092927754023e+00
1.120000000000000107e+01 5.427236030578736603e+00
1.130000000000000071e+01 5.489744799472427772e+00
1.140000000000000036e+01 5.481060138787372971e+00
1.150000000000000000e+01 5.482527202118026466e+00
1.159999999999999964e+01 5.437480563112329968e+00
1.170000000000000107e+01 5.506659332989952027e+00
1.180000000000000071e+01 5.457117493386988372e+00
1.190000000000000036e+01 5.504274622005373097e+00
1.200000000000000000e+01 5.487400987053188572e+00
1.209999999999999964e+01 5.507677999705159699e+00
1.220000000000000107e+01 5.447700356176941483e+00
1.230000000000000071e+01 5.507429745603838356e+00
1.240000000000000036e+01 5.433756284861817498e+00
1.250000000000000000e+01 5.485517539231538287e+00
1.259999999999999964e+01 5.454436204518277265e+00
1.270000000000000107e+01 5.492545838019959881e+00
1.280000000000000071e+01 5.470713151183101530e+00
1.290000000000000036e+01 5.493244625889987631e+00
1.300000000000000000e+01 5.447391216966586569e+00
1.309999999999999964e+01 5.525492071619932943e+00
1.320000000000000107e+01 5.463091707183370005e+00
1.330000000000000071e+01 5.542163487562905999e+00
1.340000000000000036e+01 5.463253738387168212e+00
1.350000000000000000e+01 5.494406958342240799e+00
1.359999999999999964e+01 5.435836067412218142e+00
1.370000000000000107e+01 5.447272923919090459e+00
1.380000000000000071e+01 5.425519420885956734e+00
1.390000000000000036e+01 5.484286599007586638e+00
1.400000000000000000e+01 5.394032479142662595e+00
1.409999999999999964e+01 5.461651327099026787e+00
1.420000000000000107e+01 5.405160056267993340e+00
1.430000000000000071e+01 5.408878986800664812e+00
1.440000000000000036e+01 5.328971596730408322e+00
1.450000000000000000e+01 5.375270876072708148e+00
1.459999999999999964e+01 5.277875891345325421e+00
1.470000000000000107e+01 5.283493428225451538e+00
1.480000000000000071e+01 5.196067832873473513e+00
1.490000000000000036e+01 5.161750802494597501e+00
1.500000000000000000e+01 4.998574767925235918e+00
1.509999999999999964e+01 4.955430867832399500e+00
1.520000000000000107e+01 4.745887299421443828e+00
1.530000000000000071e+01 4.663438954259609304e+00
1.540000000000000036e+01 4.377345746255546288e+00
1.550000000000000000e+01 4.268934328381511101e+00
1.559999999999999964e+01 5.269239108414954131e+00
1.570000000000000107e+01 1.359445075546626214e+01
