1.000000000000000056e-01 -1.418592902688662960e+01
2.000000000000000111e-01 -1.306490407104660179e+01
3.000000000000000444e-01 -1.308840633393180397e+01
4.000000000000000222e-01 -1.316927303250046144e+01
5.000000000000001110e-01 -1.324509516942889675e+01
6.000000000000000888e-01 -1.330816265495111317e+01
7.000000000000000666e-01 -1.336122018613179208e+01
8.000000000000001554e-01 -1.340372717041250894e+01
9.000000000000001332e-01 -1.342983711142776215e+01
1.000000000000000222e+00 -1.343059485353373717e+01
1.100000000000000311e+00 -1.341084340034642608e+01
1.200000000000000400e+00 -1.336452229901040667e+01
1.300000000000000266e+00 -1.329905804094292954e+01
1.400000000000000355e+00 -1.321194282394121799e+01
1.500000000000000444e+00 -1.311077055306152772e+01
1.600000000000000311e+00 -1.300215106912679452e+01
1.700000000000000400e+00 -1.288728721726665505e+01
1.800000000000000488e+00 -1.277838806074024625e+01
1.900000000000000355e+00 -1.267735788035040656e+01
2.000000000000000444e+00 -1.259166932427855023e+01
2.100000000000000533e+00 -1.252914933240148621e+01
2.200000000000000622e+00 -1.248882588847452624e+01
2.300000000000000711e+00 -1.247888448599479894e+01
2.400000000000000355e+00 -1.250050123564096261e+01
2.500000000000000444e+00 -1.254932226573407839e+01
2.600000000000000533e+00 -1.263194344619724951e+01
2.700000000000000622e+00 -1.273770989125339348e+01
2.800000000000000711e+00 -1.286084431005970785e+01
2.900000000000000799e+00 -1.300344167719007515e+01
3.000000000000000444e+00 -1.313573141982998926e+01
3.100000000000000533e+00 -1.326408417395206030e+01
3.200000000000000622e+00 -1.336489586523603101e+01
3.300000000000000711e+00 -1.341343868385511406e+01
3.400000000000000799e+00 -1.341701312645000677e+01
3.500000000000000888e+00 -1.332756634929789819e+01
3.600000000000000977e+00 -1.315576551298919306e+01
3.700000000000000622e+00 -1.287453056198190460e+01
3.800000000000000711e+00 -1.247762685171558061e+01
3.900000000000000799e+00 -1.196406728403373876e+01
4.000000000000000888e+00 -1.132242637340318581e+01
4.100000000000000533e+00 -1.058487238806330311e+01
4.200000000000000178e+00 -9.713564127186456787e+00
4.300000000000000711e+00 -8.785940570528367743e+00
4.400000000000000355e+00 -7.769320416764124104e+00
4.500000000000000888e+00 -6.691955723640073295e+00
4.600000000000000533e+00 -5.622596679865656810e+00
4.700000000000000178e+00 -4.495283069918236230e+00
4.800000000000000711e+00 -3.418138612994176206e+00
4.900000000000000355e+00 -2.352205856158886554e+00
5.000000000000000888e+00 -1.317273452466392936e+00
5.100000000000000533e+00 -3.595403549672331889e-01
5.200000000000001066e+00 5.641441463964913527e-01
5.300000000000000711e+00 1.400113831126735375e+00
5.400000000000000355e+00 2.189953311296078731e+00
5.500000000000000888e+00 2.887571519841789502e+00
5.600000000000000533e+00 3.535770042048788309e+00
5.700000000000001066e+00 4.122752500054485125e+00
5.800000000000000711e+00 4.611972125795283262e+00
5.900000000000000355e+00 5.106519558740184372e+00
6.000000000000000888e+00 5.487854737676828520e+00
6.100000000000000533e+00 5.846328766700393587e+00
6.200000000000001066e+00 6.190496622940162119e+00
6.300000000000000711e+00 6.417517273061436711e+00
6.400000000000001243e+00 6.700735611098408206e+00
6.500000000000000888e+00 6.899529551873634148e+00
6.600000000000000533e+00 7.053466663670189263e+00
6.700000000000001066e+00 7.264133752396813470e+00
6.800000000000000711e+00 7.351992856043735536e+00
6.900000000000001243e+00 7.491435304873487411e+00
7.000000000000000888e+00 7.614085358797351155e+00
7.100000000000001421e+00 7.649042742137736717e+00
7.200000000000001066e+00 7.782605292361074234e+00
7.300000000000000711e+00 7.819773806960129470e+00
7.400000000000001243e+00 7.862330024016157104e+00
7.500000000000000888e+00 7.958293385598381953e+00
7.600000000000001421e+00 7.944459318418642724e+00
7.700000000000001066e+00 8.016058751988508035e+00
7.800000000000000711e+00 8.052072687125562567e+00
7.900000000000001243e+00 8.034887617062640430e+00
8.000000000000001776e+00 8.114628168778025952e+00
8.100000000000001421e+00 8.096316434935614481e+00
8.200000000000001066e+00 8.114462206868786609e+00
8.300000000000000711e+00 8.164030514035085062e+00
8.400000000000002132e+00 8.122795275134501836e+00
8.500000000000001776e+00 8.176766462617834463e+00
8.600000000000001421e+00 8.178289960905663847e+00
8.700000000000001066e+00 8.154939858012584253e+00
8.800000000000000711e+00 8.212686960906912859e+00
8.900000000000002132e+00 8.175852705417016253e+00
9.000000000000001776e+00 8.194449914934200052e+00
9.100000000000001421e+00 8.221102773959483301e+00
9.200000000000001066e+00 8.176758086415905069e+00
9.300000000000000711e+00 8.226605816491709078e+00
9.400000000000002132e+00 8.210936770271267449e+00
9.500000000000001776e+00 8.195600740895102376e+00
9.600000000000001421e+00 8.239882678503812841e+00
9.700000000000001066e+00 8.196899708609381108e+00
9.800000000000000711e+00 8.222437396238982288e+00
9.900000000000002132e+00 8.233603129284576383e+00
1.000000000000000178e+01 8.195011568123291568e+00
1.010000000000000142e+01 8.242259445801575879e+00
1.020000000000000107e+01 8.215896375634603288e+00
1.030000000000000249e+01 8.211223302695119131e+00
1.040000000000000213e+01 8.244365524353527874e+00
1.050000000000000178e+01 8.200827374152151350e+00
1.060000000000000142e+01 8.232085494786334223e+00
1.070000000000000107e+01 8.230831642830459316e+00
1.080000000000000249e+01 8.199462209262625478e+00
1.090000000000000213e+01 8.242995431846452448e+00
1.100000000000000178e+01 8.208176387291109322e+00
1.110000000000000142e+01 8.212769816555486102e+00
1.120000000000000107e+01 8.232517188302978184e+00
1.130000000000000249e+01 8.189217952219363994e+00
1.140000000000000213e+01 8.219328848575202073e+00
1.150000000000000178e+01 8.203999058070280626e+00
1.160000000000000142e+01 8.174667500410333076e+00
1.170000000000000107e+01 8.202492023627725004e+00
1.180000000000000249e+01 8.152860076444641280e+00
1.190000000000000213e+01 8.149402870050909797e+00
1.200000000000000178e+01 8.139416783892237106e+00
1.210000000000000142e+01 8.069855079505684259e+00
1.220000000000000284e+01 8.082984410097891370e+00
1.230000000000000249e+01 7.930576293565392731e+00
1.240000000000000213e+01 8.050561174415202359e+00
1.250000000000000178e+01 7.666472921247440730e+00
1.260000000000000142e+01 7.880020611374692230e+00
1.270000000000000284e+01 7.447717091461957928e+00
1.280000000000000249e+01 7.368433837577500256e+00
1.290000000000000213e+01 7.152356601087515919e+00
1.300000000000000178e+01 6.580596183775353936e+00
1.310000000000000142e+01 6.815865925420268034e+00
