1.000000000000000056e-01 -1.110952822230589589e+02
2.000000000000000111e-01 -1.099046355581643439e+02
3.000000000000000444e-01 -1.097987586153722646e+02
4.000000000000000222e-01 -1.098174077281641132e+02
5.000000000000000000e-01 -1.098630268191783159e+02
5.999999999999999778e-01 -1.099048428610390573e+02
7.000000000000000666e-01 -1.099440985286457675e+02
8.000000000000000444e-01 -1.099697536222039389e+02
9.000000000000000222e-01 -1.100060496290730612e+02
1.000000000000000000e+00 -1.100166182757283053e+02
1.100000000000000089e+00 -1.100338941420995837e+02
1.200000000000000178e+00 -1.100294831242642175e+02
1.300000000000000266e+00 -1.100299496383499331e+02
1.400000000000000133e+00 -1.100153227699229888e+02
1.500000000000000222e+00 -1.099713848469016000e+02
1.600000000000000089e+00 -1.099316489217866177e+02
1.700000000000000178e+00 -1.098947473760554345e+02
1.800000000000000266e+00 -1.098264000899594919e+02
1.900000000000000133e+00 -1.097655801899440888e+02
2.000000000000000000e+00 -1.097094096885354162e+02
2.100000000000000089e+00 -1.096421213503943051e+02
2.200000000000000178e+00 -1.095717477312161918e+02
2.300000000000000266e+00 -1.095333989812988733e+02
2.400000000000000355e+00 -1.094810845001712352e+02
2.500000000000000444e+00 -1.094337154958292047e+02
2.600000000000000089e+00 -1.094095959391880513e+02
2.700000000000000178e+00 -1.093883426037557314e+02
2.800000000000000266e+00 -1.093904573612892648e+02
2.900000000000000355e+00 -1.094008423183991852e+02
3.000000000000000444e+00 -1.094168514441895184e+02
3.100000000000000089e+00 -1.094640730538576321e+02
3.200000000000000178e+00 -1.095115833517723019e+02
3.300000000000000266e+00 -1.095726832778683075e+02
3.400000000000000355e+00 -1.096428572906032173e+02
3.500000000000000444e+00 -1.097179302545101507e+02
3.600000000000000089e+00 -1.097897951898924163e+02
3.700000000000000178e+00 -1.098779060729609256e+02
3.800000000000000266e+00 -1.099361425579056117e+02
3.900000000000000355e+00 -1.099914407488668502e+02
4.000000000000000000e+00 -1.100220041658216701e+02
4.099999999999999645e+00 -1.100265632640443982e+02
4.200000000000000178e+00 -1.099910098591674199e+02
4.299999999999999822e+00 -1.099251176718306624e+02
4.399999999999999467e+00 -1.098071739019708701e+02
4.500000000000000000e+00 -1.096474120868796120e+02
4.599999999999999645e+00 -1.094438644369949429e+02
4.700000000000000178e+00 -1.091616836049047947e+02
4.799999999999999822e+00 -1.088446530647026975e+02
4.900000000000000355e+00 -1.084503639999467310e+02
5.000000000000000000e+00 -1.080353888692964262e+02
5.099999999999999645e+00 -1.075408122487122853e+02
5.200000000000000178e+00 -1.070557804000077908e+02
5.299999999999999822e+00 -1.064619300820091041e+02
5.400000000000000355e+00 -1.059179326888665287e+02
5.500000000000000000e+00 -1.052934208741454967e+02
5.599999999999999645e+00 -1.047013158639741022e+02
5.700000000000000178e+00 -1.040614260548521770e+02
5.799999999999999822e+00 -1.034741239540461351e+02
5.900000000000000355e+00 -1.028529936317066955e+02
6.000000000000000000e+00 -1.022921480502747329e+02
6.099999999999999645e+00 -1.017131692523562236e+02
6.200000000000000178e+00 -1.011971423279241549e+02
6.299999999999999822e+00 -1.006737159224688298e+02
6.400000000000000355e+00 -1.001888870029971912e+02
6.500000000000000000e+00 -9.973981810302778683e+01
6.599999999999999645e+00 -9.932876943463037378e+01
6.700000000000000178e+00 -9.894055627894398697e+01
6.799999999999999822e+00 -9.857070475714570534e+01
6.900000000000000355e+00 -9.825744233626670621e+01
7.000000000000000000e+00 -9.794150693750631831e+01
7.099999999999999645e+00 -9.768359713051214044e+01
7.200000000000000178e+00 -9.743101484584752825e+01
7.299999999999999822e+00 -9.721629928587391589e+01
7.400000000000000355e+00 -9.701566372386872672e+01
7.500000000000000000e+00 -9.683455848928633714e+01
7.599999999999999645e+00 -9.667583233127759001e+01
7.700000000000000178e+00 -9.652617381442534850e+01
7.799999999999999822e+00 -9.640068187659915111e+01
7.900000000000000355e+00 -9.627686503528923367e+01
8.000000000000000000e+00 -9.618347785497748248e+01
8.099999999999999645e+00 -9.607843157618007979e+01
8.199999999999999289e+00 -9.601484813405708962e+01
8.300000000000000711e+00 -9.592154816741536649e+01
8.400000000000000355e+00 -9.588450984470890148e+01
8.500000000000000000e+00 -9.579686921506169028e+01
8.599999999999999645e+00 -9.577938758975699329e+01
8.699999999999999289e+00 -9.569608799487355100e+01
8.800000000000000711e+00 -9.569638956441325206e+01
8.900000000000000355e+00 -9.562039800852815574e+01
9.000000000000000000e+00 -9.564232261656563594e+01
9.099999999999999645e+00 -9.556262616018223355e+01
9.199999999999999289e+00 -9.558291209860364290e+01
9.300000000000000711e+00 -9.550952212274667374e+01
9.400000000000000355e+00 -9.554257646304110096e+01
9.500000000000000000e+00 -9.547188114831010353e+01
9.599999999999999645e+00 -9.552512360615180853e+01
9.700000000000001066e+00 -9.543501028466489799e+01
9.800000000000000711e+00 -9.549014065895639192e+01
9.900000000000000355e+00 -9.542210145042602676e+01
1.000000000000000000e+01 -9.547320054864732697e+01
1.009999999999999964e+01 -9.539828811768212802e+01
1.020000000000000107e+01 -9.546238569153942422e+01
1.030000000000000071e+01 -9.539222569223332471e+01
1.040000000000000036e+01 -9.545139184627869611e+01
1.050000000000000000e+01 -9.538131103118494991e+01
1.059999999999999964e+01 -9.543602293608654463e+01
1.070000000000000107e+01 -9.537841879162193948e+01
1.080000000000000071e+01 -9.543246623787405269e+01
1.090000000000000036e+01 -9.537648888310282302e+01
1.100000000000000000e+01 -9.542383096682758037e+01
1.109999999999999964e+01 -9.536570659614835677e+01
1.120000000000000107e+01 -9.541961772421794308e+01
1.130000000000000071e+01 -9.536454153339660422e+01
1.140000000000000036e+01 -9.541319100256815489e+01
1.150000000000000000e+01 -9.536530686816898594e+01
1.159999999999999964e+01 -9.540734976462205452e+01
1.170000000000000107e+01 -9.536994810994005434e+01
1.180000000000000071e+01 -9.540576689500601049e+01
1.190000000000000036e+01 -9.537590166943138570e+01
1.200000000000000000e+01 -9.540238060115497376e+01
1.209999999999999964e+01 -9.537892145859029824e+01
1.220000000000000107e+01 -9.538604168385272430e+01
1.230000000000000071e+01 -9.537653716077680599e+01
1.240000000000000036e+01 -9.539535338385266527e+01
1.250000000000000000e+01 -9.538708194392243911e+01
1.259999999999999964e+01 -9.539606857633130232e+01
1.270000000000000107e+01 -9.539534557041989160e+01
1.280000000000000071e+01 -9.539999144175033052e+01
1.290000000000000036e+01 -9.539672752508501219e+01
1.300000000000000000e+01 -9.539916816414779532e+01
1.309999999999999964e+01 -9.541553312148838017e+01
1.320000000000000107e+01 -9.542590676616248402e+01
1.330000000000000071e+01 -9.545332499325594711e+01
1.340000000000000036e+01 -9.543974720898434327e+01
1.350000000000000000e+01 -9.549149335569767061e+01
1.359999999999999964e+01 -9.547589468353635311e+01
1.370000000000000107e+01 -9.554041731434368501e+01
1.380000000000000071e+01 -9.553635290540545100e+01
1.390000000000000036e+01 -9.562648298633978072e+01
1.400000000000000000e+01 -9.563755162293844592e+01
1.409999999999999964e+01 -9.574436967219223504e+01
1.420000000000000107e+01 -9.578880653175966131e+01
1.430000000000000071e+01 -9.593889462410756153e+01
1.440000000000000036e+01 -9.602768294701380114e+01
1.450000000000000000e+01 -9.622946485053810761e+01
1.459999999999999964e+01 -9.639517530212397389e+01
1.470000000000000107e+01 -9.668959083260010345e+01
1.480000000000000071e+01 -9.696553455531780230e+01
1.490000000000000036e+01 -9.740750552632469805e+01
1.500000000000000000e+01 -9.785716315873042959e+01
1.509999999999999964e+01 -9.857781089724416290e+01
1.520000000000000107e+01 2.118341352628031018e+02
1.530000000000000071e+01 -7.740320776045861351e+01
1.540000000000000036e+01 1.546719646440181532e+04
