1.000000000000000056e-01 -1.485148027342225063e+01
2.000000000000000111e-01 -1.369861206786817043e+01
3.000000000000000444e-01 -1.374811759562584612e+01
4.000000000000000222e-01 -1.383726031796726375e+01
5.000000000000000000e-01 -1.391941680417807348e+01
5.999999999999999778e-01 -1.398549909947313630e+01
7.000000000000000666e-01 -1.404301584567222783e+01
8.000000000000000444e-01 -1.408449497075803336e+01
9.000000000000000222e-01 -1.410631312135731363e+01
1.000000000000000000e+00 -1.410258962576896025e+01
1.100000000000000089e+00 -1.406962331446171177e+01
1.200000000000000178e+00 -1.401353687224704458e+01
1.300000000000000266e+00 -1.393017468185895247e+01
1.400000000000000133e+00 -1.382712883067793541e+01
1.500000000000000222e+00 -1.371052524394080585e+01
1.600000000000000089e+00 -1.358298164396975771e+01
1.700000000000000178e+00 -1.346354652532646945e+01
1.800000000000000266e+00 -1.334510082863430469e+01
1.900000000000000133e+00 -1.324497232541628655e+01
2.000000000000000000e+00 -1.316710607428717594e+01
2.100000000000000089e+00 -1.310997787575444207e+01
2.200000000000000178e+00 -1.309320746140701530e+01
2.300000000000000266e+00 -1.310475851334732944e+01
2.400000000000000355e+00 -1.315236503075500885e+01
2.500000000000000444e+00 -1.323687969677307663e+01
2.600000000000000089e+00 -1.335097372610509936e+01
2.700000000000000178e+00 -1.348146672421372827e+01
2.800000000000000266e+00 -1.363460512482028086e+01
2.900000000000000355e+00 -1.379288254867624453e+01
3.000000000000000444e+00 -1.391740318418557187e+01
3.100000000000000089e+00 -1.404183293666668675e+01
3.200000000000000178e+00 -1.408754279173004420e+01
3.300000000000000266e+00 -1.408947838306916545e+01
3.400000000000000355e+00 -1.398520339102876875e+01
3.500000000000000444e+00 -1.377890894580327164e+01
3.600000000000000089e+00 -1.345686300061603724e+01
3.700000000000000178e+00 -1.299225467720149219e+01
3.800000000000000266e+00 -1.240358539274106953e+01
3.900000000000000355e+00 -1.166437438246316205e+01
4.000000000000000000e+00 -1.081423106484046848e+01
4.099999999999999645e+00 -9.837505704148687968e+00
4.200000000000000178e+00 -8.763555673344653130e+00
4.299999999999999822e+00 -7.646804269570306900e+00
4.399999999999999467e+00 -6.442620526152770033e+00
4.500000000000000000e+00 -5.242806181371618024e+00
4.599999999999999645e+00 -4.039465337396844546e+00
4.700000000000000178e+00 -2.823885164932035785e+00
4.799999999999999822e+00 -1.697689814569788069e+00
4.900000000000000355e+00 -5.973766278269473373e-01
5.000000000000000000e+00 4.358881728010111090e-01
5.099999999999999645e+00 1.382292546562824409e+00
5.200000000000000178e+00 2.282276603807091409e+00
5.299999999999999822e+00 3.061704914604435057e+00
5.400000000000000355e+00 3.810530735163826677e+00
5.500000000000000000e+00 4.448113989453323924e+00
5.599999999999999645e+00 5.030441738865597756e+00
5.700000000000000178e+00 5.572332530943675089e+00
5.799999999999999822e+00 5.991950282095249491e+00
5.900000000000000355e+00 6.409534804696118471e+00
6.000000000000000000e+00 6.772707082837239767e+00
6.099999999999999645e+00 7.035203741723384141e+00
6.200000000000000178e+00 7.343040864015203617e+00
6.299999999999999822e+00 7.564622545608755466e+00
6.400000000000000355e+00 7.731540228721512698e+00
6.500000000000000000e+00 7.959887174378081021e+00
6.599999999999999645e+00 8.071986022516751902e+00
6.700000000000000178e+00 8.188542303218913077e+00
6.799999999999999822e+00 8.344515163204778929e+00
6.900000000000000355e+00 8.386319008213421355e+00
7.000000000000000000e+00 8.485668271905080218e+00
7.099999999999999645e+00 8.582355146991538675e+00
7.200000000000000178e+00 8.589145160924664069e+00
7.299999999999999822e+00 8.681029628721164570e+00
7.400000000000000355e+00 8.725839090331430015e+00
7.500000000000000000e+00 8.721603134958819226e+00
7.599999999999999645e+00 8.805684845934917959e+00
7.700000000000000178e+00 8.807760880924693225e+00
7.799999999999999822e+00 8.811625466464382939e+00
7.900000000000000355e+00 8.883870536365643389e+00
8.000000000000000000e+00 8.856590406925612058e+00
8.099999999999999645e+00 8.880569634383476796e+00
8.199999999999999289e+00 8.922134438121172906e+00
8.300000000000000711e+00 8.884184146312499308e+00
8.400000000000000355e+00 8.921710187901989997e+00
8.500000000000000000e+00 8.945038758229658882e+00
8.599999999999999645e+00 8.905856893152085618e+00
8.699999999999999289e+00 8.954870504729152358e+00
8.800000000000000711e+00 8.949833652838774967e+00
8.900000000000000355e+00 8.923535752549655697e+00
9.000000000000000000e+00 8.975019681514707415e+00
9.099999999999999645e+00 8.950328246556241041e+00
9.199999999999999289e+00 8.939818317953088567e+00
9.300000000000000711e+00 8.981353712905185915e+00
9.400000000000000355e+00 8.945165012818273809e+00
9.500000000000000000e+00 8.957327884780507787e+00
9.599999999999999645e+00 8.982861231991446260e+00
9.700000000000001066e+00 8.940986687058623872e+00
9.800000000000000711e+00 8.973194950868860431e+00
9.900000000000000355e+00 8.981480297545187952e+00
1.000000000000000000e+01 8.937315713780684234e+00
1.009999999999999964e+01 8.985538703322950127e+00
1.020000000000000107e+01 8.962137570955819754e+00
1.030000000000000071e+01 8.938219493890128931e+00
1.040000000000000036e+01 8.979073254441672702e+00
1.050000000000000000e+01 8.933943609040683853e+00
1.059999999999999964e+01 9.038049346292075015e+00
1.070000000000000107e+01 8.890899544845346725e+00
1.080000000000000071e+01 8.994471044088035327e+00
1.090000000000000036e+01 8.715529178127329857e+00
1.100000000000000000e+01 9.201895824590588191e+00
1.109999999999999964e+01 8.610899465077302750e+00
1.120000000000000107e+01 8.564031250287955643e+00
1.130000000000000071e+01 8.816054918498799964e+00
1.140000000000000036e+01 8.794711598622590998e+00
1.150000000000000000e+01 8.692671061733683757e+00
1.159999999999999964e+01 8.578020818486894683e+00
1.170000000000000107e+01 8.437287465563944266e+00
1.180000000000000071e+01 8.289611211594218432e+00
1.190000000000000036e+01 8.033208795503448130e+00
1.200000000000000000e+01 7.738832996920321783e+00
1.209999999999999964e+01 7.356330732962891972e+00
1.220000000000000107e+01 6.794163097673923346e+00
1.230000000000000071e+01 6.128812408969950276e+00
1.240000000000000036e+01 5.221419145180109744e+00
1.250000000000000000e+01 3.993722920168357948e+00
1.259999999999999964e+01 2.361341077254720755e+00
1.270000000000000107e+01 4.571122827987133541e-01
