1.000000000000000056e-01 -1.320665747954950220e+01
2.000000000000000111e-01 -1.156338214610264536e+01
3.000000000000000444e-01 -1.150340069325363324e+01
4.000000000000000222e-01 -1.156017454682502077e+01
5.000000000000001110e-01 -1.162681594757796333e+01
6.000000000000000888e-01 -1.168564336303436058e+01
7.000000000000000666e-01 -1.172932644027023485e+01
8.000000000000001554e-01 -1.177854652568847627e+01
9.000000000000001332e-01 -1.180187778903521689e+01
1.000000000000000222e+00 -1.181675156932997872e+01
1.100000000000000311e+00 -1.180176773962372927e+01
1.200000000000000400e+00 -1.178284924114181997e+01
1.300000000000000266e+00 -1.173321902917714610e+01
1.400000000000000355e+00 -1.166385629077787023e+01
1.500000000000000444e+00 -1.158646079575992083e+01
1.600000000000000311e+00 -1.150079795412778694e+01
1.700000000000000400e+00 -1.140652844709049596e+01
1.800000000000000488e+00 -1.130163904045766898e+01
1.900000000000000355e+00 -1.120568851007588407e+01
2.000000000000000444e+00 -1.113215429221889963e+01
2.100000000000000533e+00 -1.105045788819017538e+01
2.200000000000000622e+00 -1.099793376702093184e+01
2.300000000000000711e+00 -1.095892983576286994e+01
2.400000000000000355e+00 -1.094678925087483812e+01
2.500000000000000444e+00 -1.096253615405295001e+01
2.600000000000000533e+00 -1.099987553730648138e+01
2.700000000000000622e+00 -1.106231986129531641e+01
2.800000000000000711e+00 -1.114097026171823046e+01
2.900000000000000799e+00 -1.125077581665189008e+01
3.000000000000000444e+00 -1.136487259985111820e+01
3.100000000000000533e+00 -1.148448750801490270e+01
3.200000000000000622e+00 -1.160160760833146121e+01
3.300000000000000711e+00 -1.169615639004830854e+01
3.400000000000000799e+00 -1.177680255561442380e+01
3.500000000000000888e+00 -1.180055278120234163e+01
3.600000000000000977e+00 -1.177817345524765891e+01
3.700000000000000622e+00 -1.170008396095834158e+01
3.800000000000000711e+00 -1.152360399985363770e+01
3.900000000000000799e+00 -1.127312258978564330e+01
4.000000000000000888e+00 -1.091862659518936773e+01
4.100000000000000533e+00 -1.047220944058548753e+01
4.200000000000000178e+00 -9.919874559874614306e+00
4.300000000000000711e+00 -9.295640395998704619e+00
4.400000000000000355e+00 -8.547120192186278942e+00
4.500000000000000888e+00 -7.763666877864633165e+00
4.600000000000000533e+00 -6.889081936784177351e+00
4.700000000000000178e+00 -5.985953619874898379e+00
4.800000000000000711e+00 -5.057780918459876318e+00
4.900000000000000355e+00 -4.090190152759764608e+00
5.000000000000000888e+00 -3.162933187673127478e+00
5.100000000000000533e+00 -2.205491088750434869e+00
5.200000000000001066e+00 -1.320549838666828402e+00
5.300000000000000711e+00 -4.552545122035212555e-01
5.400000000000000355e+00 3.568851802618394076e-01
5.500000000000000888e+00 1.127563584118681961e+00
5.600000000000000533e+00 1.827508052957642404e+00
5.700000000000001066e+00 2.490420899765379392e+00
5.800000000000000711e+00 3.090351978158698554e+00
5.900000000000000355e+00 3.621669779666346400e+00
6.000000000000000888e+00 4.134789019632885143e+00
6.100000000000000533e+00 4.547313626435533607e+00
6.200000000000001066e+00 4.983720557673921192e+00
6.300000000000000711e+00 5.299264699732542994e+00
6.400000000000001243e+00 5.629768384562470196e+00
6.500000000000000888e+00 5.908055788046808310e+00
6.600000000000000533e+00 6.112889106490831281e+00
6.700000000000001066e+00 6.388660744149213144e+00
6.800000000000000711e+00 6.517227421361229567e+00
6.900000000000001243e+00 6.727102384286141046e+00
7.000000000000000888e+00 6.853121987890681943e+00
7.100000000000001421e+00 6.954832053825317217e+00
7.200000000000001066e+00 7.118059536085840300e+00
7.300000000000000711e+00 7.151143917937257122e+00
7.400000000000001243e+00 7.288370797665833400e+00
7.500000000000000888e+00 7.326668059004976641e+00
7.600000000000001421e+00 7.388922312370384660e+00
7.700000000000001066e+00 7.467411627333354396e+00
7.800000000000000711e+00 7.468331070408772199e+00
7.900000000000001243e+00 7.564566182915090309e+00
8.000000000000001776e+00 7.558305336020755050e+00
8.100000000000001421e+00 7.603609640158847327e+00
8.200000000000001066e+00 7.650339281635197608e+00
8.300000000000000711e+00 7.620564522460052892e+00
8.400000000000002132e+00 7.708390280010371853e+00
8.500000000000001776e+00 7.663922668005121785e+00
8.600000000000001421e+00 7.719050721408132532e+00
8.700000000000001066e+00 7.728942361786676152e+00
8.800000000000000711e+00 7.708279040799372872e+00
8.900000000000002132e+00 7.774652777618981325e+00
9.000000000000001776e+00 7.721442185327350494e+00
9.100000000000001421e+00 7.773068939978622360e+00
9.200000000000001066e+00 7.763364459927561079e+00
9.300000000000000711e+00 7.758517055642699667e+00
9.400000000000002132e+00 7.805271428014380675e+00
9.500000000000001776e+00 7.743860010868401922e+00
9.600000000000001421e+00 7.795473065012106240e+00
9.700000000000001066e+00 7.774823074134278755e+00
9.800000000000000711e+00 7.779004822652923146e+00
9.900000000000002132e+00 7.808077753702376000e+00
1.000000000000000178e+01 7.755997124798553521e+00
1.010000000000000142e+01 7.819923884555275428e+00
1.020000000000000107e+01 7.781469293012971633e+00
1.030000000000000249e+01 7.802153846300799778e+00
1.040000000000000213e+01 7.806175607945776029e+00
1.050000000000000178e+01 7.767713225907646901e+00
1.060000000000000142e+01 7.821076633017852053e+00
1.070000000000000107e+01 7.770817994697413411e+00
1.080000000000000249e+01 7.799501614131137295e+00
1.090000000000000213e+01 7.798375075210580931e+00
1.100000000000000178e+01 7.767731358060915525e+00
1.110000000000000142e+01 7.808567102180369979e+00
1.120000000000000107e+01 7.752928623212023140e+00
1.130000000000000249e+01 7.794477810558565700e+00
1.140000000000000213e+01 7.765220042954860347e+00
1.150000000000000178e+01 7.754555402266010589e+00
1.160000000000000142e+01 7.762463205062411831e+00
1.170000000000000107e+01 7.698275809025488137e+00
1.180000000000000249e+01 7.727170625467118192e+00
1.190000000000000213e+01 7.659795407312282478e+00
1.200000000000000178e+01 7.626309299968436761e+00
1.210000000000000142e+01 7.604013352242494861e+00
1.220000000000000284e+01 7.494000698581467113e+00
1.230000000000000249e+01 7.466227670475602984e+00
1.240000000000000213e+01 7.321759235309308167e+00
1.250000000000000178e+01 7.205902969115884460e+00
1.260000000000000142e+01 7.038222548182573313e+00
1.270000000000000284e+01 6.783042994937752646e+00
1.280000000000000249e+01 6.538291037118939109e+00
1.290000000000000213e+01 6.126123433341837732e+00
1.300000000000000178e+01 5.678870977334051773e+00
1.310000000000000142e+01 5.054588341947646946e+00
1.320000000000000284e+01 4.250810393788674979e+00
1.330000000000000249e+01 3.259328038571966069e+00
1.340000000000000213e+01 1.910316472747124017e+00
1.350000000000000178e+01 -1.627193424753693371e-02
1.360000000000000142e+01 -1.347251845007216176e+00
