1.000000000000000056e-01 -1.092879469512313051e+01
2.000000000000000111e-01 -1.065145811246944163e+01
3.000000000000000444e-01 -1.068583921470436948e+01
4.000000000000000222e-01 -1.080748560511048417e+01
5.000000000000000000e-01 -1.096056849056918203e+01
5.999999999999999778e-01 -1.112463242221980408e+01
7.000000000000000666e-01 -1.130969271917690655e+01
8.000000000000000444e-01 -1.150913992964019350e+01
9.000000000000000222e-01 -1.171609044588402782e+01
1.000000000000000000e+00 -1.192339257987248402e+01
1.100000000000000089e+00 -1.212828578485911102e+01
1.200000000000000178e+00 -1.232480869059958728e+01
1.300000000000000266e+00 -1.250764016182892213e+01
1.400000000000000133e+00 -1.267537053761363630e+01
1.500000000000000222e+00 -1.282364004236378818e+01
1.600000000000000089e+00 -1.295211941926564947e+01
1.700000000000000178e+00 -1.306257779836716537e+01
1.800000000000000266e+00 -1.314941990953946238e+01
1.900000000000000133e+00 -1.322182369278366743e+01
2.000000000000000000e+00 -1.327835027272373836e+01
2.100000000000000089e+00 -1.331622560063173744e+01
2.200000000000000178e+00 -1.334678005647685062e+01
2.300000000000000266e+00 -1.336698932132527595e+01
2.400000000000000355e+00 -1.337387540858797763e+01
2.500000000000000444e+00 -1.337843961806626503e+01
2.600000000000000089e+00 -1.337536974870575612e+01
2.700000000000000178e+00 -1.336313873217019044e+01
2.800000000000000266e+00 -1.334928437646524024e+01
2.900000000000000355e+00 -1.333003638541693725e+01
3.000000000000000444e+00 -1.330524360147659380e+01
3.100000000000000089e+00 -1.328109478192715187e+01
3.200000000000000178e+00 -1.325545790642713051e+01
3.300000000000000266e+00 -1.323212401244717107e+01
3.400000000000000355e+00 -1.321485375387994665e+01
3.500000000000000444e+00 -1.320332312513346018e+01
3.600000000000000089e+00 -1.320429588118216202e+01
3.700000000000000178e+00 -1.321671351743827749e+01
3.800000000000000266e+00 -1.324057806344181110e+01
3.900000000000000355e+00 -1.328095498221090942e+01
4.000000000000000000e+00 -1.333123410853841406e+01
4.099999999999999645e+00 -1.338481336578128378e+01
4.200000000000000178e+00 -1.344541935362074447e+01
4.299999999999999822e+00 -1.349488339553556493e+01
4.399999999999999467e+00 -1.351905462133128211e+01
4.500000000000000000e+00 -1.352011951827310909e+01
4.599999999999999645e+00 -1.346473415701611920e+01
4.700000000000000178e+00 -1.334130039854241012e+01
4.799999999999999822e+00 -1.314388439569508371e+01
4.900000000000000355e+00 -1.284052118318303037e+01
5.000000000000000000e+00 -1.242740471902233423e+01
5.099999999999999645e+00 -1.189749558971781518e+01
5.200000000000000178e+00 -1.123415831987056634e+01
5.299999999999999822e+00 -1.045728520074644941e+01
5.400000000000000355e+00 -9.553492652688030162e+00
5.500000000000000000e+00 -8.542119945087637944e+00
5.599999999999999645e+00 -7.460392115053317674e+00
5.700000000000000178e+00 -6.286732914257188831e+00
5.799999999999999822e+00 -5.076717767452481489e+00
5.900000000000000355e+00 -3.860823788447892202e+00
6.000000000000000000e+00 -2.617170093549780585e+00
6.099999999999999645e+00 -1.410777146502596002e+00
6.200000000000000178e+00 -2.505307471664304231e-01
6.299999999999999822e+00 8.767091747708499749e-01
6.400000000000000355e+00 1.922939452185254305e+00
6.500000000000000000e+00 2.902673228668814609e+00
6.599999999999999645e+00 3.809674992914722669e+00
6.700000000000000178e+00 4.627833069394003296e+00
6.799999999999999822e+00 5.384954805089784635e+00
6.900000000000000355e+00 6.054665020711261114e+00
7.000000000000000000e+00 6.645485879495982573e+00
7.099999999999999645e+00 7.199575274664662849e+00
7.200000000000000178e+00 7.661409686724014456e+00
7.299999999999999822e+00 8.065965576754335231e+00
7.400000000000000355e+00 8.456901687374017484e+00
7.500000000000000000e+00 8.760993405869992756e+00
7.599999999999999645e+00 9.025789082040997613e+00
7.700000000000000178e+00 9.297564534951462178e+00
7.799999999999999822e+00 9.491062822847666780e+00
7.900000000000000355e+00 9.656331805354685827e+00
8.000000000000000000e+00 9.847529930240680685e+00
8.099999999999999645e+00 9.964586857699154976e+00
8.199999999999999289e+00 1.006532133322811795e+01
8.300000000000000711e+00 1.019949457765814849e+01
8.400000000000000355e+00 1.027027078160517526e+01
8.500000000000000000e+00 1.032536258908801052e+01
8.599999999999999645e+00 1.042469526372149424e+01
8.699999999999999289e+00 1.046398834620727847e+01
8.800000000000000711e+00 1.049177952093446820e+01
8.900000000000000355e+00 1.056583178530053857e+01
9.000000000000000000e+00 1.058812921956303654e+01
9.099999999999999645e+00 1.059624563898408667e+01
9.199999999999999289e+00 1.065538084467784508e+01
9.300000000000000711e+00 1.066645104717226289e+01
9.400000000000000355e+00 1.066237414309507336e+01
9.500000000000000000e+00 1.071195198900497836e+01
9.599999999999999645e+00 1.071536633526795157e+01
9.700000000000001066e+00 1.070531310167622330e+01
9.800000000000000711e+00 1.074626101437482539e+01
9.900000000000000355e+00 1.074721493709301967e+01
1.000000000000000000e+01 1.073228827342056313e+01
1.009999999999999964e+01 1.076735697597653107e+01
1.020000000000000107e+01 1.076809715416229984e+01
1.030000000000000071e+01 1.074871804647928109e+01
1.040000000000000036e+01 1.078090926237506331e+01
1.050000000000000000e+01 1.078104371832456110e+01
1.059999999999999964e+01 1.075915008836071785e+01
1.070000000000000107e+01 1.078956359810856647e+01
1.080000000000000071e+01 1.078793665458569073e+01
1.090000000000000036e+01 1.076736271217095720e+01
1.100000000000000000e+01 1.079266620272570165e+01
1.109999999999999964e+01 1.079324908219410695e+01
1.120000000000000107e+01 1.077121386785512058e+01
1.130000000000000071e+01 1.079401276294209922e+01
1.140000000000000036e+01 1.079534044770087675e+01
1.150000000000000000e+01 1.077235157786526898e+01
1.159999999999999964e+01 1.079266097617089315e+01
1.170000000000000107e+01 1.079408498842584407e+01
1.180000000000000071e+01 1.076978424292475189e+01
1.190000000000000036e+01 1.078700941975430005e+01
1.200000000000000000e+01 1.078705625477561547e+01
1.209999999999999964e+01 1.076061623510849152e+01
1.220000000000000107e+01 1.077231738344690726e+01
1.230000000000000071e+01 1.076852946763649754e+01
1.240000000000000036e+01 1.073628713280275271e+01
1.250000000000000000e+01 1.073723424149171279e+01
1.259999999999999964e+01 1.072391198979598315e+01
1.270000000000000107e+01 1.067728288197648112e+01
1.280000000000000071e+01 1.065620084885775753e+01
1.290000000000000036e+01 1.061828159218520895e+01
1.300000000000000000e+01 1.053576330770000347e+01
1.309999999999999964e+01 1.046757683329979294e+01
1.320000000000000107e+01 1.036775778228284572e+01
1.330000000000000071e+01 1.020270038978250149e+01
1.340000000000000036e+01 1.002324815729339846e+01
1.350000000000000000e+01 9.775411878513370567e+00
1.359999999999999964e+01 9.416509203577760445e+00
1.370000000000000107e+01 8.974048897732533447e+00
1.380000000000000071e+01 8.380079017822998466e+00
1.390000000000000036e+01 7.561194328256288344e+00
1.400000000000000000e+01 6.501508073019353517e+00
1.409999999999999964e+01 5.096665446835898727e+00
1.420000000000000107e+01 3.203867839149924457e+00
1.430000000000000071e+01 7.207115764627974874e-01
1.440000000000000036e+01 -2.562100074112364290e+00
1.450000000000000000e+01 -7.017583414189911828e+00
1.460000000000000142e+01 -1.426395628369051494e+01
