1.000000000000000056e-01 -7.022046454898212176e+01
2.000000000000000111e-01 -7.013894363619419892e+01
3.000000000000000444e-01 -7.013621605352541621e+01
4.000000000000000222e-01 -7.013437445035879136e+01
5.000000000000000000e-01 -7.014232526815804647e+01
5.999999999999999778e-01 -7.016378006613786056e+01
7.000000000000000666e-01 -7.019184808079738502e+01
8.000000000000000444e-01 -7.022431857393338817e+01
9.000000000000000222e-01 -7.024838068453942697e+01
1.000000000000000000e+00 -7.028148137997382605e+01
1.100000000000000089e+00 -7.032347708240848760e+01
1.200000000000000178e+00 -7.035469911871658155e+01
1.300000000000000266e+00 -7.038457417585132703e+01
1.400000000000000133e+00 -7.042660609059950616e+01
1.500000000000000222e+00 -7.048069728218283103e+01
1.600000000000000089e+00 -7.051358301374941107e+01
1.700000000000000178e+00 -7.054902021044810567e+01
1.800000000000000266e+00 -7.061961548854775117e+01
1.900000000000000133e+00 -7.062168775850561531e+01
2.000000000000000000e+00 -7.067308934914916563e+01
2.100000000000000089e+00 -7.071214847313868290e+01
2.200000000000000178e+00 -7.076792237775138972e+01
2.300000000000000266e+00 -7.076881494975106079e+01
2.400000000000000355e+00 -7.083878099432259035e+01
2.500000000000000444e+00 -7.082737198830635350e+01
2.600000000000000089e+00 -7.090059384393089204e+01
2.700000000000000178e+00 -7.089730874551618456e+01
2.800000000000000266e+00 -7.084905240954071814e+01
2.900000000000000355e+00 -7.090868469167101296e+01
3.000000000000000444e+00 -7.095445270026043261e+01
3.100000000000000089e+00 -7.092511256306026723e+01
3.200000000000000178e+00 -7.102008035923488194e+01
3.300000000000000266e+00 -7.107217325669348895e+01
3.400000000000000355e+00 -7.095628295221773385e+01
3.500000000000000444e+00 -7.101513780973320422e+01
3.600000000000000089e+00 -7.099448025839561183e+01
3.700000000000000178e+00 -7.105430945105284479e+01
3.800000000000000266e+00 -7.095545235447079335e+01
3.900000000000000355e+00 -7.106091465455435241e+01
4.000000000000000000e+00 -7.096672316424472626e+01
4.099999999999999645e+00 -7.084940641693063412e+01
4.200000000000000178e+00 -7.103487264098170328e+01
4.299999999999999822e+00 -7.106997197804204802e+01
4.399999999999999467e+00 -7.111779961286809737e+01
4.500000000000000000e+00 -7.110094327541860082e+01
4.599999999999999645e+00 -7.094199260785886452e+01
4.700000000000000178e+00 -7.110528272626757484e+01
4.799999999999999822e+00 -7.097675133167882677e+01
4.900000000000000355e+00 -7.089651526139816440e+01
5.000000000000000000e+00 -7.099615589095773771e+01
5.099999999999999645e+00 -7.082016773209497273e+01
5.200000000000000178e+00 -7.109229197716936710e+01
5.299999999999999822e+00 -7.095708018863911093e+01
5.400000000000000355e+00 -7.083261339354388042e+01
5.500000000000000000e+00 -7.096454032519332600e+01
5.599999999999999645e+00 -7.105991974793339239e+01
5.700000000000000178e+00 -7.109160861043918089e+01
5.799999999999999822e+00 -7.103364695678230589e+01
5.900000000000000355e+00 -7.091785502343759617e+01
6.000000000000000000e+00 -7.105239928261973148e+01
6.099999999999999645e+00 -7.093531264507983281e+01
6.200000000000000178e+00 -7.090725746221967540e+01
6.299999999999999822e+00 -7.089743929786503429e+01
6.400000000000000355e+00 -7.109680845933017679e+01
6.500000000000000000e+00 -7.084220642851710181e+01
6.599999999999999645e+00 -7.093721940649636792e+01
6.700000000000000178e+00 -7.097849990916856200e+01
6.799999999999999822e+00 -7.096909682486815996e+01
6.900000000000000355e+00 -7.095864630239016435e+01
7.000000000000000000e+00 -7.111889223932861626e+01
7.099999999999999645e+00 -7.096566038214842820e+01
7.200000000000000178e+00 -7.117070457692496177e+01
7.299999999999999822e+00 -7.109979936895436481e+01
7.400000000000000355e+00 -7.119678221139488983e+01
7.500000000000000000e+00 -7.107131201334755133e+01
7.599999999999999645e+00 -7.108772042238364008e+01
7.700000000000000178e+00 -7.104496776213797204e+01
7.799999999999999822e+00 -7.099531353025091107e+01
7.900000000000000355e+00 -7.104603755321927849e+01
8.000000000000000000e+00 -7.106183904458629286e+01
8.099999999999999645e+00 -7.091696847059745323e+01
8.199999999999999289e+00 -7.091934397649121991e+01
8.300000000000000711e+00 -7.100747013507361771e+01
8.400000000000000355e+00 -7.078994345419606304e+01
8.500000000000000000e+00 -7.070365797623934156e+01
8.599999999999999645e+00 -7.070541749131886888e+01
8.699999999999999289e+00 -7.050780637159590469e+01
8.800000000000000711e+00 -7.038429956677060773e+01
8.900000000000000355e+00 -7.034619075542796907e+01
9.000000000000000000e+00 -7.022888826261291229e+01
9.099999999999999645e+00 -6.994325829512050063e+01
9.199999999999999289e+00 -6.992060845633618271e+01
9.300000000000000711e+00 -6.980648447777157628e+01
9.400000000000000355e+00 -6.961547973854638371e+01
9.500000000000000000e+00 -6.936068663313962190e+01
9.599999999999999645e+00 -6.894851341816587365e+01
9.700000000000001066e+00 -6.872000281191138527e+01
9.800000000000000711e+00 -6.870238459449453217e+01
9.900000000000000355e+00 -6.842283964123311080e+01
1.000000000000000000e+01 -6.826258900847990674e+01
1.009999999999999964e+01 -6.781911502082220977e+01
1.020000000000000107e+01 -6.770063127358503152e+01
1.030000000000000071e+01 -6.738420465247907032e+01
1.040000000000000036e+01 -6.703892155488190951e+01
1.050000000000000000e+01 -6.695504270476806141e+01
1.059999999999999964e+01 -6.672878423116937086e+01
1.070000000000000107e+01 -6.652542693891614078e+01
1.080000000000000071e+01 -6.619958760262046837e+01
1.090000000000000036e+01 -6.602833456457571515e+01
1.100000000000000000e+01 -6.576858347820594020e+01
1.109999999999999964e+01 -6.563496415164711095e+01
1.120000000000000107e+01 -6.538131736796404425e+01
1.130000000000000071e+01 -6.518701335169365052e+01
1.140000000000000036e+01 -6.517106320707395639e+01
1.150000000000000000e+01 -6.497834179959902201e+01
1.159999999999999964e+01 -6.482947090482632291e+01
1.170000000000000107e+01 -6.468180709798784278e+01
1.180000000000000071e+01 -6.452540711922867445e+01
1.190000000000000036e+01 -6.443420901575950666e+01
1.200000000000000000e+01 -6.421912106300976575e+01
1.209999999999999964e+01 -6.421579896280397293e+01
1.220000000000000107e+01 -6.396687317872784462e+01
1.230000000000000071e+01 -6.399700523934626517e+01
1.240000000000000036e+01 -6.391328201960002531e+01
1.250000000000000000e+01 -6.369399332239521527e+01
1.259999999999999964e+01 -6.379844932553849191e+01
1.270000000000000107e+01 -6.365583600717427970e+01
1.280000000000000071e+01 -6.345813179391012682e+01
1.290000000000000036e+01 -6.353341651633439113e+01
1.300000000000000000e+01 -6.353790432117580878e+01
1.309999999999999964e+01 -6.346755666643404936e+01
1.320000000000000107e+01 -6.347341104354339336e+01
1.330000000000000071e+01 -6.330294701084188347e+01
1.340000000000000036e+01 -6.333995742415257979e+01
1.350000000000000000e+01 -6.320485469120323074e+01
1.359999999999999964e+01 -6.330179196442593792e+01
1.370000000000000107e+01 -6.310137013460711586e+01
1.380000000000000071e+01 -6.312051360792712984e+01
1.390000000000000036e+01 -6.322590821269653816e+01
1.400000000000000000e+01 -6.307563994482745784e+01
1.409999999999999964e+01 -6.326237897369534835e+01
1.420000000000000107e+01 -6.299792165655040321e+01
1.430000000000000071e+01 -6.310166756457101656e+01
1.440000000000000036e+01 -6.302497431689041463e+01
1.450000000000000000e+01 -6.292586606139858674e+01
1.459999999999999964e+01 -6.300878415558484846e+01
1.470000000000000107e+01 -6.293738306671910010e+01
1.480000000000000071e+01 -6.296208215685513920e+01
1.490000000000000036e+01 -6.298930636613890499e+01
1.500000000000000000e+01 -6.302601468741083579e+01
1.509999999999999964e+01 -6.298620719956463176e+01
1.520000000000000107e+01 -6.284341103714312027e+01
1.530000000000000071e+01 -6.293518450729888514e+01
1.540000000000000036e+01 -6.289768343447492072e+01
1.550000000000000000e+01 -6.286079905956308522e+01
1.559999999999999964e+01 -6.270213665676689629e+01
1.570000000000000107e+01 -6.293734622107058385e+01
1.580000000000000071e+01 -6.271671950351106517e+01
1.590000000000000036e+01 -6.288425995170973692e+01
1.600000000000000000e+01 -6.281468060971516110e+01
1.610000000000000142e+01 -6.280988818166434839e+01
1.620000000000000284e+01 -6.290440880971872417e+01
1.630000000000000071e+01 -6.284549987252690073e+01
1.640000000000000213e+01 -6.293431481510013015e+01
1.650000000000000355e+01 -6.285674446619521660e+01
1.660000000000000142e+01 -6.290653661193388757e+01
1.670000000000000284e+01 -6.296430001962358602e+01
1.680000000000000071e+01 -6.276978081492330830e+01
1.690000000000000213e+01 -6.293506732527485781e+01
1.700000000000000355e+01 -6.279036529401612654e+01
1.710000000000000142e+01 -6.280934440195566992e+01
1.720000000000000284e+01 -6.286856692173261507e+01
1.730000000000000071e+01 -6.280325620252727958e+01
1.740000000000000213e+01 -6.275278330548540140e+01
1.750000000000000355e+01 -6.285313432689456903e+01
1.760000000000000142e+01 -6.272560648832314456e+01
1.770000000000000284e+01 -6.289267218197063158e+01
1.780000000000000071e+01 -6.282114024550870113e+01
1.790000000000000213e+01 -6.282126060180397076e+01
1.800000000000000355e+01 -6.276555759885667385e+01
1.810000000000000142e+01 -6.284068429519641796e+01
1.820000000000000284e+01 -6.307795393710345166e+01
1.830000000000000071e+01 -6.283397878530614378e+01
1.840000000000000213e+01 -6.283294804491505658e+01
1.850000000000000355e+01 -6.291379911400312608e+01
1.860000000000000142e+01 -6.274971710484879850e+01
1.870000000000000284e+01 -6.294314260387334059e+01
1.880000000000000071e+01 -6.275347698695573939e+01
1.890000000000000213e+01 -6.283132436326030756e+01
1.900000000000000355e+01 -6.296270999843353877e+01
1.910000000000000142e+01 -6.282263563078380741e+01
1.920000000000000284e+01 -6.262388183813263254e+01
1.930000000000000426e+01 -6.282542393538277281e+01
1.940000000000000213e+01 -6.280049446646579980e+01
1.950000000000000355e+01 -6.290147968119099886e+01
1.960000000000000142e+01 -6.278860553250814291e+01
1.970000000000000284e+01 -6.285621934681626755e+01
1.980000000000000426e+01 -6.277967104891478556e+01
1.990000000000000213e+01 -6.295251187786345781e+01
2.000000000000000355e+01 -6.296605217263757481e+01
2.010000000000000142e+01 -6.280825123285243450e+01
2.020000000000000284e+01 -6.284314604125762571e+01
2.030000000000000426e+01 -6.292370740770883941e+01
2.040000000000000213e+01 -6.279058502631831118e+01
2.050000000000000355e+01 -6.273466492408052630e+01
2.060000000000000142e+01 -6.296287453981402393e+01
2.070000000000000284e+01 -6.290840160349609533e+01
2.080000000000000426e+01 -6.287879727089583071e+01
2.090000000000000213e+01 -6.278332073671968772e+01
2.100000000000000355e+01 -6.288582824200901911e+01
2.110000000000000142e+01 -6.300803359177651686e+01
2.120000000000000284e+01 -6.299484978624033005e+01
2.130000000000000426e+01 -6.296942298600284715e+01
2.140000000000000213e+01 -6.294998651380441146e+01
2.150000000000000355e+01 -6.295634200977215755e+01
2.160000000000000142e+01 -6.305157147608434087e+01
2.170000000000000284e+01 -6.307531662021374785e+01
2.180000000000000426e+01 -6.309227419217637589e+01
2.190000000000000213e+01 -6.315616599612702942e+01
2.200000000000000355e+01 -6.323980375673120591e+01
2.210000000000000142e+01 -6.332324499052150202e+01
2.220000000000000284e+01 -6.339420686094310753e+01
2.230000000000000426e+01 -6.347762290841681221e+01
2.240000000000000213e+01 -6.363352746195466381e+01
2.250000000000000355e+01 -6.375586153629797792e+01
2.260000000000000142e+01 -6.393414381670154967e+01
2.270000000000000284e+01 -6.401642432052732090e+01
2.280000000000000426e+01 -6.430534702959222670e+01
2.290000000000000213e+01 2.549255522031104420e+02
2.300000000000000355e+01 -7.371639339252260470e+01
2.310000000000000142e+01 1.541487858802947449e+04
