# 1s 1/2
0.10	2.7359771531E+00
0.20	2.7146814129E+00
0.30	2.6792549424E+00
0.40	2.6303365469E+00
0.50	2.5687638558E+00
0.60	2.4955493781E+00
0.70	2.4118534770E+00
0.80	2.3189579363E+00
0.90	2.2182315508E+00
1.00	2.1111015366E+00
1.11	1.9990168122E+00
1.21	1.8834141809E+00
1.31	1.7656892731E+00
1.41	1.6471708525E+00
1.51	1.5290992642E+00
1.61	1.4126077433E+00
1.71	1.2987096581E+00
1.81	1.1882894831E+00
1.91	1.0820980228E+00
2.01	9.8075157050E-01
2.11	8.8473381152E-01
2.21	7.9440165312E-01
2.31	7.0999208273E-01
2.41	6.3163240891E-01
2.51	5.5935023476E-01
2.61	4.9308600379E-01
2.71	4.3270436487E-01
2.81	3.7800719060E-01
2.92	3.2874487889E-01
3.02	2.8462846811E-01
3.12	2.4533979525E-01
3.22	2.1054180647E-01
3.32	1.7988689657E-01
3.42	1.5302495862E-01
3.52	1.2960960917E-01
3.62	1.0930388776E-01
3.72	9.1784384590E-02
3.82	7.6744769768E-02
3.92	6.3898062366E-02
4.02	5.2978337772E-02
4.12	4.3741504088E-02
4.22	3.5965614164E-02
4.32	2.9450558192E-02
4.42	2.4017413003E-02
4.52	1.9507439113E-02
4.62	1.5780855063E-02
4.72	1.2715466968E-02
4.83	1.0205181604E-02
4.93	8.1585184980E-03
5.03	6.4970909335E-03
5.13	5.1541715318E-03
5.23	4.0732894634E-03
5.33	3.2069512367E-03
5.43	2.5154340593E-03
5.53	1.9657093736E-03
5.63	1.5304606606E-03
5.73	1.1872191308E-03
5.83	9.1759962867E-04
5.93	7.0663404992E-04
6.03	5.4219923822E-04
6.13	4.1452111212E-04
6.23	3.1576013456E-04
6.33	2.3965450530E-04
6.43	1.8122822759E-04
6.53	1.3654221565E-04
6.63	1.0249380320E-04
6.74	7.6648069973E-05
6.84	5.7103259698E-05
6.94	4.2379455375E-05
7.04	3.1330162145E-05
7.14	2.3070553934E-05
7.24	1.6920587228E-05
7.34	1.2359705628E-05
7.44	8.9909879399E-06
7.54	6.5130704677E-06
7.64	4.6980067387E-06
7.74	3.3741447175E-06
7.84	2.4127219336E-06
7.94	1.7175839523E-06
8.04	1.2172210619E-06
8.14	8.5869058584E-07
8.24	6.0297150483E-07
8.34	4.2143079427E-07
8.44	2.9316101538E-07
8.55	2.0296208499E-07
8.65	1.3984195821E-07
8.75	9.5885761652E-08
8.85	6.5426488749E-08
8.95	4.4424056517E-08
9.05	3.0015098870E-08
9.15	2.0179148539E-08
9.25	1.3498997441E-08
9.35	8.9850974306E-09
9.45	5.9506210461E-09
9.55	3.9211147859E-09
9.65	2.5707570262E-09
9.75	1.6769064216E-09
9.85	1.0883026138E-09
9.95	7.0271333014E-10
10.05	4.5143058018E-10
10.15	2.8852605633E-10
10.25	1.8346640945E-10
10.35	1.1606593021E-10
10.46	7.3050844535E-11
10.56	4.5742424779E-11
10.66	2.8495849089E-11
10.76	1.7661001582E-11
10.86	1.0889673158E-11
10.96	6.6801208704E-12
11.06	4.0767851657E-12
11.16	2.4752583242E-12
11.26	1.4951552168E-12
11.36	8.9850579244E-13
11.46	5.3717797422E-13
11.56	3.1950987854E-13
11.66	1.8906594709E-13
11.76	1.1130411276E-13
11.86	6.5188758309E-14
11.96	3.7984226418E-14
12.06	2.2019045095E-14
12.16	1.2698810716E-14
12.27	7.2860729198E-15
12.37	4.1590459216E-15
12.47	2.3618987218E-15
12.57	1.3344398187E-15
12.67	7.5007664594E-16
12.77	4.1945265448E-16
12.87	2.3336236722E-16
12.97	1.2916650074E-16
13.07	7.1128098699E-17
13.17	3.8967658568E-17
13.27	2.1239353937E-17
13.37	1.1517302464E-17
13.47	6.2134916981E-18
13.57	3.3349850862E-18
13.67	1.7808571308E-18
13.77	9.4610275553E-19
13.87	5.0006445212E-19
13.97	2.6295934305E-19
14.07	1.3757230270E-19
14.18	7.1605988622E-20
14.28	3.7080763526E-20
14.38	1.9104030974E-20
14.48	9.7922708112E-21
14.58	4.9936721062E-21
14.68	2.5336091391E-21
14.78	1.2789061824E-21
14.88	6.4227578977E-22
14.98	3.2091146123E-22
15.08	1.5952670968E-22
15.18	7.8897596677E-23
15.28	3.8822122586E-23
15.38	1.9005458818E-23
15.48	9.2568484486E-24
15.58	4.4857278155E-24
15.68	2.1626634314E-24
15.78	1.0373642896E-24
15.88	4.9506295268E-25
15.98	2.3505918802E-25
16.09	1.1104048058E-25
16.19	5.2188448266E-26
16.29	2.4403676788E-26
16.39	1.1353409731E-26
16.49	5.2551575869E-27
16.59	2.4201176768E-27
16.69	1.1088586858E-27
16.79	5.0548501369E-28
16.89	2.2926089624E-28
16.99	1.0345345776E-28
17.09	4.6446217720E-29
17.19	2.0746740646E-29
17.29	9.2202030310E-30
17.39	4.0768620871E-30
17.49	1.7935086482E-30
17.59	7.8501236030E-31
17.69	3.4185531540E-31
17.79	1.4811678721E-31
17.90	6.3849868203E-32
18.00	2.7384971530E-32
18.10	1.1685824071E-32
18.20	4.9613899701E-33
18.30	2.0957677262E-33
18.40	8.8080600000E-34
18.50	3.6831053972E-34
18.60	1.5323066874E-34
18.70	6.3427121782E-35
18.80	2.6121751949E-35
# 1p 3/2
0.10	1.5711614385E-01
0.20	3.1262456617E-01
0.30	4.6323084340E-01
0.40	6.0663480233E-01
0.50	7.4074112857E-01
0.60	8.6370847470E-01
0.70	9.7398902945E-01
0.80	1.0703589986E+00
0.90	1.1519357866E+00
1.00	1.2181866172E+00
1.11	1.2689220900E+00
1.21	1.3042790261E+00
1.31	1.3246951707E+00
1.41	1.3308765478E+00
1.51	1.3237594989E+00
1.61	1.3044678996E+00
1.71	1.2742697222E+00
1.81	1.2345330553E+00
1.91	1.1866836575E+00
2.01	1.1321653999E+00
2.11	1.0724037427E+00
2.21	1.0087748579E+00
2.31	9.4257813736E-01
2.41	8.7501576131E-01
2.51	8.0717542979E-01
2.61	7.4002040891E-01
2.71	6.7438208272E-01
2.81	6.1095911447E-01
2.92	5.5031824358E-01
3.02	4.9290040646E-01
3.12	4.3902755211E-01
3.22	3.8891325817E-01
3.32	3.4267316377E-01
3.42	3.0033772243E-01
3.52	2.6186405732E-01
3.62	2.2714888053E-01
3.72	1.9604002936E-01
3.82	1.6834811995E-01
3.92	1.4385658611E-01
4.02	1.2233120735E-01
4.12	1.0352802482E-01
4.22	8.7200400427E-02
4.32	7.3104646302E-02
4.42	6.1004675934E-02
4.52	5.0675514724E-02
4.62	4.1905871765E-02
4.72	3.4499894192E-02
4.83	2.8278124071E-02
4.93	2.3077937395E-02
5.03	1.8753377929E-02
5.13	1.5174713878E-02
5.23	1.2227592600E-02
5.33	9.8120874836E-03
5.43	7.8415279388E-03
5.53	6.2413247067E-03
5.63	4.9477270307E-03
5.73	3.9066275010E-03
5.83	3.0724030415E-03
5.93	2.4068233412E-03
6.03	1.8780556282E-03
6.13	1.4597397109E-03
6.23	1.1301823879E-03
6.33	8.7161819809E-04
6.43	6.6958626261E-04
6.53	5.1236750531E-04
6.63	3.9052007299E-04
6.74	2.9646837247E-04
6.84	2.2416750893E-04
6.94	1.6881374702E-04
7.04	1.2660898032E-04
7.14	9.4562874836E-05
7.24	7.0331953097E-05
7.34	5.2087819756E-05
7.44	3.8410039779E-05
7.54	2.8200257958E-05
7.64	2.0612642722E-05
7.74	1.4998964447E-05
7.84	1.0864484050E-05
7.94	7.8334427470E-06
8.04	5.6216968362E-06
8.14	4.0154114675E-06
8.24	2.8544295280E-06
8.34	2.0193583031E-06
8.44	1.4216571115E-06
8.55	9.9596373504E-07
8.65	6.9429805653E-07
8.75	4.8159690467E-07
8.85	3.3238919760E-07
8.95	2.2825438605E-07
9.05	1.5595291240E-07
9.15	1.0601216772E-07
9.25	7.1697020018E-08
9.35	4.8241163490E-08
9.45	3.2292557945E-08
9.55	2.1505310693E-08
9.65	1.4247710407E-08
9.75	9.3906061505E-09
9.85	6.1572821690E-09
9.95	4.0163072986E-09
10.05	2.6061821000E-09
10.15	1.6823657796E-09
10.25	1.0803661571E-09
10.35	6.9017057595E-10
10.46	4.3860467479E-10
10.56	2.7728308043E-10
10.66	1.7438236549E-10
10.76	1.0909740211E-10
10.86	6.7897549981E-11
10.96	4.2036497071E-11
11.06	2.5889663462E-11
11.16	1.5862060157E-11
11.26	9.6676423186E-12
11.36	5.8615946099E-12
11.46	3.5354091629E-12
11.56	2.1212846160E-12
11.66	1.2661591266E-12
11.76	7.5182061681E-13
11.86	4.4409107127E-13
11.96	2.6095627124E-13
12.06	1.5254479034E-13
12.16	8.8708703809E-14
12.27	5.1318188157E-14
12.37	2.9533638351E-14
12.47	1.6908350193E-14
12.57	9.6300254107E-15
12.67	5.4562563166E-15
12.77	3.0754267553E-15
12.87	1.7244859259E-15
12.97	9.6196353196E-16
13.07	5.3383088244E-16
13.17	2.9471000890E-16
13.27	1.6185817760E-16
13.37	8.8434547596E-17
13.47	4.8068458637E-17
13.57	2.5992465040E-17
13.67	1.3982599497E-17
13.77	7.4830548671E-18
13.87	3.9840542860E-18
13.97	2.1102004207E-18
14.07	1.1119351536E-18
14.18	5.8289320657E-19
14.28	3.0398885700E-19
14.38	1.5771820198E-19
14.48	8.1407944060E-20
14.58	4.1803150624E-20
14.68	2.1355688268E-20
14.78	1.0853685417E-20
14.88	5.4878796955E-21
14.98	2.7605328324E-21
15.08	1.3814850550E-21
15.18	6.8780028009E-22
15.28	3.4067839501E-22
15.38	1.6787716140E-22
15.48	8.2301130517E-23
15.58	4.0140856955E-23
15.68	1.9477609517E-23
15.78	9.4027125755E-24
15.88	4.5158532767E-24
15.98	2.1577282948E-24
16.09	1.0257081525E-24
16.19	4.8509058123E-25
16.29	2.2824062616E-25
16.39	1.0684068772E-25
16.49	4.9756799539E-26
16.59	2.3053844520E-26
16.69	1.0626917459E-26
16.79	4.8735772683E-27
16.89	2.2236296217E-27
16.99	1.0093806627E-27
17.09	4.5585069456E-28
17.19	2.0481860978E-28
17.29	9.1557185961E-29
17.39	4.0718868960E-29
17.49	1.8016747138E-29
17.59	7.9311886450E-30
17.69	3.4735920840E-30
17.79	1.5135662521E-30
17.90	6.5615126025E-31
18.00	2.8300190406E-31
18.10	1.2143837682E-31
18.20	5.1844908857E-32
18.30	2.2021088523E-32
18.40	9.3058419119E-33
18.50	3.9125180606E-33
18.60	1.6365974830E-33
18.70	6.8110249243E-34
18.80	2.8201258891E-34
# 1p 1/2
0.10	1.5711614385E-01
0.20	3.1262456617E-01
0.30	4.6323084340E-01
0.40	6.0663480233E-01
0.50	7.4074112857E-01
0.60	8.6370847470E-01
0.70	9.7398902945E-01
0.80	1.0703589986E+00
0.90	1.1519357866E+00
1.00	1.2181866172E+00
1.11	1.2689220900E+00
1.21	1.3042790261E+00
1.31	1.3246951707E+00
1.41	1.3308765478E+00
1.51	1.3237594989E+00
1.61	1.3044678996E+00
1.71	1.2742697222E+00
1.81	1.2345330553E+00
1.91	1.1866836575E+00
2.01	1.1321653999E+00
2.11	1.0724037427E+00
2.21	1.0087748579E+00
2.31	9.4257813736E-01
2.41	8.7501576131E-01
2.51	8.0717542979E-01
2.61	7.4002040891E-01
2.71	6.7438208272E-01
2.81	6.1095911447E-01
2.92	5.5031824358E-01
3.02	4.9290040646E-01
3.12	4.3902755211E-01
3.22	3.8891325817E-01
3.32	3.4267316377E-01
3.42	3.0033772243E-01
3.52	2.6186405732E-01
3.62	2.2714888053E-01
3.72	1.9604002936E-01
3.82	1.6834811995E-01
3.92	1.4385658611E-01
4.02	1.2233120735E-01
4.12	1.0352802482E-01
4.22	8.7200400427E-02
4.32	7.3104646302E-02
4.42	6.1004675934E-02
4.52	5.0675514724E-02
4.62	4.1905871765E-02
4.72	3.4499894192E-02
4.83	2.8278124071E-02
4.93	2.3077937395E-02
5.03	1.8753377929E-02
5.13	1.5174713878E-02
5.23	1.2227592600E-02
5.33	9.8120874836E-03
5.43	7.8415279388E-03
5.53	6.2413247067E-03
5.63	4.9477270307E-03
5.73	3.9066275010E-03
5.83	3.0724030415E-03
5.93	2.4068233412E-03
6.03	1.8780556282E-03
6.13	1.4597397109E-03
6.23	1.1301823879E-03
6.33	8.7161819809E-04
6.43	6.6958626261E-04
6.53	5.1236750531E-04
6.63	3.9052007299E-04
6.74	2.9646837247E-04
6.84	2.2416750893E-04
6.94	1.6881374702E-04
7.04	1.2660898032E-04
7.14	9.4562874836E-05
7.24	7.0331953097E-05
7.34	5.2087819756E-05
7.44	3.8410039779E-05
7.54	2.8200257958E-05
7.64	2.0612642722E-05
7.74	1.4998964447E-05
7.84	1.0864484050E-05
7.94	7.8334427470E-06
8.04	5.6216968362E-06
8.14	4.0154114675E-06
8.24	2.8544295280E-06
8.34	2.0193583031E-06
8.44	1.4216571115E-06
8.55	9.9596373504E-07
8.65	6.9429805653E-07
8.75	4.8159690467E-07
8.85	3.3238919760E-07
8.95	2.2825438605E-07
9.05	1.5595291240E-07
9.15	1.0601216772E-07
9.25	7.1697020018E-08
9.35	4.8241163490E-08
9.45	3.2292557945E-08
9.55	2.1505310693E-08
9.65	1.4247710407E-08
9.75	9.3906061505E-09
9.85	6.1572821690E-09
9.95	4.0163072986E-09
10.05	2.6061821000E-09
10.15	1.6823657796E-09
10.25	1.0803661571E-09
10.35	6.9017057595E-10
10.46	4.3860467479E-10
10.56	2.7728308043E-10
10.66	1.7438236549E-10
10.76	1.0909740211E-10
10.86	6.7897549981E-11
10.96	4.2036497071E-11
11.06	2.5889663462E-11
11.16	1.5862060157E-11
11.26	9.6676423186E-12
11.36	5.8615946099E-12
11.46	3.5354091629E-12
11.56	2.1212846160E-12
11.66	1.2661591266E-12
11.76	7.5182061681E-13
11.86	4.4409107127E-13
11.96	2.6095627124E-13
12.06	1.5254479034E-13
12.16	8.8708703809E-14
12.27	5.1318188157E-14
12.37	2.9533638351E-14
12.47	1.6908350193E-14
12.57	9.6300254107E-15
12.67	5.4562563166E-15
12.77	3.0754267553E-15
12.87	1.7244859259E-15
12.97	9.6196353196E-16
13.07	5.3383088244E-16
13.17	2.9471000890E-16
13.27	1.6185817760E-16
13.37	8.8434547596E-17
13.47	4.8068458637E-17
13.57	2.5992465040E-17
13.67	1.3982599497E-17
13.77	7.4830548671E-18
13.87	3.9840542860E-18
13.97	2.1102004207E-18
14.07	1.1119351536E-18
14.18	5.8289320657E-19
14.28	3.0398885700E-19
14.38	1.5771820198E-19
14.48	8.1407944060E-20
14.58	4.1803150624E-20
14.68	2.1355688268E-20
14.78	1.0853685417E-20
14.88	5.4878796955E-21
14.98	2.7605328324E-21
15.08	1.3814850550E-21
15.18	6.8780028009E-22
15.28	3.4067839501E-22
15.38	1.6787716140E-22
15.48	8.2301130517E-23
15.58	4.0140856955E-23
15.68	1.9477609517E-23
15.78	9.4027125755E-24
15.88	4.5158532767E-24
15.98	2.1577282948E-24
16.09	1.0257081525E-24
16.19	4.8509058123E-25
16.29	2.2824062616E-25
16.39	1.0684068772E-25
16.49	4.9756799539E-26
16.59	2.3053844520E-26
16.69	1.0626917459E-26
16.79	4.8735772683E-27
16.89	2.2236296217E-27
16.99	1.0093806627E-27
17.09	4.5585069456E-28
17.19	2.0481860978E-28
17.29	9.1557185961E-29
17.39	4.0718868960E-29
17.49	1.8016747138E-29
17.59	7.9311886450E-30
17.69	3.4735920840E-30
17.79	1.5135662521E-30
17.90	6.5615126025E-31
18.00	2.8300190406E-31
18.10	1.2143837682E-31
18.20	5.1844908857E-32
18.30	2.2021088523E-32
18.40	9.3058419119E-33
18.50	3.9125180606E-33
18.60	1.6365974830E-33
18.70	6.8110249243E-34
18.80	2.8201258891E-34
