# r(fm)	Density(fm-3)	Target_density	Difference	Relative diff.
0.1	0.0780797	0.078074	-5.64613e-06	-7.23176e-05
0.222	0.0778517	0.0778446	-7.06217e-06	-9.07213e-05
0.344	0.0774682	0.0774676	-5.73488e-07	-7.40293e-06
0.466	0.0769435	0.0769435	-1.01097e-08	-1.31391e-07
0.588	0.0762988	0.0762989	6.33931e-08	8.30852e-07
0.710001	0.0755617	0.0755618	9.52673e-08	1.26079e-06
0.832001	0.0747636	0.0747637	1.27233e-07	1.7018e-06
0.954001	0.073938	0.0739382	1.62957e-07	2.20396e-06
1.076	0.0731182	0.0731184	2.02447e-07	2.76876e-06
1.198	0.0723349	0.0723351	2.45533e-07	3.39438e-06
1.32	0.0716132	0.0716134	2.92194e-07	4.08015e-06
1.442	0.0709703	0.0709706	3.42537e-07	4.82646e-06
1.564	0.0704131	0.0704135	3.96727e-07	5.63424e-06
1.686	0.0699367	0.0699372	4.54891e-07	6.50428e-06
1.808	0.0695241	0.0695246	5.17009e-07	7.43634e-06
1.93	0.0691462	0.0691468	5.82788e-07	8.42827e-06
2.052	0.0687644	0.0687651	6.51557e-07	9.47511e-06
2.174	0.0683318	0.0683325	7.22158e-07	1.05683e-05
2.296	0.0677966	0.0677974	7.929e-07	1.16951e-05
2.418	0.0671049	0.0671058	8.61525e-07	1.28383e-05
2.54	0.0662041	0.066205	9.25275e-07	1.39759e-05
2.662	0.0650445	0.0650455	9.80981e-07	1.50815e-05
2.784	0.0635832	0.0635842	1.02527e-06	1.61246e-05
2.906	0.061785	0.0617861	1.0548e-06	1.70718e-05
3.028	0.0596254	0.0596265	1.06656e-06	1.78873e-05
3.15	0.057092	0.0570931	1.05824e-06	1.85353e-05
3.272	0.0541867	0.0541878	1.02855e-06	1.89813e-05
3.394	0.0509271	0.0509281	9.77551e-07	1.91947e-05
3.516	0.0473481	0.047349	9.06824e-07	1.91519e-05
3.638	0.0435023	0.0435031	8.19548e-07	1.88388e-05
3.76	0.0394595	0.0394602	7.20288e-07	1.82535e-05
3.882	0.0353046	0.0353052	6.14619e-07	1.74088e-05
4.004	0.0311332	0.0311338	5.08482e-07	1.63322e-05
4.126	0.0270457	0.0270461	4.07473e-07	1.50659e-05
4.248	0.0231392	0.0231395	3.16169e-07	1.36636e-05
4.37	0.0194998	0.0195	2.37622e-07	1.21857e-05
4.492	0.0161943	0.0161945	1.73175e-07	1.06935e-05
4.614	0.0132664	0.0132665	1.22621e-07	9.24287e-06
4.736	0.0107338	0.0107339	8.45797e-08	7.87967e-06
4.858	0.00859083	0.00859088	5.70115e-08	6.63627e-06
4.98	0.006813	0.00681303	3.76855e-08	5.53139e-06
5.102	0.00536308	0.00536311	2.45153e-08	4.57111e-06
5.224	0.00419749	0.0041975	1.57484e-08	3.75185e-06
5.346	0.00327131	0.00327132	1.00213e-08	3.06338e-06
5.468	0.00254208	0.00254209	6.33424e-09	2.49174e-06
5.59	0.00197188	0.00197188	3.98621e-09	2.02153e-06
5.71201	0.00152823	0.00152823	2.50241e-09	1.63745e-06
5.83401	0.00118422	0.00118422	1.56952e-09	1.32537e-06
5.95601	0.000918031	0.000918032	9.84782e-10	1.07271e-06
6.07801	0.000712292	0.000712292	6.18754e-10	8.6868e-07
6.20001	0.000553312	0.000553312	3.89621e-10	7.0416e-07
6.32201	0.000430422	0.000430422	2.46028e-10	5.71597e-07
6.44401	0.000335355	0.000335355	1.55875e-10	4.64805e-07
6.56601	0.000261729	0.000261729	9.91292e-11	3.78748e-07
6.68801	0.000204627	0.000204627	6.33017e-11	3.09351e-07
6.81001	0.000160272	0.000160272	4.06014e-11	2.53328e-07
6.93201	0.000125759	0.000125759	2.61632e-11	2.08042e-07
7.05401	9.88575e-05	9.88575e-05	1.69418e-11	1.71376e-07
7.17601	7.78504e-05	7.78504e-05	1.10263e-11	1.41634e-07
7.29801	6.1416e-05	6.1416e-05	7.21361e-12	1.17455e-07
7.42001	4.85352e-05	4.85352e-05	4.74425e-12	9.77487e-08
7.54201	3.84211e-05	3.84211e-05	3.13686e-12	8.16442e-08
7.66401	3.04652e-05	3.04652e-05	2.08514e-12	6.84431e-08
7.78601	2.4196e-05	2.4196e-05	1.39335e-12	5.75858e-08
7.90801	1.9247e-05	1.9247e-05	9.35847e-13	4.86229e-08
8.03001	1.53337e-05	1.53337e-05	6.31672e-13	4.1195e-08
8.15201	1.22342e-05	1.22342e-05	4.28363e-13	3.50136e-08
8.27401	9.77532e-06	9.77532e-06	2.91766e-13	2.98472e-08
8.39601	7.82156e-06	7.82156e-06	1.99521e-13	2.55091e-08
8.51801	6.26675e-06	6.26675e-06	1.36918e-13	2.18483e-08
8.64001	5.02761e-06	5.02761e-06	9.42351e-14	1.87435e-08
8.76201	4.03862e-06	4.03862e-06	6.50062e-14	1.60961e-08
8.88401	3.24819e-06	3.24819e-06	4.49071e-14	1.38253e-08
9.00601	2.61558e-06	2.61558e-06	3.10325e-14	1.18645e-08
9.12801	2.10862e-06	2.10862e-06	2.1421e-14	1.01588e-08
9.25001	1.70183e-06	1.70183e-06	1.47422e-14	8.66255e-09
9.37201	1.37502e-06	1.37502e-06	1.00892e-14	7.33747e-09
9.49401	1.11213e-06	1.11213e-06	6.84084e-15	6.1511e-09
9.61601	9.0043e-07	9.0043e-07	4.57061e-15	5.07603e-09
9.73801	7.29753e-07	7.29753e-07	2.98434e-15	4.08951e-09
9.86001	5.91996e-07	5.91996e-07	1.87823e-15	3.17271e-09
9.98201	4.80696e-07	4.80696e-07	1.11071e-15	2.31064e-09
10.104	3.90674e-07	3.90674e-07	5.82906e-16	1.49205e-09
10.226	3.17791e-07	3.17791e-07	2.25526e-16	7.09667e-10
10.348	2.58726e-07	2.58726e-07	-1.02822e-17	-3.97416e-11
10.47	2.10814e-07	2.10814e-07	-1.59205e-16	-7.55192e-10
10.592	1.71915e-07	1.71915e-07	-2.46064e-16	-1.43131e-09
10.714	1.40302e-07	1.40302e-07	-2.88767e-16	-2.05818e-09
10.836	1.1459e-07	1.1459e-07	-3.00416e-16	-2.62166e-09
10.958	9.36597e-08	9.36597e-08	-2.90678e-16	-3.10356e-09
11.08	7.66082e-08	7.66082e-08	-2.66783e-16	-3.48244e-09
11.202	6.27049e-08	6.27049e-08	-2.34171e-16	-3.7345e-09
11.324	5.13599e-08	5.13599e-08	-1.96984e-16	-3.83537e-09
11.446	4.20956e-08	4.20956e-08	-1.58397e-16	-3.76279e-09
11.568	3.45248e-08	3.45248e-08	-1.2083e-16	-3.49981e-09
11.69	2.83336e-08	2.83336e-08	-8.61412e-17	-3.04024e-09
11.812	2.3267e-08	2.3267e-08	-5.57771e-17	-2.39726e-09
11.934	1.91178e-08	1.91178e-08	-3.0908e-17	-1.61671e-09
12.056	1.57178e-08	1.57178e-08	-1.25006e-17	-7.95315e-10
12.178	1.29298e-08	1.29298e-08	-1.47514e-18	-1.14088e-10
