# r(fm)	Density(fm-3)	Target_density	Difference	Relative diff.
0.1	0.0780797	0.0780798	7.73702e-08	9.90912e-07
0.222	0.0778517	0.0778515	-1.45212e-07	-1.86524e-06
0.344	0.0774682	0.0774682	7.71757e-09	9.96224e-08
0.466	0.0769435	0.0769435	3.49937e-08	4.54798e-07
0.588	0.0762988	0.0762989	5.5131e-08	7.22566e-07
0.710001	0.0755617	0.0755618	7.82896e-08	1.0361e-06
0.832001	0.0747636	0.0747637	1.04966e-07	1.40397e-06
0.954001	0.073938	0.0739382	1.34865e-07	1.82402e-06
1.076	0.0731182	0.0731184	1.67748e-07	2.2942e-06
1.198	0.0723349	0.0723351	2.03515e-07	2.81351e-06
1.32	0.0716132	0.0716134	2.42187e-07	3.38187e-06
1.442	0.0709703	0.0709706	2.83877e-07	3.99992e-06
1.564	0.0704131	0.0704134	3.28737e-07	4.66867e-06
1.686	0.0699367	0.0699371	3.76882e-07	5.38886e-06
1.808	0.0695241	0.0695245	4.283e-07	6.16043e-06
1.93	0.0691462	0.0691467	4.82757e-07	6.98163e-06
2.052	0.0687644	0.068765	5.39696e-07	7.84842e-06
2.174	0.0683318	0.0683324	5.98162e-07	8.75372e-06
2.296	0.0677966	0.0677973	6.56752e-07	9.68701e-06
2.418	0.0671049	0.0671056	7.13595e-07	1.06339e-05
2.54	0.0662041	0.0662048	7.66404e-07	1.15763e-05
2.662	0.0650445	0.0650453	8.12553e-07	1.24921e-05
2.784	0.0635832	0.0635841	8.49245e-07	1.33563e-05
2.906	0.061785	0.0617859	8.73705e-07	1.41408e-05
3.028	0.0596254	0.0596263	8.83447e-07	1.48164e-05
3.15	0.057092	0.0570929	8.76553e-07	1.53531e-05
3.272	0.0541867	0.0541876	8.5196e-07	1.57224e-05
3.394	0.0509271	0.0509279	8.0971e-07	1.58991e-05
3.516	0.0473481	0.0473489	7.51125e-07	1.58636e-05
3.638	0.0435023	0.043503	6.7883e-07	1.56042e-05
3.76	0.0394595	0.0394601	5.9661e-07	1.51193e-05
3.882	0.0353046	0.0353051	5.09082e-07	1.44195e-05
4.004	0.0311332	0.0311337	4.21167e-07	1.35277e-05
4.126	0.0270457	0.027046	3.37501e-07	1.24788e-05
4.248	0.0231392	0.0231395	2.61874e-07	1.13172e-05
4.37	0.0194998	0.0195	1.96813e-07	1.0093e-05
4.492	0.0161943	0.0161945	1.43432e-07	8.85686e-06
4.614	0.0132664	0.0132665	1.01558e-07	7.65524e-06
4.736	0.0107338	0.0107339	7.00495e-08	6.526e-06
4.858	0.00859083	0.00859088	4.72153e-08	5.49599e-06
4.98	0.006813	0.00681303	3.12083e-08	4.58068e-06
5.102	0.00536308	0.0053631	2.03001e-08	3.78513e-06
5.224	0.00419749	0.0041975	1.30391e-08	3.10639e-06
5.346	0.00327131	0.00327132	8.29596e-09	2.53597e-06
5.468	0.00254208	0.00254209	5.24259e-09	2.06232e-06
5.59	0.00197188	0.00197188	3.29831e-09	1.67267e-06
5.71201	0.00152823	0.00152823	2.06982e-09	1.35439e-06
5.83401	0.00118422	0.00118422	1.29761e-09	1.09575e-06
5.95601	0.000918031	0.000918031	8.13695e-10	8.86348e-07
6.07801	0.000712292	0.000712292	5.10886e-10	7.17242e-07
6.20001	0.000553312	0.000553312	3.21409e-10	5.80883e-07
6.32201	0.000430422	0.000430422	2.02735e-10	4.71013e-07
6.44401	0.000335355	0.000335355	1.28276e-10	3.82509e-07
6.56601	0.000261729	0.000261729	8.14488e-11	3.11196e-07
6.68801	0.000204627	0.000204627	5.19131e-11	2.53695e-07
6.81001	0.000160272	0.000160272	3.3222e-11	2.07285e-07
6.93201	0.000125759	0.000125759	2.13508e-11	1.69775e-07
7.05401	9.88575e-05	9.88575e-05	1.37817e-11	1.39409e-07
7.17601	7.78504e-05	7.78504e-05	8.9356e-12	1.14779e-07
7.29801	6.1416e-05	6.1416e-05	5.81953e-12	9.47558e-08
7.42001	4.85352e-05	4.85352e-05	3.80689e-12	7.84357e-08
7.54201	3.84211e-05	3.84211e-05	2.50106e-12	6.50961e-08
7.66401	3.04652e-05	3.04652e-05	1.64997e-12	5.41589e-08
7.78601	2.4196e-05	2.4196e-05	1.09274e-12	4.51622e-08
7.90801	1.9247e-05	1.9247e-05	7.26307e-13	3.77361e-08
8.03001	1.53337e-05	1.53337e-05	4.84323e-13	3.15855e-08
8.15201	1.22342e-05	1.22342e-05	3.23892e-13	2.64743e-08
8.27401	9.77532e-06	9.77532e-06	2.17142e-13	2.22133e-08
8.39601	7.82156e-06	7.82156e-06	1.45875e-13	1.86504e-08
8.51801	6.26675e-06	6.26675e-06	9.81564e-14	1.5663e-08
8.64001	5.02761e-06	5.02761e-06	6.61232e-14	1.3152e-08
8.76201	4.03862e-06	4.03862e-06	4.45718e-14	1.10364e-08
8.88401	3.24819e-06	3.24819e-06	3.00448e-14	9.2497e-09
9.00601	2.61558e-06	2.61558e-06	2.02369e-14	7.73706e-09
9.12801	2.10862e-06	2.10862e-06	1.36067e-14	6.45288e-09
9.25001	1.70183e-06	1.70183e-06	9.12041e-15	5.35917e-09
9.37201	1.37502e-06	1.37502e-06	6.08333e-15	4.42419e-09
9.49401	1.11213e-06	1.11213e-06	4.02764e-15	3.62154e-09
9.61601	9.0043e-07	9.0043e-07	2.63776e-15	2.92944e-09
9.73801	7.29753e-07	7.29753e-07	1.70045e-15	2.33017e-09
9.86001	5.91996e-07	5.91996e-07	1.07125e-15	1.80955e-09
9.98201	4.80696e-07	4.80696e-07	6.52132e-16	1.35664e-09
10.104	3.90674e-07	3.90674e-07	3.76321e-16	9.6326e-10
10.226	3.17791e-07	3.17791e-07	1.98173e-16	6.23596e-10
10.348	2.58726e-07	2.58726e-07	8.63421e-17	3.3372e-10
10.47	2.10814e-07	2.10814e-07	1.91929e-17	9.10418e-11
10.592	1.71915e-07	1.71915e-07	-1.82726e-17	-1.06289e-10
10.714	1.40302e-07	1.40302e-07	-3.64764e-17	-2.59985e-10
10.836	1.1459e-07	1.1459e-07	-4.26477e-17	-3.72176e-10
10.958	9.36597e-08	9.36597e-08	-4.17559e-17	-4.45826e-10
11.08	7.66082e-08	7.66082e-08	-3.71513e-17	-4.84952e-10
11.202	6.27049e-08	6.27049e-08	-3.10104e-17	-4.94546e-10
11.324	5.13599e-08	5.13599e-08	-2.46634e-17	-4.80206e-10
11.446	4.20956e-08	4.20956e-08	-1.88378e-17	-4.475e-10
11.568	3.45248e-08	3.45248e-08	-1.38538e-17	-4.01271e-10
11.69	2.83336e-08	2.83336e-08	-9.77665e-18	-3.45054e-10
11.812	2.3267e-08	2.3267e-08	-6.52948e-18	-2.80632e-10
11.934	1.91178e-08	1.91178e-08	-3.9606e-18	-2.07168e-10
12.056	1.57178e-08	1.57178e-08	-1.86838e-18	-1.1887e-10
12.178	1.29298e-08	1.29298e-08	-7.88138e-20	-6.09551e-12
