# r(fm)	Density(fm-3)	Target_density	Difference	Relative diff.
0.1	0.0780797	0.0780765	-3.21145e-06	-4.11321e-05
0.222	0.0778517	0.0778465	-5.22022e-06	-6.70579e-05
0.344	0.0774682	0.0774678	-4.16634e-07	-5.37815e-06
0.466	0.0769435	0.0769435	3.35431e-09	4.35945e-08
0.588	0.0762988	0.0762989	6.31151e-08	8.27208e-07
0.710001	0.0755617	0.0755618	9.34952e-08	1.23733e-06
0.832001	0.0747636	0.0747637	1.25027e-07	1.6723e-06
0.954001	0.073938	0.0739382	1.60281e-07	2.16777e-06
1.076	0.0731182	0.0731184	1.9919e-07	2.72421e-06
1.198	0.0723349	0.0723351	2.41602e-07	3.34003e-06
1.32	0.0716132	0.0716134	2.87509e-07	4.01474e-06
1.442	0.0709703	0.0709706	3.37029e-07	4.74885e-06
1.564	0.0704131	0.0704135	3.90328e-07	5.54337e-06
1.686	0.0699367	0.0699372	4.47536e-07	6.39912e-06
1.808	0.0695241	0.0695246	5.08635e-07	7.31591e-06
1.93	0.0691462	0.0691468	5.7334e-07	8.29163e-06
2.052	0.0687644	0.0687651	6.40989e-07	9.32144e-06
2.174	0.0683318	0.0683325	7.10446e-07	1.03969e-05
2.296	0.0677966	0.0677974	7.80044e-07	1.15055e-05
2.418	0.0671049	0.0671058	8.47562e-07	1.26302e-05
2.54	0.0662041	0.066205	9.10285e-07	1.37495e-05
2.662	0.0650445	0.0650455	9.65095e-07	1.48372e-05
2.784	0.0635832	0.0635842	1.00867e-06	1.58636e-05
2.906	0.061785	0.0617861	1.03772e-06	1.67954e-05
3.028	0.0596254	0.0596265	1.04929e-06	1.75978e-05
3.15	0.057092	0.0570931	1.04111e-06	1.82353e-05
3.272	0.0541867	0.0541877	1.0119e-06	1.8674e-05
3.394	0.0509271	0.0509281	9.61722e-07	1.88839e-05
3.516	0.0473481	0.047349	8.92139e-07	1.88418e-05
3.638	0.0435023	0.0435031	8.06275e-07	1.85337e-05
3.76	0.0394595	0.0394602	7.08621e-07	1.79579e-05
3.882	0.0353046	0.0353052	6.04662e-07	1.71267e-05
4.004	0.0311332	0.0311337	5.00243e-07	1.60675e-05
4.126	0.0270457	0.0270461	4.00869e-07	1.48217e-05
4.248	0.0231392	0.0231395	3.11044e-07	1.34421e-05
4.37	0.0194998	0.0195	2.33769e-07	1.19881e-05
4.492	0.0161943	0.0161945	1.70366e-07	1.052e-05
4.614	0.0132664	0.0132665	1.2063e-07	9.09281e-06
4.736	0.0107338	0.0107339	8.32053e-08	7.75163e-06
4.858	0.00859083	0.00859088	5.60838e-08	6.5283e-06
4.98	0.006813	0.00681303	3.70712e-08	5.44122e-06
5.102	0.00536308	0.00536311	2.41147e-08	4.49641e-06
5.224	0.00419749	0.0041975	1.54902e-08	3.69033e-06
5.346	0.00327131	0.00327132	9.85618e-09	3.01291e-06
5.468	0.00254208	0.00254209	6.2292e-09	2.45042e-06
5.59	0.00197188	0.00197188	3.91954e-09	1.98771e-06
5.71201	0.00152823	0.00152823	2.46008e-09	1.60976e-06
5.83401	0.00118422	0.00118422	1.54259e-09	1.30262e-06
5.95601	0.000918031	0.000918032	9.67564e-10	1.05396e-06
6.07801	0.000712292	0.000712292	6.07682e-10	8.53136e-07
6.20001	0.000553312	0.000553312	3.82447e-10	6.91195e-07
6.32201	0.000430422	0.000430422	2.41339e-10	5.60703e-07
6.44401	0.000335355	0.000335355	1.52779e-10	4.55574e-07
6.56601	0.000261729	0.000261729	9.70635e-11	3.70855e-07
6.68801	0.000204627	0.000204627	6.19076e-11	3.02538e-07
6.81001	0.000160272	0.000160272	3.96499e-11	2.47391e-07
6.93201	0.000125759	0.000125759	2.55063e-11	2.02819e-07
7.05401	9.88575e-05	9.88575e-05	1.64834e-11	1.66739e-07
7.17601	7.78504e-05	7.78504e-05	1.0703e-11	1.37482e-07
7.29801	6.1416e-05	6.1416e-05	6.98351e-12	1.13708e-07
7.42001	4.85352e-05	4.85352e-05	4.57908e-12	9.43457e-08
7.54201	3.84211e-05	3.84211e-05	3.01744e-12	7.85359e-08
7.66401	3.04652e-05	3.04652e-05	1.99825e-12	6.55912e-08
7.78601	2.4196e-05	2.4196e-05	1.32981e-12	5.49599e-08
7.90801	1.9247e-05	1.9247e-05	8.89202e-13	4.61995e-08
8.03001	1.53337e-05	1.53337e-05	5.97328e-13	3.89552e-08
8.15201	1.22342e-05	1.22342e-05	4.03028e-13	3.29427e-08
8.27401	9.77532e-06	9.77532e-06	2.73058e-13	2.79334e-08
8.39601	7.82156e-06	7.82156e-06	1.85706e-13	2.37428e-08
8.51801	6.26675e-06	6.26675e-06	1.26727e-13	2.02221e-08
8.64001	5.02761e-06	5.02761e-06	8.67324e-14	1.72512e-08
8.76201	4.03862e-06	4.03862e-06	5.95002e-14	1.47328e-08
8.88401	3.24819e-06	3.24819e-06	4.0885e-14	1.2587e-08
9.00601	2.61558e-06	2.61558e-06	2.81133e-14	1.07484e-08
9.12801	2.10862e-06	2.10862e-06	1.9321e-14	9.16284e-09
9.25001	1.70183e-06	1.70183e-06	1.325e-14	7.78574e-09
9.37201	1.37502e-06	1.37502e-06	9.0471e-15	6.57963e-09
9.49401	1.11213e-06	1.11213e-06	6.13129e-15	5.51309e-09
9.61601	9.0043e-07	9.0043e-07	4.10574e-15	4.55976e-09
9.73801	7.29753e-07	7.29753e-07	2.69849e-15	3.69782e-09
9.86001	5.91996e-07	5.91996e-07	1.72227e-15	2.90925e-09
9.98201	4.80696e-07	4.80696e-07	1.04777e-15	2.17969e-09
10.104	3.90674e-07	3.90674e-07	5.85281e-16	1.49813e-09
10.226	3.17791e-07	3.17791e-07	2.72357e-16	8.5703e-10
10.348	2.58726e-07	2.58726e-07	6.52571e-17	2.52225e-10
10.47	2.10814e-07	2.10814e-07	-6.68448e-17	-3.17079e-10
10.592	1.71915e-07	1.71915e-07	-1.45832e-16	-8.4828e-10
10.714	1.40302e-07	1.40302e-07	-1.87352e-16	-1.33535e-09
10.836	1.1459e-07	1.1459e-07	-2.02734e-16	-1.76921e-09
10.958	9.36597e-08	9.36597e-08	-2.00232e-16	-2.13787e-09
11.08	7.66082e-08	7.66082e-08	-1.85936e-16	-2.4271e-09
11.202	6.27049e-08	6.27049e-08	-1.64351e-16	-2.62102e-09
11.324	5.13599e-08	5.13599e-08	-1.38845e-16	-2.70337e-09
11.446	4.20956e-08	4.20956e-08	-1.11947e-16	-2.65934e-09
11.568	3.45248e-08	3.45248e-08	-8.55438e-17	-2.47775e-09
11.69	2.83336e-08	2.83336e-08	-6.10513e-17	-2.15473e-09
11.812	2.3267e-08	2.3267e-08	-3.95474e-17	-1.69972e-09
11.934	1.91178e-08	1.91178e-08	-2.18867e-17	-1.14483e-09
12.056	1.57178e-08	1.57178e-08	-8.7684e-18	-5.57866e-10
12.178	1.29298e-08	1.29298e-08	-8.70672e-19	-6.73384e-11
