# r(fm)	Density(fm-3)	Target_density	Difference	Relative diff.
0.1	0.0780797	0.0781139	3.42005e-05	0.000437829
0.222	0.0778517	0.0778482	-3.43815e-06	-4.41648e-05
0.344	0.0774682	0.077468	-2.06633e-07	-2.66733e-06
0.466	0.0769435	0.0769435	3.44243e-08	4.47398e-07
0.588	0.0762988	0.0762989	6.81929e-08	8.9376e-07
0.710001	0.0755617	0.0755618	9.40593e-08	1.2448e-06
0.832001	0.0747636	0.0747637	1.24676e-07	1.6676e-06
0.954001	0.073938	0.0739382	1.59681e-07	2.15966e-06
1.076	0.0731182	0.0731184	1.98454e-07	2.71415e-06
1.198	0.0723349	0.0723351	2.40729e-07	3.32797e-06
1.32	0.0716132	0.0716134	2.86476e-07	4.00032e-06
1.442	0.0709703	0.0709706	3.35812e-07	4.7317e-06
1.564	0.0704131	0.0704135	3.88905e-07	5.52316e-06
1.686	0.0699367	0.0699372	4.45888e-07	6.37555e-06
1.808	0.0695241	0.0695246	5.06746e-07	7.28873e-06
1.93	0.0691462	0.0691468	5.71196e-07	8.26062e-06
2.052	0.0687644	0.0687651	6.38581e-07	9.28642e-06
2.174	0.0683318	0.0683325	7.07769e-07	1.03577e-05
2.296	0.0677966	0.0677974	7.77099e-07	1.14621e-05
2.418	0.0671049	0.0671058	8.44357e-07	1.25825e-05
2.54	0.0662041	0.066205	9.0684e-07	1.36975e-05
2.662	0.0650445	0.0650455	9.61439e-07	1.4781e-05
2.784	0.0635832	0.0635842	1.00485e-06	1.58034e-05
2.906	0.061785	0.0617861	1.03379e-06	1.67317e-05
3.028	0.0596254	0.0596265	1.04531e-06	1.7531e-05
3.15	0.057092	0.0570931	1.03715e-06	1.81659e-05
3.272	0.0541867	0.0541877	1.00805e-06	1.86029e-05
3.394	0.0509271	0.0509281	9.58059e-07	1.8812e-05
3.516	0.0473481	0.047349	8.88738e-07	1.877e-05
3.638	0.0435023	0.0435031	8.03199e-07	1.8463e-05
3.76	0.0394595	0.0394602	7.05917e-07	1.78894e-05
3.882	0.0353046	0.0353052	6.02355e-07	1.70614e-05
4.004	0.0311332	0.0311337	4.98335e-07	1.60063e-05
4.126	0.0270457	0.0270461	3.99342e-07	1.47653e-05
4.248	0.0231392	0.0231395	3.09862e-07	1.3391e-05
4.37	0.0194998	0.0195	2.32884e-07	1.19428e-05
4.492	0.0161943	0.0161945	1.69725e-07	1.04804e-05
4.614	0.0132664	0.0132665	1.20181e-07	9.05894e-06
4.736	0.0107338	0.0107339	8.29e-08	7.72319e-06
4.858	0.00859083	0.00859088	5.58829e-08	6.5049e-06
4.98	0.006813	0.00681303	3.69431e-08	5.42242e-06
5.102	0.00536308	0.00536311	2.40359e-08	4.48172e-06
5.224	0.00419749	0.0041975	1.54438e-08	3.67929e-06
5.346	0.00327131	0.00327132	9.8307e-09	3.00512e-06
5.468	0.00254208	0.00254209	6.21673e-09	2.44552e-06
5.59	0.00197188	0.00197188	3.91496e-09	1.98539e-06
5.71201	0.00152823	0.00152823	2.46009e-09	1.60976e-06
5.83401	0.00118422	0.00118422	1.54511e-09	1.30475e-06
5.95601	0.000918031	0.000918032	9.71324e-10	1.05805e-06
6.07801	0.000712292	0.000712292	6.11893e-10	8.59048e-07
6.20001	0.000553312	0.000553312	3.86653e-10	6.98796e-07
6.32201	0.000430422	0.000430422	2.45285e-10	5.69872e-07
6.44401	0.000335355	0.000335355	1.56338e-10	4.66186e-07
6.56601	0.000261729	0.000261729	1.00184e-10	3.8278e-07
6.68801	0.000204627	0.000204627	6.45866e-11	3.1563e-07
6.81001	0.000160272	0.000160272	4.19097e-11	2.61491e-07
6.93201	0.000125759	0.000125759	2.73844e-11	2.17753e-07
7.05401	9.88575e-05	9.88575e-05	1.80235e-11	1.82318e-07
7.17601	7.78504e-05	7.78504e-05	1.19506e-11	1.53508e-07
7.29801	6.1416e-05	6.1416e-05	7.98268e-12	1.29977e-07
7.42001	4.85352e-05	4.85352e-05	5.37056e-12	1.10653e-07
7.54201	3.84211e-05	3.84211e-05	3.63782e-12	9.46829e-08
7.66401	3.04652e-05	3.04652e-05	2.47961e-12	8.13915e-08
7.78601	2.4196e-05	2.4196e-05	1.69965e-12	7.02453e-08
7.90801	1.9247e-05	1.9247e-05	1.17068e-12	6.08238e-08
8.03001	1.53337e-05	1.53337e-05	8.09599e-13	5.27986e-08
8.15201	1.22342e-05	1.22342e-05	5.61715e-13	4.59135e-08
8.27401	9.77532e-06	9.77532e-06	3.90711e-13	3.99691e-08
8.39601	7.82156e-06	7.82156e-06	2.72258e-13	3.48087e-08
8.51801	6.26675e-06	6.26675e-06	1.89939e-13	3.0309e-08
8.64001	5.02761e-06	5.02761e-06	1.32589e-13	2.63723e-08
8.76201	4.03862e-06	4.03862e-06	9.25639e-14	2.29197e-08
8.88401	3.24819e-06	3.24819e-06	6.45929e-14	1.98858e-08
9.00601	2.61558e-06	2.61558e-06	4.50281e-14	1.72153e-08
9.12801	2.10862e-06	2.10862e-06	3.13358e-14	1.48608e-08
9.25001	1.70183e-06	1.70183e-06	2.17516e-14	1.27813e-08
9.37201	1.37502e-06	1.37502e-06	1.50443e-14	1.09412e-08
9.49401	1.11213e-06	1.11213e-06	1.03534e-14	9.3095e-09
9.61601	9.0043e-07	9.0043e-07	7.07734e-15	7.85996e-09
9.73801	7.29753e-07	7.29753e-07	4.79525e-15	6.57107e-09
9.86001	5.91996e-07	5.91996e-07	3.21213e-15	5.42593e-09
9.98201	4.80696e-07	4.80696e-07	2.12087e-15	4.41208e-09
10.104	3.90674e-07	3.90674e-07	1.37557e-15	3.52101e-09
10.226	3.17791e-07	3.17791e-07	8.73188e-16	2.74768e-09
10.348	2.58726e-07	2.58726e-07	5.40591e-16	2.08943e-09
10.47	2.10814e-07	2.10814e-07	3.25644e-16	1.5447e-09
10.592	1.71915e-07	1.71915e-07	1.91058e-16	1.11136e-09
10.714	1.40302e-07	1.40302e-07	1.10173e-16	7.8526e-10
10.836	1.1459e-07	1.1459e-07	6.39917e-17	5.5844e-10
10.958	9.36597e-08	9.36597e-08	3.91699e-17	4.18215e-10
11.08	7.66082e-08	7.66082e-08	2.65521e-17	3.46596e-10
11.202	6.27049e-08	6.27049e-08	2.01298e-17	3.21025e-10
11.324	5.13599e-08	5.13599e-08	1.62333e-17	3.16069e-10
11.446	4.20956e-08	4.20956e-08	1.28908e-17	3.06227e-10
11.568	3.45248e-08	3.45248e-08	9.34256e-18	2.70604e-10
11.69	2.83336e-08	2.83336e-08	5.62797e-18	1.98632e-10
11.812	2.3267e-08	2.3267e-08	2.25859e-18	9.70726e-11
11.934	1.91178e-08	1.91178e-08	-6.80869e-20	-3.56144e-12
12.056	1.57178e-08	1.57178e-08	-7.60559e-19	-4.83886e-11
12.178	1.29298e-08	1.29298e-08	2.22884e-19	1.7238e-11
