# r(fm)	Density(fm-3)	Target_density	Difference	Relative diff.
0.1	0.0780797	0.0780772	-2.46267e-06	-3.15415e-05
0.222	0.0778517	0.0778467	-5.03705e-06	-6.47047e-05
0.344	0.0774682	0.0774678	-4.00232e-07	-5.16643e-06
0.466	0.0769435	0.0769435	4.93381e-09	6.41226e-08
0.588	0.0762988	0.0762989	6.31485e-08	8.27646e-07
0.710001	0.0755617	0.0755618	9.33328e-08	1.23519e-06
0.832001	0.0747636	0.0747637	1.24809e-07	1.66938e-06
0.954001	0.073938	0.0739382	1.60012e-07	2.16414e-06
1.076	0.0731182	0.0731184	1.98862e-07	2.71972e-06
1.198	0.0723349	0.0723351	2.41205e-07	3.33456e-06
1.32	0.0716132	0.0716134	2.87038e-07	4.00815e-06
1.442	0.0709703	0.0709706	3.36474e-07	4.74104e-06
1.564	0.0704131	0.0704135	3.89684e-07	5.53422e-06
1.686	0.0699367	0.0699372	4.46796e-07	6.38853e-06
1.808	0.0695241	0.0695246	5.07792e-07	7.30378e-06
1.93	0.0691462	0.0691468	5.72388e-07	8.27787e-06
2.052	0.0687644	0.0687651	6.39925e-07	9.30597e-06
2.174	0.0683318	0.0683325	7.09267e-07	1.03796e-05
2.296	0.0677966	0.0677974	7.7875e-07	1.14864e-05
2.418	0.0671049	0.0671058	8.46156e-07	1.26093e-05
2.54	0.0662041	0.066205	9.08776e-07	1.37267e-05
2.662	0.0650445	0.0650455	9.63495e-07	1.48126e-05
2.784	0.0635832	0.0635842	1.007e-06	1.58373e-05
2.906	0.061785	0.0617861	1.036e-06	1.67676e-05
3.028	0.0596254	0.0596265	1.04755e-06	1.75686e-05
3.15	0.057092	0.0570931	1.03938e-06	1.8205e-05
3.272	0.0541867	0.0541877	1.01022e-06	1.8643e-05
3.394	0.0509271	0.0509281	9.60127e-07	1.88526e-05
3.516	0.0473481	0.047349	8.9066e-07	1.88105e-05
3.638	0.0435023	0.0435031	8.04938e-07	1.8503e-05
3.76	0.0394595	0.0394602	7.07445e-07	1.79281e-05
3.882	0.0353046	0.0353052	6.03659e-07	1.70983e-05
4.004	0.0311332	0.0311337	4.99413e-07	1.60409e-05
4.126	0.0270457	0.0270461	4.00204e-07	1.47971e-05
4.248	0.0231392	0.0231395	3.10528e-07	1.34198e-05
4.37	0.0194998	0.0195	2.3338e-07	1.19682e-05
4.492	0.0161943	0.0161945	1.70083e-07	1.05025e-05
4.614	0.0132664	0.0132665	1.2043e-07	9.07771e-06
4.736	0.0107338	0.0107339	8.30671e-08	7.73875e-06
4.858	0.00859083	0.00859088	5.59906e-08	6.51745e-06
4.98	0.006813	0.00681303	3.70096e-08	5.43218e-06
5.102	0.00536308	0.00536311	2.40746e-08	4.48893e-06
5.224	0.00419749	0.0041975	1.54643e-08	3.68418e-06
5.346	0.00327131	0.00327132	9.83975e-09	3.00788e-06
5.468	0.00254208	0.00254209	6.2188e-09	2.44633e-06
5.59	0.00197188	0.00197188	3.91299e-09	1.98439e-06
5.71201	0.00152823	0.00152823	2.45596e-09	1.60706e-06
5.83401	0.00118422	0.00118422	1.54e-09	1.30044e-06
5.95601	0.000918031	0.000918032	9.65944e-10	1.05219e-06
6.07801	0.000712292	0.000712292	6.06666e-10	8.5171e-07
6.20001	0.000553312	0.000553312	3.8181e-10	6.90044e-07
6.32201	0.000430422	0.000430422	2.40939e-10	5.59775e-07
6.44401	0.000335355	0.000335355	1.52529e-10	4.54828e-07
6.56601	0.000261729	0.000261729	9.6907e-11	3.70257e-07
6.68801	0.000204627	0.000204627	6.18101e-11	3.02061e-07
6.81001	0.000160272	0.000160272	3.95893e-11	2.47013e-07
6.93201	0.000125759	0.000125759	2.5469e-11	2.02522e-07
7.05401	9.88575e-05	9.88575e-05	1.64605e-11	1.66508e-07
7.17601	7.78504e-05	7.78504e-05	1.06891e-11	1.37303e-07
7.29801	6.1416e-05	6.1416e-05	6.97517e-12	1.13572e-07
7.42001	4.85352e-05	4.85352e-05	4.57413e-12	9.42437e-08
7.54201	3.84211e-05	3.84211e-05	3.01453e-12	7.84603e-08
7.66401	3.04652e-05	3.04652e-05	1.99656e-12	6.55357e-08
7.78601	2.4196e-05	2.4196e-05	1.32883e-12	5.49194e-08
7.90801	1.9247e-05	1.9247e-05	8.88627e-13	4.61696e-08
8.03001	1.53337e-05	1.53337e-05	5.96981e-13	3.89326e-08
8.15201	1.22342e-05	1.22342e-05	4.02806e-13	3.29246e-08
8.27401	9.77532e-06	9.77532e-06	2.72906e-13	2.79178e-08
8.39601	7.82156e-06	7.82156e-06	1.85593e-13	2.37284e-08
8.51801	6.26675e-06	6.26675e-06	1.26637e-13	2.02078e-08
8.64001	5.02761e-06	5.02761e-06	8.66594e-14	1.72367e-08
8.76201	4.03862e-06	4.03862e-06	5.94399e-14	1.47179e-08
8.88401	3.24819e-06	3.24819e-06	4.08359e-14	1.25719e-08
9.00601	2.61558e-06	2.61558e-06	2.80743e-14	1.07335e-08
9.12801	2.10862e-06	2.10862e-06	1.92911e-14	9.14871e-09
9.25001	1.70183e-06	1.70183e-06	1.32285e-14	7.7731e-09
9.37201	1.37502e-06	1.37502e-06	9.03292e-15	6.56931e-09
9.49401	1.11213e-06	1.11213e-06	6.12343e-15	5.50602e-09
9.61601	9.0043e-07	9.0043e-07	4.10322e-15	4.55696e-09
9.73801	7.29753e-07	7.29753e-07	2.70037e-15	3.70039e-09
9.86001	5.91996e-07	5.91996e-07	1.72768e-15	2.91841e-09
9.98201	4.80696e-07	4.80696e-07	1.05594e-15	2.19669e-09
10.104	3.90674e-07	3.90674e-07	5.95513e-16	1.52432e-09
10.226	3.17791e-07	3.17791e-07	2.84025e-16	8.93746e-10
10.348	2.58726e-07	2.58726e-07	7.78119e-17	3.0075e-10
10.47	2.10814e-07	2.10814e-07	-5.38896e-17	-2.55626e-10
10.592	1.71915e-07	1.71915e-07	-1.32903e-16	-7.73077e-10
10.714	1.40302e-07	1.40302e-07	-1.74822e-16	-1.24604e-09
10.836	1.1459e-07	1.1459e-07	-1.90917e-16	-1.66608e-09
10.958	9.36597e-08	9.36597e-08	-1.89388e-16	-2.02208e-09
11.08	7.66082e-08	7.66082e-08	-1.76261e-16	-2.30082e-09
11.202	6.27049e-08	6.27049e-08	-1.55984e-16	-2.48759e-09
11.324	5.13599e-08	5.13599e-08	-1.31859e-16	-2.56736e-09
11.446	4.20956e-08	4.20956e-08	-1.06354e-16	-2.52649e-09
11.568	3.45248e-08	3.45248e-08	-8.12947e-17	-2.35467e-09
11.69	2.83336e-08	2.83336e-08	-5.80401e-17	-2.04845e-09
11.812	2.3267e-08	2.3267e-08	-3.76166e-17	-1.61673e-09
11.934	1.91178e-08	1.91178e-08	-2.08314e-17	-1.08963e-09
12.056	1.57178e-08	1.57178e-08	-8.34471e-18	-5.3091e-10
12.178	1.29298e-08	1.29298e-08	-8.04671e-19	-6.22339e-11
