# r(fm)	Density(fm-3)	Target_density	Difference	Relative diff.
0.1	0.0780797	0.0780863	6.62799e-06	8.48803e-05
0.222	0.0778517	0.0778471	-4.57019e-06	-5.87073e-05
0.344	0.0774682	0.0774679	-3.46597e-07	-4.47407e-06
0.466	0.0769435	0.0769435	1.26359e-08	1.64223e-07
0.588	0.0762988	0.0762989	6.43454e-08	8.43333e-07
0.710001	0.0755617	0.0755618	9.34212e-08	1.23636e-06
0.832001	0.0747636	0.0747637	1.24669e-07	1.6675e-06
0.954001	0.073938	0.0739382	1.598e-07	2.16127e-06
1.076	0.0731182	0.0731184	1.98602e-07	2.71617e-06
1.198	0.0723349	0.0723351	2.40895e-07	3.33027e-06
1.32	0.0716132	0.0716134	2.8667e-07	4.00302e-06
1.442	0.0709703	0.0709706	3.36041e-07	4.73494e-06
1.564	0.0704131	0.0704135	3.89179e-07	5.52705e-06
1.686	0.0699367	0.0699372	4.46213e-07	6.3802e-06
1.808	0.0695241	0.0695246	5.07126e-07	7.29419e-06
1.93	0.0691462	0.0691468	5.71633e-07	8.26695e-06
2.052	0.0687644	0.0687651	6.39078e-07	9.29365e-06
2.174	0.0683318	0.0683325	7.08326e-07	1.03659e-05
2.296	0.0677966	0.0677974	7.77716e-07	1.14712e-05
2.418	0.0671049	0.0671058	8.45032e-07	1.25925e-05
2.54	0.0662041	0.066205	9.07567e-07	1.37084e-05
2.662	0.0650445	0.0650455	9.62213e-07	1.47929e-05
2.784	0.0635832	0.0635842	1.00566e-06	1.58162e-05
2.906	0.061785	0.0617861	1.03462e-06	1.67453e-05
3.028	0.0596254	0.0596265	1.04616e-06	1.75452e-05
3.15	0.057092	0.0570931	1.038e-06	1.81808e-05
3.272	0.0541867	0.0541877	1.00887e-06	1.86181e-05
3.394	0.0509271	0.0509281	9.58845e-07	1.88274e-05
3.516	0.0473481	0.047349	8.8947e-07	1.87854e-05
3.638	0.0435023	0.0435031	8.03862e-07	1.84783e-05
3.76	0.0394595	0.0394602	7.06499e-07	1.79041e-05
3.882	0.0353046	0.0353052	6.02852e-07	1.70754e-05
4.004	0.0311332	0.0311337	4.98745e-07	1.60194e-05
4.126	0.0270457	0.0270461	3.99669e-07	1.47774e-05
4.248	0.0231392	0.0231395	3.10113e-07	1.34019e-05
4.37	0.0194998	0.0195	2.3307e-07	1.19523e-05
4.492	0.0161943	0.0161945	1.69857e-07	1.04886e-05
4.614	0.0132664	0.0132665	1.20271e-07	9.06576e-06
4.736	0.0107338	0.0107339	8.29587e-08	7.72866e-06
4.858	0.00859083	0.00859088	5.59187e-08	6.50908e-06
4.98	0.006813	0.00681303	3.69631e-08	5.42536e-06
5.102	0.00536308	0.00536311	2.40454e-08	4.48348e-06
5.224	0.00419749	0.0041975	1.54466e-08	3.67995e-06
5.346	0.00327131	0.00327132	9.82935e-09	3.0047e-06
5.468	0.00254208	0.00254209	6.21306e-09	2.44408e-06
5.59	0.00197188	0.00197188	3.91012e-09	1.98294e-06
5.71201	0.00152823	0.00152823	2.45483e-09	1.60632e-06
5.83401	0.00118422	0.00118422	1.53987e-09	1.30033e-06
5.95601	0.000918031	0.000918032	9.6636e-10	1.05264e-06
6.07801	0.000712292	0.000712292	6.07353e-10	8.52673e-07
6.20001	0.000553312	0.000553312	3.82599e-10	6.91471e-07
6.32201	0.000430422	0.000430422	2.41735e-10	5.61624e-07
6.44401	0.000335355	0.000335355	1.53277e-10	4.57059e-07
6.56601	0.000261729	0.000261729	9.75805e-11	3.72831e-07
6.68801	0.000204627	0.000204627	6.23984e-11	3.04936e-07
6.81001	0.000160272	0.000160272	4.00916e-11	2.50147e-07
6.93201	0.000125759	0.000125759	2.589e-11	2.05869e-07
7.05401	9.88575e-05	9.88575e-05	1.68079e-11	1.70022e-07
7.17601	7.78504e-05	7.78504e-05	1.09718e-11	1.40935e-07
7.29801	6.1416e-05	6.1416e-05	7.20235e-12	1.17272e-07
7.42001	4.85352e-05	4.85352e-05	4.75456e-12	9.79611e-08
7.54201	3.84211e-05	3.84211e-05	3.15623e-12	8.21483e-08
7.66401	3.04652e-05	3.04652e-05	2.10666e-12	6.91497e-08
7.78601	2.4196e-05	2.4196e-05	1.41351e-12	5.84194e-08
7.90801	1.9247e-05	1.9247e-05	9.53129e-13	4.95209e-08
8.03001	1.53337e-05	1.53337e-05	6.45651e-13	4.21066e-08
8.15201	1.22342e-05	1.22342e-05	4.39203e-13	3.58996e-08
8.27401	9.77532e-06	9.77532e-06	2.99895e-13	3.06788e-08
8.39601	7.82156e-06	7.82156e-06	2.05448e-13	2.62669e-08
8.51801	6.26675e-06	6.26675e-06	1.41137e-13	2.25216e-08
8.64001	5.02761e-06	5.02761e-06	9.71769e-14	1.93287e-08
8.76201	4.03862e-06	4.03862e-06	6.70217e-14	1.65952e-08
8.88401	3.24819e-06	3.24819e-06	4.6271e-14	1.42451e-08
9.00601	2.61558e-06	2.61558e-06	3.19512e-14	1.22157e-08
9.12801	2.10862e-06	2.10862e-06	2.20446e-14	1.04545e-08
9.25001	1.70183e-06	1.70183e-06	1.51768e-14	8.91794e-09
9.37201	1.37502e-06	1.37502e-06	1.04077e-14	7.56912e-09
9.49401	1.11213e-06	1.11213e-06	7.09193e-15	6.37687e-09
9.61601	9.0043e-07	9.0043e-07	4.78575e-15	5.31496e-09
9.73801	7.29753e-07	7.29753e-07	3.18301e-15	4.36176e-09
9.86001	5.91996e-07	5.91996e-07	2.07177e-15	3.49963e-09
9.98201	4.80696e-07	4.80696e-07	1.30496e-15	2.71472e-09
10.104	3.90674e-07	3.90674e-07	7.80057e-16	1.99669e-09
10.226	3.17791e-07	3.17791e-07	4.25388e-16	1.33858e-09
10.348	2.58726e-07	2.58726e-07	1.90547e-16	7.36483e-10
10.47	2.10814e-07	2.10814e-07	3.9891e-17	1.89224e-10
10.592	1.71915e-07	1.71915e-07	-5.19283e-17	-3.02059e-10
10.714	1.40302e-07	1.40302e-07	-1.03019e-16	-7.34266e-10
10.836	1.1459e-07	1.1459e-07	-1.264e-16	-1.10306e-09
10.958	9.36597e-08	9.36597e-08	-1.31424e-16	-1.40321e-09
11.08	7.66082e-08	7.66082e-08	-1.24808e-16	-1.62917e-09
11.202	6.27049e-08	6.27049e-08	-1.11326e-16	-1.7754e-09
11.324	5.13599e-08	5.13599e-08	-9.43355e-17	-1.83675e-09
11.446	4.20956e-08	4.20956e-08	-7.61576e-17	-1.80916e-09
11.568	3.45248e-08	3.45248e-08	-5.83447e-17	-1.68994e-09
11.69	2.83336e-08	2.83336e-08	-4.19061e-17	-1.47902e-09
11.812	2.3267e-08	2.3267e-08	-2.74892e-17	-1.18147e-09
11.934	1.91178e-08	1.91178e-08	-1.55324e-17	-8.1246e-10
12.056	1.57178e-08	1.57178e-08	-6.38934e-18	-4.06505e-10
12.178	1.29298e-08	1.29298e-08	-5.35098e-19	-4.13849e-11
