# r(fm)	Density(fm-3)	Target_density	Difference	Relative diff.
0.1	0.0780797	0.0780767	-2.99398e-06	-3.83466e-05
0.222	0.0778517	0.0778467	-5.0199e-06	-6.44844e-05
0.344	0.0774682	0.0774678	-3.9969e-07	-5.15943e-06
0.466	0.0769435	0.0769435	4.77267e-09	6.20283e-08
0.588	0.0762988	0.0762989	6.30577e-08	8.26457e-07
0.710001	0.0755617	0.0755618	9.32747e-08	1.23442e-06
0.832001	0.0747636	0.0747637	1.24753e-07	1.66863e-06
0.954001	0.073938	0.0739382	1.59946e-07	2.16324e-06
1.076	0.0731182	0.0731184	1.98781e-07	2.71862e-06
1.198	0.0723349	0.0723351	2.41108e-07	3.3332e-06
1.32	0.0716132	0.0716134	2.86921e-07	4.00652e-06
1.442	0.0709703	0.0709706	3.36337e-07	4.73911e-06
1.564	0.0704131	0.0704135	3.89525e-07	5.53197e-06
1.686	0.0699367	0.0699372	4.46614e-07	6.38593e-06
1.808	0.0695241	0.0695246	5.07585e-07	7.3008e-06
1.93	0.0691462	0.0691468	5.72155e-07	8.27449e-06
2.052	0.0687644	0.0687651	6.39664e-07	9.30217e-06
2.174	0.0683318	0.0683325	7.08978e-07	1.03754e-05
2.296	0.0677966	0.0677974	7.78432e-07	1.14817e-05
2.418	0.0671049	0.0671058	8.45811e-07	1.26041e-05
2.54	0.0662041	0.066205	9.08405e-07	1.37211e-05
2.662	0.0650445	0.0650455	9.63102e-07	1.48066e-05
2.784	0.0635832	0.0635842	1.00659e-06	1.58308e-05
2.906	0.061785	0.0617861	1.03558e-06	1.67608e-05
3.028	0.0596254	0.0596265	1.04713e-06	1.75615e-05
3.15	0.057092	0.0570931	1.03896e-06	1.81976e-05
3.272	0.0541867	0.0541877	1.00981e-06	1.86354e-05
3.394	0.0509271	0.0509281	9.59737e-07	1.88449e-05
3.516	0.0473481	0.047349	8.90298e-07	1.88029e-05
3.638	0.0435023	0.0435031	8.0461e-07	1.84955e-05
3.76	0.0394595	0.0394602	7.07157e-07	1.79208e-05
3.882	0.0353046	0.0353052	6.03413e-07	1.70914e-05
4.004	0.0311332	0.0311337	4.99209e-07	1.60344e-05
4.126	0.0270457	0.0270461	4.00041e-07	1.47911e-05
4.248	0.0231392	0.0231395	3.10401e-07	1.34143e-05
4.37	0.0194998	0.0195	2.33285e-07	1.19633e-05
4.492	0.0161943	0.0161945	1.70013e-07	1.04982e-05
4.614	0.0132664	0.0132665	1.2038e-07	9.07399e-06
4.736	0.0107338	0.0107339	8.3033e-08	7.73557e-06
4.858	0.00859083	0.00859088	5.59675e-08	6.51476e-06
4.98	0.006813	0.00681303	3.69942e-08	5.42992e-06
5.102	0.00536308	0.00536311	2.40645e-08	4.48704e-06
5.224	0.00419749	0.0041975	1.54578e-08	3.68261e-06
5.346	0.00327131	0.00327132	9.83548e-09	3.00658e-06
5.468	0.00254208	0.00254209	6.21603e-09	2.44524e-06
5.59	0.00197188	0.00197188	3.91118e-09	1.98348e-06
5.71201	0.00152823	0.00152823	2.45477e-09	1.60628e-06
5.83401	0.00118422	0.00118422	1.53921e-09	1.29977e-06
5.95601	0.000918031	0.000918032	9.65403e-10	1.0516e-06
6.07801	0.000712292	0.000712292	6.06291e-10	8.51183e-07
6.20001	0.000553312	0.000553312	3.81544e-10	6.89563e-07
6.32201	0.000430422	0.000430422	2.40747e-10	5.59329e-07
6.44401	0.000335355	0.000335355	1.52388e-10	4.54406e-07
6.56601	0.000261729	0.000261729	9.68013e-11	3.69854e-07
6.68801	0.000204627	0.000204627	6.173e-11	3.0167e-07
6.81001	0.000160272	0.000160272	3.95281e-11	2.46631e-07
6.93201	0.000125759	0.000125759	2.54218e-11	2.02147e-07
7.05401	9.88575e-05	9.88575e-05	1.64241e-11	1.66139e-07
7.17601	7.78504e-05	7.78504e-05	1.0661e-11	1.36942e-07
7.29801	6.1416e-05	6.1416e-05	6.95342e-12	1.13218e-07
7.42001	4.85352e-05	4.85352e-05	4.55738e-12	9.38986e-08
7.54201	3.84211e-05	3.84211e-05	3.00168e-12	7.81259e-08
7.66401	3.04652e-05	3.04652e-05	1.98676e-12	6.52138e-08
7.78601	2.4196e-05	2.4196e-05	1.32139e-12	5.46118e-08
7.90801	1.9247e-05	1.9247e-05	8.83013e-13	4.58779e-08
8.03001	1.53337e-05	1.53337e-05	5.92772e-13	3.86581e-08
8.15201	1.22342e-05	1.22342e-05	3.99671e-13	3.26683e-08
8.27401	9.77532e-06	9.77532e-06	2.70585e-13	2.76804e-08
8.39601	7.82156e-06	7.82156e-06	1.83885e-13	2.351e-08
8.51801	6.26675e-06	6.26675e-06	1.25388e-13	2.00085e-08
8.64001	5.02761e-06	5.02761e-06	8.57509e-14	1.7056e-08
8.76201	4.03862e-06	4.03862e-06	5.87828e-14	1.45551e-08
8.88401	3.24819e-06	3.24819e-06	4.0363e-14	1.24263e-08
9.00601	2.61558e-06	2.61558e-06	2.77357e-14	1.0604e-08
9.12801	2.10862e-06	2.10862e-06	1.90501e-14	9.03438e-09
9.25001	1.70183e-06	1.70183e-06	1.30578e-14	7.67279e-09
9.37201	1.37502e-06	1.37502e-06	8.91277e-15	6.48193e-09
9.49401	1.11213e-06	1.11213e-06	6.03944e-15	5.4305e-09
9.61601	9.0043e-07	9.0043e-07	4.04496e-15	4.49226e-09
9.73801	7.29753e-07	7.29753e-07	2.66031e-15	3.64549e-09
9.86001	5.91996e-07	5.91996e-07	1.70038e-15	2.87228e-09
9.98201	4.80696e-07	4.80696e-07	1.03749e-15	2.1583e-09
10.104	3.90674e-07	3.90674e-07	5.83121e-16	1.4926e-09
10.226	3.17791e-07	3.17791e-07	2.75712e-16	8.67588e-10
10.348	2.58726e-07	2.58726e-07	7.21823e-17	2.78991e-10
10.47	2.10814e-07	2.10814e-07	-5.77997e-17	-2.74174e-10
10.592	1.71915e-07	1.71915e-07	-1.35743e-16	-7.89596e-10
10.714	1.40302e-07	1.40302e-07	-1.77012e-16	-1.26165e-09
10.836	1.1459e-07	1.1459e-07	-1.92713e-16	-1.68176e-09
10.958	9.36597e-08	9.36597e-08	-1.90931e-16	-2.03856e-09
11.08	7.66082e-08	7.66082e-08	-1.77617e-16	-2.31851e-09
11.202	6.27049e-08	6.27049e-08	-1.5717e-16	-2.5065e-09
11.324	5.13599e-08	5.13599e-08	-1.3287e-16	-2.58703e-09
11.446	4.20956e-08	4.20956e-08	-1.07176e-16	-2.54601e-09
11.568	3.45248e-08	3.45248e-08	-8.19197e-17	-2.37278e-09
11.69	2.83336e-08	2.83336e-08	-5.84721e-17	-2.0637e-09
11.812	2.3267e-08	2.3267e-08	-3.78752e-17	-1.62785e-09
11.934	1.91178e-08	1.91178e-08	-2.09529e-17	-1.09599e-09
12.056	1.57178e-08	1.57178e-08	-8.37899e-18	-5.33091e-10
12.178	1.29298e-08	1.29298e-08	-8.0706e-19	-6.24186e-11
