# r(fm)	Density(fm-3)	Target_density	Difference	Relative diff.
0.1	0.0780797	0.0780802	4.84907e-07	6.21037e-06
0.222	0.0778517	0.0778517	9.01193e-09	1.15758e-07
0.344	0.0774682	0.0774682	1.06967e-08	1.38078e-07
0.466	0.0769435	0.0769435	3.90766e-08	5.07861e-07
0.588	0.0762988	0.0762989	7.0873e-08	9.28886e-07
0.710001	0.0755617	0.0755618	1.05655e-07	1.39826e-06
0.832001	0.0747636	0.0747637	1.43983e-07	1.92584e-06
0.954001	0.073938	0.0739382	1.86046e-07	2.51623e-06
1.076	0.0731182	0.0731185	2.31856e-07	3.17097e-06
1.198	0.0723349	0.0723351	2.81441e-07	3.8908e-06
1.32	0.0716132	0.0716135	3.34915e-07	4.6767e-06
1.442	0.0709703	0.0709707	3.92482e-07	5.53019e-06
1.564	0.0704131	0.0704136	4.54381e-07	6.45302e-06
1.686	0.0699367	0.0699373	5.20792e-07	7.44656e-06
1.808	0.0695241	0.0695247	5.91717e-07	8.51089e-06
1.93	0.0691462	0.0691469	6.66843e-07	9.64387e-06
2.052	0.0687644	0.0687652	7.45417e-07	1.084e-05
2.174	0.0683318	0.0683326	8.26123e-07	1.20897e-05
2.296	0.0677966	0.0677975	9.07026e-07	1.33785e-05
2.418	0.0671049	0.0671059	9.85542e-07	1.46864e-05
2.54	0.0662041	0.0662051	1.0585e-06	1.59883e-05
2.662	0.0650445	0.0650456	1.12228e-06	1.72537e-05
2.784	0.0635832	0.0635844	1.173e-06	1.84479e-05
2.906	0.061785	0.0617862	1.20682e-06	1.95321e-05
3.028	0.0596254	0.0596266	1.2203e-06	2.04657e-05
3.15	0.057092	0.0570932	1.2108e-06	2.12074e-05
3.272	0.0541867	0.0541879	1.17684e-06	2.17178e-05
3.394	0.0509271	0.0509282	1.11849e-06	2.1962e-05
3.516	0.0473481	0.0473491	1.03756e-06	2.19131e-05
3.638	0.0435023	0.0435032	9.377e-07	2.15547e-05
3.76	0.0394595	0.0394603	8.24125e-07	2.08849e-05
3.882	0.0353046	0.0353053	7.03215e-07	1.99181e-05
4.004	0.0311332	0.0311338	5.8177e-07	1.86861e-05
4.126	0.0270457	0.0270461	4.66193e-07	1.7237e-05
4.248	0.0231392	0.0231396	3.61722e-07	1.56322e-05
4.37	0.0194998	0.0195	2.71846e-07	1.39408e-05
4.492	0.0161943	0.0161945	1.98105e-07	1.22329e-05
4.614	0.0132664	0.0132665	1.4026e-07	1.05725e-05
4.736	0.0107338	0.0107339	9.67341e-08	9.012e-06
4.858	0.00859083	0.00859089	6.51915e-08	7.58844e-06
4.98	0.006813	0.00681304	4.30804e-08	6.32322e-06
5.102	0.00536308	0.00536311	2.80132e-08	5.22332e-06
5.224	0.00419749	0.00419751	1.79848e-08	4.28464e-06
5.346	0.00327131	0.00327132	1.14348e-08	3.49548e-06
5.468	0.00254208	0.00254209	7.21928e-09	2.8399e-06
5.59	0.00197188	0.00197188	4.53588e-09	2.30028e-06
5.71201	0.00152823	0.00152823	2.84126e-09	1.85918e-06
5.83401	0.00118422	0.00118422	1.77683e-09	1.50043e-06
5.95601	0.000918031	0.000918032	1.11053e-09	1.20968e-06
6.07801	0.000712292	0.000712292	6.9421e-10	9.74613e-07
6.20001	0.000553312	0.000553312	4.34252e-10	7.84822e-07
6.32201	0.000430422	0.000430422	2.71895e-10	6.31694e-07
6.44401	0.000335355	0.000335355	1.70419e-10	5.08174e-07
6.56601	0.000261729	0.000261729	1.06923e-10	4.08525e-07
6.68801	0.000204627	0.000204627	6.71385e-11	3.28101e-07
6.81001	0.000160272	0.000160272	4.21773e-11	2.63161e-07
6.93201	0.000125759	0.000125759	2.6497e-11	2.10697e-07
7.05401	9.88575e-05	9.88575e-05	1.66371e-11	1.68293e-07
7.17601	7.78504e-05	7.78504e-05	1.04328e-11	1.34011e-07
7.29801	6.1416e-05	6.1416e-05	6.52796e-12	1.06291e-07
7.42001	4.85352e-05	4.85352e-05	4.07114e-12	8.38802e-08
7.54201	3.84211e-05	3.84211e-05	2.52699e-12	6.57709e-08
7.66401	3.04652e-05	3.04652e-05	1.55828e-12	5.11495e-08
7.78601	2.4196e-05	2.4196e-05	9.52335e-13	3.93592e-08
7.90801	1.9247e-05	1.9247e-05	5.74868e-13	2.98679e-08
8.03001	1.53337e-05	1.53337e-05	3.41093e-13	2.22447e-08
8.15201	1.22342e-05	1.22342e-05	1.97452e-13	1.61393e-08
8.27401	9.77532e-06	9.77532e-06	1.1014e-13	1.12671e-08
8.39601	7.82156e-06	7.82156e-06	5.78497e-14	7.39618e-09
8.51801	6.26675e-06	6.26675e-06	2.71832e-14	4.33769e-09
8.64001	5.02761e-06	5.02761e-06	9.74427e-15	1.93815e-09
8.76201	4.03862e-06	4.03862e-06	2.93167e-16	7.25907e-11
8.88401	3.24819e-06	3.24819e-06	-4.41859e-15	-1.36032e-09
9.00601	2.61558e-06	2.61558e-06	-6.38836e-15	-2.44242e-09
9.12801	2.10862e-06	2.10862e-06	-6.83099e-15	-3.23955e-09
9.25001	1.70183e-06	1.70183e-06	-6.47438e-15	-3.80436e-09
9.37201	1.37502e-06	1.37502e-06	-5.74583e-15	-4.17873e-09
9.49401	1.11213e-06	1.11213e-06	-4.88855e-15	-4.39565e-09
9.61601	9.0043e-07	9.0043e-07	-4.03478e-15	-4.48095e-09
9.73801	7.29753e-07	7.29753e-07	-3.2509e-15	-4.45479e-09
9.86001	5.91996e-07	5.91996e-07	-2.56517e-15	-4.33309e-09
9.98201	4.80696e-07	4.80696e-07	-1.9846e-15	-4.12861e-09
10.104	3.90674e-07	3.90674e-07	-1.50489e-15	-3.85203e-09
10.226	3.17791e-07	3.17791e-07	-1.1164e-15	-3.513e-09
10.348	2.58726e-07	2.58726e-07	-8.07471e-16	-3.12095e-09
10.47	2.10814e-07	2.10814e-07	-5.66243e-16	-2.68598e-09
10.592	1.71915e-07	1.71915e-07	-3.81542e-16	-2.21937e-09
10.714	1.40302e-07	1.40302e-07	-2.43303e-16	-1.73414e-09
10.836	1.1459e-07	1.1459e-07	-1.42698e-16	-1.24529e-09
10.958	9.36597e-08	9.36597e-08	-7.21101e-17	-7.69916e-10
11.08	7.66082e-08	7.66082e-08	-2.5048e-17	-3.26963e-10
11.202	6.27049e-08	6.27049e-08	3.97125e-18	6.33324e-11
11.324	5.13599e-08	5.13599e-08	1.95333e-17	3.80322e-10
11.446	4.20956e-08	4.20956e-08	2.54412e-17	6.04366e-10
11.568	3.45248e-08	3.45248e-08	2.48276e-17	7.19123e-10
11.69	2.83336e-08	2.83336e-08	2.027e-17	7.15404e-10
11.812	2.3267e-08	2.3267e-08	1.39019e-17	5.97492e-10
11.934	1.91178e-08	1.91178e-08	7.50022e-18	3.92316e-10
12.056	1.57178e-08	1.57178e-08	2.51169e-18	1.598e-10
12.178	1.29298e-08	1.29298e-08	2.52704e-20	1.95443e-12
