# r(fm)	Density(fm-3)	Target_density	Difference	Relative diff.
0.1	0.0639436	0.0640822	0.000138682	0.00216413
0.229	0.0637633	0.0635311	-0.000232213	-0.0036551
0.358	0.0634623	0.0634436	-1.86893e-05	-0.000294581
0.487	0.0630456	0.0630441	-1.49348e-06	-2.36894e-05
0.616001	0.0625312	0.0625312	-6.6235e-09	-1.05923e-07
0.745001	0.0619407	0.0619408	1.38983e-07	2.2438e-06
0.874001	0.0612983	0.0612985	1.81791e-07	2.96566e-06
1.003	0.0606308	0.0606311	2.26724e-07	3.73941e-06
1.132	0.0599646	0.0599649	2.79582e-07	4.66243e-06
1.261	0.0593244	0.0593248	3.3909e-07	5.71582e-06
1.39	0.0587309	0.0587313	4.04381e-07	6.88526e-06
1.519	0.058199	0.0581994	4.75156e-07	8.16427e-06
1.648	0.0577354	0.0577359	5.51405e-07	9.55047e-06
1.777	0.057338	0.0573386	6.33188e-07	1.10429e-05
1.906	0.0569951	0.0569958	7.20442e-07	1.26403e-05
2.035	0.0566855	0.0566863	8.12804e-07	1.43386e-05
2.164	0.0563801	0.056381	9.0945e-07	1.61304e-05
2.293	0.0560427	0.0560437	1.00894e-06	1.80027e-05
2.422	0.0556333	0.0556344	1.10914e-06	1.99362e-05
2.551	0.0551091	0.0551103	1.20714e-06	2.19041e-05
2.68	0.054428	0.0544293	1.29935e-06	2.38722e-05
2.809	0.0535498	0.0535512	1.38154e-06	2.57985e-05
2.938	0.0524388	0.0524403	1.44913e-06	2.76339e-05
3.067	0.0510653	0.0510668	1.49745e-06	2.93233e-05
3.196	0.0494071	0.0494086	1.52216e-06	3.08076e-05
3.325	0.0474513	0.0474528	1.5197e-06	3.20255e-05
3.454	0.0451956	0.0451971	1.48778e-06	3.29175e-05
3.583	0.0426498	0.0426513	1.4258e-06	3.34292e-05
3.712	0.0398369	0.0398382	1.33521e-06	3.35157e-05
3.841	0.0367936	0.0367948	1.21964e-06	3.31469e-05
3.97	0.0335704	0.0335715	1.08475e-06	3.23115e-05
4.099	0.0302307	0.0302316	9.37829e-07	3.10215e-05
4.228	0.0268473	0.0268481	7.87025e-07	2.9314e-05
4.357	0.0234991	0.0234997	6.40392e-07	2.72511e-05
4.486	0.0202649	0.0202654	5.0494e-07	2.49164e-05
4.615	0.0172174	0.0172177	3.85829e-07	2.24088e-05
4.744	0.0144166	0.0144169	2.85922e-07	1.98324e-05
4.87301	0.0119055	0.0119057	2.05815e-07	1.72871e-05
5.00201	0.00970727	0.00970741	1.44243e-07	1.4859e-05
5.13101	0.0078255	0.0078256	9.87083e-08	1.26135e-05
5.26001	0.00624725	0.00624732	6.61783e-08	1.05931e-05
5.38901	0.00494712	0.00494716	4.36218e-08	8.81755e-06
5.51801	0.00389245	0.00389248	2.83694e-08	7.28826e-06
5.64701	0.00304771	0.00304773	1.82643e-08	5.99275e-06
5.77601	0.00237798	0.00237799	1.16759e-08	4.90999e-06
5.90501	0.00185115	0.00185116	7.43172e-09	4.01464e-06
6.03401	0.00143914	0.00143914	4.72083e-09	3.28031e-06
6.16301	0.00111825	0.00111825	2.99892e-09	2.68179e-06
6.29201	0.000869016	0.000869018	1.90846e-09	2.19611e-06
6.42101	0.000675744	0.000675745	1.21851e-09	1.80321e-06
6.55001	0.000525972	0.000525973	7.81549e-10	1.48591e-06
6.67901	0.000409913	0.000409913	5.04129e-10	1.22984e-06
6.80801	0.000319928	0.000319928	3.27321e-10	1.02311e-06
6.93701	0.000250094	0.000250095	2.14074e-10	8.55972e-07
7.06601	0.000195833	0.000195834	1.41105e-10	7.20533e-07
7.19501	0.000153613	0.000153613	9.37672e-11	6.10412e-07
7.32401	0.000120707	0.000120707	6.28248e-11	5.20472e-07
7.45301	9.50201e-05	9.50201e-05	4.24376e-11	4.46617e-07
7.58201	7.49316e-05	7.49316e-05	2.88914e-11	3.8557e-07
7.71101	5.9194e-05	5.9194e-05	1.98144e-11	3.34736e-07
7.84001	4.6842e-05	4.6842e-05	1.36804e-11	2.92055e-07
7.96901	3.71305e-05	3.71305e-05	9.50194e-12	2.55907e-07
8.09801	2.94811e-05	2.94811e-05	6.63366e-12	2.25014e-07
8.22701	2.34452e-05	2.34452e-05	4.65089e-12	1.98373e-07
8.35601	1.86744e-05	1.86744e-05	3.27169e-12	1.75196e-07
8.48501	1.48973e-05	1.48973e-05	2.30703e-12	1.54863e-07
8.61401	1.19017e-05	1.19017e-05	1.62912e-12	1.36881e-07
8.74301	9.52226e-06	9.52227e-06	1.15082e-12	1.20856e-07
8.87201	7.62921e-06	7.62921e-06	8.123e-13	1.06472e-07
9.00101	6.12081e-06	6.12081e-06	5.72095e-13	9.34673e-08
9.13001	4.91707e-06	4.91707e-06	4.01346e-13	8.16229e-08
9.25901	3.95513e-06	3.95513e-06	2.79844e-13	7.07548e-08
9.38801	3.18532e-06	3.18532e-06	1.93365e-13	6.0705e-08
9.51701	2.56842e-06	2.56842e-06	1.31858e-13	5.13384e-08
9.64601	2.0734e-06	2.0734e-06	8.82034e-14	4.25404e-08
9.77501	1.67569e-06	1.67569e-06	5.7337e-14	3.4217e-08
9.90401	1.35575e-06	1.35575e-06	3.56481e-14	2.6294e-08
10.033	1.09805e-06	1.09805e-06	2.05545e-14	1.8719e-08
10.162	8.90253e-07	8.90253e-07	1.02036e-14	1.14615e-08
10.291	7.22502e-07	7.22502e-07	3.26117e-15	4.51372e-09
10.42	5.86929e-07	5.86929e-07	-1.23832e-15	-2.10982e-09
10.549	4.77243e-07	4.77243e-07	-3.99636e-15	-8.37386e-09
10.678	3.88411e-07	3.88411e-07	-5.52501e-15	-1.42246e-08
10.807	3.16395e-07	3.16395e-07	-6.19941e-15	-1.95939e-08
10.936	2.57953e-07	2.57953e-07	-6.29507e-15	-2.4404e-08
11.065	2.10482e-07	2.10482e-07	-6.01413e-15	-2.85732e-08
11.194	1.71886e-07	1.71886e-07	-5.50422e-15	-3.20225e-08
11.323	1.40479e-07	1.40479e-07	-4.87196e-15	-3.4681e-08
11.452	1.14899e-07	1.14899e-07	-4.19286e-15	-3.64918e-08
11.581	9.40468e-08	9.40468e-08	-3.51885e-15	-3.74159e-08
11.71	7.7035e-08	7.7035e-08	-2.88377e-15	-3.74345e-08
11.839	6.31454e-08	6.31454e-08	-2.30796e-15	-3.655e-08
11.968	5.17957e-08	5.17956e-08	-1.80169e-15	-3.47847e-08
12.097	4.25145e-08	4.25145e-08	-1.36808e-15	-3.21791e-08
12.226	3.4919e-08	3.4919e-08	-1.0053e-15	-2.87895e-08
12.355	2.86988e-08	2.86988e-08	-7.08458e-16	-2.46859e-08
12.484	2.36014e-08	2.36014e-08	-4.70876e-16	-1.99512e-08
12.613	1.94211e-08	1.94211e-08	-2.84958e-16	-1.46726e-08
12.742	1.59905e-08	1.59905e-08	-1.42589e-16	-8.91705e-09
12.871	1.31736e-08	1.31736e-08	-3.83184e-17	-2.90873e-09
