# r(fm)	Density(fm-3)	Target_density	Difference	Relative diff.
0.1	0.0639436	0.0639755	3.18929e-05	0.000498518
0.229	0.0637633	0.0637649	1.5222e-06	2.3872e-05
0.358	0.0634623	0.0634626	2.41377e-07	3.80346e-06
0.487	0.0630456	0.0630457	6.66511e-08	1.05719e-06
0.616001	0.0625312	0.0625313	4.50367e-08	7.20227e-07
0.745001	0.0619407	0.0619407	5.37512e-08	8.67785e-07
0.874001	0.0612983	0.0612984	7.07095e-08	1.15353e-06
1.003	0.0606308	0.0606309	9.10749e-08	1.50212e-06
1.132	0.0599646	0.0599647	1.13637e-07	1.89506e-06
1.261	0.0593244	0.0593245	1.38093e-07	2.32775e-06
1.39	0.0587309	0.0587311	1.6442e-07	2.79954e-06
1.519	0.058199	0.0581991	1.92706e-07	3.31115e-06
1.648	0.0577354	0.0577356	2.23075e-07	3.86373e-06
1.777	0.057338	0.0573383	2.55633e-07	4.45834e-06
1.906	0.0569951	0.0569954	2.90411e-07	5.09534e-06
2.035	0.0566855	0.0566858	3.27294e-07	5.77383e-06
2.164	0.0563801	0.0563804	3.65969e-07	6.49107e-06
2.293	0.0560427	0.0560431	4.05858e-07	7.24189e-06
2.422	0.0556333	0.0556337	4.46091e-07	8.01836e-06
2.551	0.0551091	0.0551096	4.85484e-07	8.80943e-06
2.68	0.054428	0.0544285	5.22564e-07	9.60093e-06
2.809	0.0535498	0.0535504	5.55615e-07	1.03756e-05
2.938	0.0524388	0.0524394	5.82775e-07	1.11133e-05
3.067	0.0510653	0.0510659	6.02161e-07	1.17918e-05
3.196	0.0494071	0.0494077	6.12024e-07	1.23872e-05
3.325	0.0474513	0.0474519	6.10944e-07	1.2875e-05
3.454	0.0451956	0.0451962	5.98008e-07	1.32314e-05
3.583	0.0426498	0.0426504	5.72992e-07	1.34346e-05
3.712	0.0398369	0.0398374	5.36491e-07	1.3467e-05
3.841	0.0367936	0.0367941	4.89972e-07	1.33166e-05
3.97	0.0335704	0.0335709	4.3572e-07	1.29791e-05
4.099	0.0302307	0.030231	3.76664e-07	1.24595e-05
4.228	0.0268473	0.0268476	3.16077e-07	1.1773e-05
4.357	0.0234991	0.0234993	2.57192e-07	1.09446e-05
4.486	0.0202649	0.0202651	2.02817e-07	1.00082e-05
4.615	0.0172174	0.0172175	1.5502e-07	9.00361e-06
4.744	0.0144166	0.0144167	1.14941e-07	7.97279e-06
4.87301	0.0119055	0.0119055	8.28154e-08	6.95604e-06
5.00201	0.00970727	0.00970733	5.81287e-08	5.98813e-06
5.13101	0.0078255	0.00782554	3.98746e-08	5.09545e-06
5.26001	0.00624725	0.00624728	2.68337e-08	4.29526e-06
5.38901	0.00494712	0.00494714	1.77884e-08	3.59569e-06
5.51801	0.00389245	0.00389246	1.16672e-08	2.99738e-06
5.64701	0.00304771	0.00304772	7.6054e-09	2.49544e-06
5.77601	0.00237798	0.00237798	4.94962e-09	2.08144e-06
5.90501	0.00185115	0.00185115	3.23053e-09	1.74515e-06
6.03401	0.00143914	0.00143914	2.12389e-09	1.47581e-06
6.16301	0.00111825	0.00111825	1.41238e-09	1.26302e-06
6.29201	0.000869016	0.000869017	9.53448e-10	1.09716e-06
6.42101	0.000675744	0.000675744	6.55209e-10	9.69611e-07
6.55001	0.000525972	0.000525973	4.59091e-10	8.72843e-07
6.67901	0.000409913	0.000409913	3.28063e-10	8.00324e-07
6.80801	0.000319928	0.000319928	2.38811e-10	7.46452e-07
6.93701	0.000250094	0.000250095	1.76681e-10	7.06458e-07
7.06601	0.000195833	0.000195834	1.32444e-10	6.76308e-07
7.19501	0.000153613	0.000153613	1.00252e-10	6.52629e-07
7.32401	0.000120707	0.000120707	7.63637e-11	6.32635e-07
7.45301	9.50201e-05	9.50201e-05	5.835e-11	6.14081e-07
7.58201	7.49316e-05	7.49316e-05	4.46002e-11	5.95212e-07
7.71101	5.9194e-05	5.9194e-05	3.40204e-11	5.74727e-07
7.84001	4.6842e-05	4.68421e-05	2.58445e-11	5.51737e-07
7.96901	3.71305e-05	3.71305e-05	1.95204e-11	5.25725e-07
8.09801	2.94811e-05	2.94811e-05	1.46375e-11	4.96505e-07
8.22701	2.34452e-05	2.34452e-05	1.08826e-11	4.64174e-07
8.35601	1.86744e-05	1.86744e-05	8.01258e-12	4.29067e-07
8.48501	1.48973e-05	1.48973e-05	5.83539e-12	3.91709e-07
8.61401	1.19017e-05	1.19018e-05	4.1985e-12	3.52763e-07
8.74301	9.52226e-06	9.52227e-06	2.98036e-12	3.12988e-07
8.87201	7.62921e-06	7.62921e-06	2.08425e-12	2.73193e-07
9.00101	6.12081e-06	6.12081e-06	1.43348e-12	2.34198e-07
9.13001	4.91707e-06	4.91708e-06	9.67658e-13	1.96795e-07
9.25901	3.95513e-06	3.95513e-06	6.39639e-13	1.61724e-07
9.38801	3.18532e-06	3.18532e-06	4.12937e-13	1.29638e-07
9.51701	2.56842e-06	2.56842e-06	2.59624e-13	1.01083e-07
9.64601	2.0734e-06	2.0734e-06	1.58574e-13	7.648e-08
9.77501	1.67569e-06	1.67569e-06	9.40161e-14	5.61059e-08
9.90401	1.35575e-06	1.35575e-06	5.4344e-14	4.00841e-08
10.033	1.09805e-06	1.09805e-06	3.11595e-14	2.8377e-08
10.162	8.90253e-07	8.90253e-07	1.85048e-14	2.0786e-08
10.291	7.22502e-07	7.22502e-07	1.22524e-14	1.69583e-08
10.42	5.86929e-07	5.86929e-07	9.62684e-15	1.64021e-08
10.549	4.77243e-07	4.77243e-07	8.83392e-15	1.85103e-08
10.678	3.88411e-07	3.88411e-07	8.77577e-15	2.2594e-08
10.807	3.16395e-07	3.16395e-07	8.83424e-15	2.79216e-08
10.936	2.57953e-07	2.57953e-07	8.70958e-15	3.37642e-08
11.065	2.10482e-07	2.10482e-07	8.30172e-15	3.94415e-08
11.194	1.71886e-07	1.71886e-07	7.62556e-15	4.4364e-08
11.323	1.40479e-07	1.40479e-07	6.75249e-15	4.80676e-08
11.452	1.14899e-07	1.14899e-07	5.77208e-15	5.02363e-08
11.581	9.40468e-08	9.40468e-08	4.76906e-15	5.07095e-08
11.71	7.7035e-08	7.7035e-08	3.81125e-15	4.94743e-08
11.839	6.31454e-08	6.31454e-08	2.94534e-15	4.66438e-08
11.968	5.17957e-08	5.17957e-08	2.19751e-15	4.24266e-08
12.097	4.25145e-08	4.25145e-08	1.57701e-15	3.70935e-08
12.226	3.4919e-08	3.4919e-08	1.08073e-15	3.09497e-08
12.355	2.86988e-08	2.86988e-08	6.97948e-16	2.43197e-08
12.484	2.36014e-08	2.36014e-08	4.14263e-16	1.75525e-08
12.613	1.94211e-08	1.94211e-08	2.14669e-16	1.10534e-08
12.742	1.59905e-08	1.59905e-08	8.56789e-17	5.3581e-09
12.871	1.31736e-08	1.31736e-08	1.68594e-17	1.27979e-09
