# r(fm)	Density(fm-3)	Target_density	Difference	Relative diff.
0.1	0.0639436	0.0639916	4.8022e-05	0.000750443
0.229	0.0637633	0.0637653	1.92805e-06	3.02367e-05
0.358	0.0634623	0.0634626	2.87542e-07	4.53088e-06
0.487	0.0630456	0.0630457	7.29204e-08	1.15663e-06
0.616001	0.0625312	0.0625313	4.59401e-08	7.34673e-07
0.745001	0.0619407	0.0619407	5.38258e-08	8.68989e-07
0.874001	0.0612983	0.0612984	7.06283e-08	1.1522e-06
1.003	0.0606308	0.0606309	9.09431e-08	1.49994e-06
1.132	0.0599646	0.0599647	1.13469e-07	1.89227e-06
1.261	0.0593244	0.0593245	1.3789e-07	2.32434e-06
1.39	0.0587309	0.0587311	1.64181e-07	2.79547e-06
1.519	0.058199	0.0581991	1.92428e-07	3.30637e-06
1.648	0.0577354	0.0577356	2.22756e-07	3.85821e-06
1.777	0.057338	0.0573383	2.55272e-07	4.45203e-06
1.906	0.0569951	0.0569954	2.90004e-07	5.0882e-06
2.035	0.0566855	0.0566858	3.2684e-07	5.76581e-06
2.164	0.0563801	0.0563804	3.65465e-07	6.48212e-06
2.293	0.0560427	0.0560431	4.05303e-07	7.23198e-06
2.422	0.0556333	0.0556337	4.45485e-07	8.00746e-06
2.551	0.0551091	0.0551096	4.84828e-07	8.79752e-06
2.68	0.054428	0.0544285	5.21861e-07	9.58801e-06
2.809	0.0535498	0.0535504	5.5487e-07	1.03617e-05
2.938	0.0524388	0.0524394	5.81997e-07	1.10985e-05
3.067	0.0510653	0.0510659	6.01358e-07	1.17761e-05
3.196	0.0494071	0.0494077	6.11211e-07	1.23708e-05
3.325	0.0474513	0.0474519	6.10133e-07	1.28579e-05
3.454	0.0451956	0.0451962	5.97217e-07	1.32139e-05
3.583	0.0426498	0.0426504	5.72236e-07	1.34169e-05
3.712	0.0398369	0.0398374	5.35784e-07	1.34493e-05
3.841	0.0367936	0.0367941	4.89328e-07	1.32991e-05
3.97	0.0335704	0.0335709	4.35147e-07	1.2962e-05
4.099	0.0302307	0.030231	3.76169e-07	1.24431e-05
4.228	0.0268473	0.0268476	3.15661e-07	1.17575e-05
4.357	0.0234991	0.0234993	2.56852e-07	1.09302e-05
4.486	0.0202649	0.0202651	2.02548e-07	9.99492e-06
4.615	0.0172174	0.0172175	1.54812e-07	8.99152e-06
4.744	0.0144166	0.0144167	1.14784e-07	7.96191e-06
4.87301	0.0119055	0.0119055	8.26993e-08	6.94629e-06
5.00201	0.00970727	0.00970733	5.80439e-08	5.97939e-06
5.13101	0.0078255	0.00782554	3.9813e-08	5.08758e-06
5.26001	0.00624725	0.00624728	2.67888e-08	4.28807e-06
5.38901	0.00494712	0.00494714	1.77551e-08	3.58897e-06
5.51801	0.00389245	0.00389246	1.16421e-08	2.99094e-06
5.64701	0.00304771	0.00304772	7.58601e-09	2.48908e-06
5.77601	0.00237798	0.00237798	4.93424e-09	2.07497e-06
5.90501	0.00185115	0.00185115	3.21806e-09	1.73841e-06
6.03401	0.00143914	0.00143914	2.1136e-09	1.46866e-06
6.16301	0.00111825	0.00111825	1.40377e-09	1.25533e-06
6.29201	0.000869016	0.000869017	9.46209e-10	1.08883e-06
6.42101	0.000675744	0.000675744	6.49106e-10	9.60579e-07
6.55001	0.000525972	0.000525973	4.5395e-10	8.63069e-07
6.67901	0.000409913	0.000409913	3.2375e-10	7.89801e-07
6.80801	0.000319928	0.000319928	2.35212e-10	7.35203e-07
6.93701	0.000250094	0.000250095	1.737e-10	6.94535e-07
7.06601	0.000195833	0.000195834	1.29993e-10	6.63794e-07
7.19501	0.000153613	0.000153613	9.82554e-11	6.3963e-07
7.32401	0.000120707	0.000120707	7.47515e-11	6.19278e-07
7.45301	9.50201e-05	9.50201e-05	5.70609e-11	6.00514e-07
7.58201	7.49316e-05	7.49316e-05	4.35797e-11	5.81593e-07
7.71101	5.9194e-05	5.9194e-05	3.32208e-11	5.61219e-07
7.84001	4.6842e-05	4.68421e-05	2.52246e-11	5.38504e-07
7.96901	3.71305e-05	3.71305e-05	1.90451e-11	5.12925e-07
8.09801	2.94811e-05	2.94811e-05	1.42772e-11	4.84284e-07
8.22701	2.34452e-05	2.34452e-05	1.06128e-11	4.52663e-07
8.35601	1.86744e-05	1.86744e-05	7.81294e-12	4.18376e-07
8.48501	1.48973e-05	1.48973e-05	5.68964e-12	3.81925e-07
8.61401	1.19017e-05	1.19018e-05	4.0936e-12	3.43949e-07
8.74301	9.52226e-06	9.52227e-06	2.90601e-12	3.0518e-07
8.87201	7.62921e-06	7.62921e-06	2.03243e-12	2.664e-07
9.00101	6.12081e-06	6.12081e-06	1.39802e-12	2.28405e-07
9.13001	4.91707e-06	4.91708e-06	9.43894e-13	1.91963e-07
9.25901	3.95513e-06	3.95513e-06	6.24082e-13	1.5779e-07
9.38801	3.18532e-06	3.18532e-06	4.03019e-13	1.26524e-07
9.51701	2.56842e-06	2.56842e-06	2.53488e-13	9.86943e-08
9.64601	2.0734e-06	2.0734e-06	1.54904e-13	7.471e-08
9.77501	1.67569e-06	1.67569e-06	9.18967e-14	5.48411e-08
9.90401	1.35575e-06	1.35575e-06	5.31565e-14	3.92082e-08
10.033	1.09805e-06	1.09805e-06	3.04987e-14	2.77752e-08
10.162	8.90253e-07	8.90253e-07	1.81163e-14	2.03496e-08
10.291	7.22502e-07	7.22502e-07	1.19855e-14	1.65889e-08
10.42	5.86929e-07	5.86929e-07	9.3999e-15	1.60154e-08
10.549	4.77243e-07	4.77243e-07	8.60913e-15	1.80393e-08
10.678	3.88411e-07	3.88411e-07	8.54147e-15	2.19908e-08
10.807	3.16395e-07	3.16395e-07	8.59283e-15	2.71586e-08
10.936	2.57953e-07	2.57953e-07	8.46956e-15	3.28338e-08
11.065	2.10482e-07	2.10482e-07	8.07285e-15	3.83542e-08
11.194	1.71886e-07	1.71886e-07	7.41617e-15	4.31458e-08
11.323	1.40479e-07	1.40479e-07	6.56829e-15	4.67563e-08
11.452	1.14899e-07	1.14899e-07	5.6159e-15	4.8877e-08
11.581	9.40468e-08	9.40468e-08	4.64123e-15	4.93502e-08
11.71	7.7035e-08	7.7035e-08	3.71014e-15	4.81617e-08
11.839	6.31454e-08	6.31454e-08	2.86806e-15	4.542e-08
11.968	5.17957e-08	5.17957e-08	2.14053e-15	4.13265e-08
12.097	4.25145e-08	4.25145e-08	1.53662e-15	3.61436e-08
12.226	3.4919e-08	3.4919e-08	1.05342e-15	3.01675e-08
12.355	2.86988e-08	2.86988e-08	6.80553e-16	2.37136e-08
12.484	2.36014e-08	2.36014e-08	4.04092e-16	1.71215e-08
12.613	1.94211e-08	1.94211e-08	2.09483e-16	1.07864e-08
12.742	1.59905e-08	1.59905e-08	8.36477e-17	5.23107e-09
12.871	1.31736e-08	1.31736e-08	1.64742e-17	1.25055e-09
