# r(fm)	Density(fm-3)	Target_density	Difference	Relative diff.
0.1	0.0639436	0.0639745	3.08941e-05	0.000482912
0.229	0.0637633	0.0637648	1.4785e-06	2.31868e-05
0.358	0.0634623	0.0634626	2.34946e-07	3.70213e-06
0.487	0.0630456	0.0630457	6.54394e-08	1.03797e-06
0.616001	0.0625312	0.0625313	4.47759e-08	7.16056e-07
0.745001	0.0619407	0.0619407	5.36717e-08	8.66502e-07
0.874001	0.0612983	0.0612984	7.06494e-08	1.15255e-06
1.003	0.0606308	0.0606309	9.09985e-08	1.50086e-06
1.132	0.0599646	0.0599647	1.13538e-07	1.89341e-06
1.261	0.0593244	0.0593245	1.3797e-07	2.32569e-06
1.39	0.0587309	0.0587311	1.64275e-07	2.79707e-06
1.519	0.058199	0.0581991	1.92538e-07	3.30827e-06
1.648	0.0577354	0.0577356	2.22885e-07	3.86044e-06
1.777	0.057338	0.0573383	2.5542e-07	4.45462e-06
1.906	0.0569951	0.0569954	2.90173e-07	5.09116e-06
2.035	0.0566855	0.0566858	3.2703e-07	5.76917e-06
2.164	0.0563801	0.0563804	3.65677e-07	6.48589e-06
2.293	0.0560427	0.0560431	4.05538e-07	7.23618e-06
2.422	0.0556333	0.0556337	4.45743e-07	8.01209e-06
2.551	0.0551091	0.0551096	4.85108e-07	8.8026e-06
2.68	0.054428	0.0544285	5.22161e-07	9.59353e-06
2.809	0.0535498	0.0535504	5.55189e-07	1.03676e-05
2.938	0.0524388	0.0524394	5.8233e-07	1.11048e-05
3.067	0.0510653	0.0510659	6.01703e-07	1.17829e-05
3.196	0.0494071	0.0494077	6.11561e-07	1.23778e-05
3.325	0.0474513	0.0474519	6.10483e-07	1.28653e-05
3.454	0.0451956	0.0451962	5.97559e-07	1.32214e-05
3.583	0.0426498	0.0426504	5.72563e-07	1.34246e-05
3.712	0.0398369	0.0398374	5.36091e-07	1.3457e-05
3.841	0.0367936	0.0367941	4.89608e-07	1.33067e-05
3.97	0.0335704	0.0335709	4.35397e-07	1.29695e-05
4.099	0.0302307	0.030231	3.76385e-07	1.24503e-05
4.228	0.0268473	0.0268476	3.15843e-07	1.17643e-05
4.357	0.0234991	0.0234993	2.57e-07	1.09365e-05
4.486	0.0202649	0.0202651	2.02665e-07	1.00007e-05
4.615	0.0172174	0.0172175	1.54901e-07	8.99672e-06
4.744	0.0144166	0.0144167	1.14851e-07	7.96654e-06
4.87301	0.0119055	0.0119055	8.27478e-08	6.95036e-06
5.00201	0.00970727	0.00970733	5.80783e-08	5.98294e-06
5.13101	0.0078255	0.00782554	3.9837e-08	5.09064e-06
5.26001	0.00624725	0.00624728	2.68053e-08	4.29071e-06
5.38901	0.00494712	0.00494714	1.77664e-08	3.59125e-06
5.51801	0.00389245	0.00389246	1.16499e-08	2.99293e-06
5.64701	0.00304771	0.00304772	7.59136e-09	2.49083e-06
5.77601	0.00237798	0.00237798	4.93798e-09	2.07654e-06
5.90501	0.00185115	0.00185115	3.22072e-09	1.73985e-06
6.03401	0.00143914	0.00143914	2.11553e-09	1.47e-06
6.16301	0.00111825	0.00111825	1.40521e-09	1.25661e-06
6.29201	0.000869016	0.000869017	9.47293e-10	1.09007e-06
6.42101	0.000675744	0.000675744	6.49936e-10	9.61807e-07
6.55001	0.000525972	0.000525973	4.54593e-10	8.6429e-07
6.67901	0.000409913	0.000409913	3.2425e-10	7.91021e-07
6.80801	0.000319928	0.000319928	2.35602e-10	7.36422e-07
6.93701	0.000250094	0.000250095	1.74004e-10	6.95751e-07
7.06601	0.000195833	0.000195834	1.30229e-10	6.64998e-07
7.19501	0.000153613	0.000153613	9.84373e-11	6.40814e-07
7.32401	0.000120707	0.000120707	7.48906e-11	6.20431e-07
7.45301	9.50201e-05	9.50201e-05	5.71663e-11	6.01623e-07
7.58201	7.49316e-05	7.49316e-05	4.36586e-11	5.82645e-07
7.71101	5.9194e-05	5.9194e-05	3.32791e-11	5.62204e-07
7.84001	4.6842e-05	4.68421e-05	2.52671e-11	5.3941e-07
7.96901	3.71305e-05	3.71305e-05	1.90756e-11	5.13744e-07
8.09801	2.94811e-05	2.94811e-05	1.42987e-11	4.85011e-07
8.22701	2.34452e-05	2.34452e-05	1.06276e-11	4.53294e-07
8.35601	1.86744e-05	1.86744e-05	7.82291e-12	4.1891e-07
8.48501	1.48973e-05	1.48973e-05	5.69618e-12	3.82364e-07
8.61401	1.19017e-05	1.19018e-05	4.09773e-12	3.44297e-07
8.74301	9.52226e-06	9.52227e-06	2.9085e-12	3.05442e-07
8.87201	7.62921e-06	7.62921e-06	2.03383e-12	2.66585e-07
9.00101	6.12081e-06	6.12081e-06	1.39873e-12	2.28521e-07
9.13001	4.91707e-06	4.91708e-06	9.44179e-13	1.9202e-07
9.25901	3.95513e-06	3.95513e-06	6.24123e-13	1.57801e-07
9.38801	3.18532e-06	3.18532e-06	4.02936e-13	1.26498e-07
9.51701	2.56842e-06	2.56842e-06	2.53356e-13	9.8643e-08
9.64601	2.0734e-06	2.0734e-06	1.54766e-13	7.46438e-08
9.77501	1.67569e-06	1.67569e-06	9.17773e-14	5.47699e-08
9.90401	1.35575e-06	1.35575e-06	5.3065e-14	3.91407e-08
10.033	1.09805e-06	1.09805e-06	3.0437e-14	2.7719e-08
10.162	8.90253e-07	8.90253e-07	1.80817e-14	2.03107e-08
10.291	7.22502e-07	7.22502e-07	1.1973e-14	1.65716e-08
10.42	5.86929e-07	5.86929e-07	9.40383e-15	1.60221e-08
10.549	4.77243e-07	4.77243e-07	8.62394e-15	1.80704e-08
10.678	3.88411e-07	3.88411e-07	8.56239e-15	2.20446e-08
10.807	3.16395e-07	3.16395e-07	8.61605e-15	2.72319e-08
10.936	2.57953e-07	2.57953e-07	8.49229e-15	3.29219e-08
11.065	2.10482e-07	2.10482e-07	8.09328e-15	3.84513e-08
11.194	1.71886e-07	1.71886e-07	7.4333e-15	4.32455e-08
11.323	1.40479e-07	1.40479e-07	6.58177e-15	4.68523e-08
11.452	1.14899e-07	1.14899e-07	5.62586e-15	4.89637e-08
11.581	9.40468e-08	9.40468e-08	4.64809e-15	4.94232e-08
11.71	7.7035e-08	7.7035e-08	3.71448e-15	4.82181e-08
11.839	6.31454e-08	6.31454e-08	2.87051e-15	4.54586e-08
11.968	5.17957e-08	5.17957e-08	2.14165e-15	4.1348e-08
12.097	4.25145e-08	4.25145e-08	1.53691e-15	3.61502e-08
12.226	3.4919e-08	3.4919e-08	1.05325e-15	3.01625e-08
12.355	2.86988e-08	2.86988e-08	6.80199e-16	2.37013e-08
12.484	2.36014e-08	2.36014e-08	4.03734e-16	1.71064e-08
12.613	1.94211e-08	1.94211e-08	2.09221e-16	1.07729e-08
12.742	1.59905e-08	1.59905e-08	8.35149e-17	5.22277e-09
12.871	1.31736e-08	1.31736e-08	1.64461e-17	1.24841e-09
