# r(fm)	Density(fm-3)	Target_density	Difference	Relative diff.
0.1	0.0639436	0.132589	0.0686454	0.517731
0.229	0.0637633	0.064185	0.000421681	0.00656977
0.358	0.0634623	0.0635288	6.64465e-05	0.00104593
0.487	0.0630456	0.0630569	1.12705e-05	0.000178735
0.616001	0.0625312	0.0625333	2.06968e-06	3.30972e-05
0.745001	0.0619407	0.0619411	4.64767e-07	7.50336e-06
0.874001	0.0612983	0.0612985	2.02501e-07	3.30353e-06
1.003	0.0606308	0.060631	1.93182e-07	3.18618e-06
1.132	0.0599646	0.0599649	2.34138e-07	3.90459e-06
1.261	0.0593244	0.0593247	2.85993e-07	4.8208e-06
1.39	0.0587309	0.0587313	3.41425e-07	5.81333e-06
1.519	0.058199	0.0581994	3.99661e-07	6.86711e-06
1.648	0.0577354	0.0577359	4.61195e-07	7.98802e-06
1.777	0.057338	0.0573385	5.26602e-07	9.18409e-06
1.906	0.0569951	0.0569957	5.96229e-07	1.04609e-05
2.035	0.0566855	0.0566862	6.70035e-07	1.18201e-05
2.164	0.0563801	0.0563808	7.4749e-07	1.32579e-05
2.293	0.0560427	0.0560436	8.27472e-07	1.47648e-05
2.422	0.0556333	0.0556342	9.08216e-07	1.63248e-05
2.551	0.0551091	0.0551101	9.87298e-07	1.7915e-05
2.68	0.054428	0.0544291	1.0617e-06	1.95061e-05
2.809	0.0535498	0.0535509	1.12791e-06	2.10623e-05
2.938	0.0524388	0.05244	1.18212e-06	2.25424e-05
3.067	0.0510653	0.0510665	1.22054e-06	2.39009e-05
3.196	0.0494071	0.0494083	1.23962e-06	2.50893e-05
3.325	0.0474513	0.0474525	1.23654e-06	2.60584e-05
3.454	0.0451956	0.0451968	1.2095e-06	2.67607e-05
3.583	0.0426498	0.042651	1.15812e-06	2.71533e-05
3.712	0.0398369	0.039838	1.08367e-06	2.72019e-05
3.841	0.0367936	0.0367946	9.8918e-07	2.68838e-05
3.97	0.0335704	0.0335713	8.79313e-07	2.61924e-05
4.099	0.0302307	0.0302314	7.60009e-07	2.51397e-05
4.228	0.0268473	0.0268479	6.37866e-07	2.37585e-05
4.357	0.0234991	0.0234996	5.19377e-07	2.21015e-05
4.486	0.0202649	0.0202653	4.10155e-07	2.02393e-05
4.615	0.0172174	0.0172177	3.143e-07	1.82545e-05
4.744	0.0144166	0.0144168	2.34043e-07	1.6234e-05
4.87301	0.0119055	0.0119056	1.69791e-07	1.42614e-05
5.00201	0.00970727	0.00970739	1.2046e-07	1.24091e-05
5.13101	0.0078255	0.00782558	8.39882e-08	1.07325e-05
5.26001	0.00624725	0.00624731	5.79047e-08	9.26875e-06
5.38901	0.00494712	0.00494716	3.97557e-08	8.03607e-06
5.51801	0.00389245	0.00389248	2.73929e-08	7.03741e-06
5.64701	0.00304771	0.00304773	1.90908e-08	6.26392e-06
5.77601	0.00237798	0.00237799	1.35519e-08	5.69889e-06
5.90501	0.00185115	0.00185116	9.84998e-09	5.32098e-06
6.03401	0.00143914	0.00143914	7.34913e-09	5.1066e-06
6.16301	0.00111825	0.00111826	5.62651e-09	5.0315e-06
6.29201	0.000869016	0.000869021	4.4073e-09	5.07157e-06
6.42101	0.000675744	0.000675747	3.51607e-09	5.20323e-06
6.55001	0.000525972	0.000525975	2.8422e-09	5.40367e-06
6.67901	0.000409913	0.000409915	2.31638e-09	5.65087e-06
6.80801	0.000319928	0.00031993	1.89517e-09	5.9237e-06
6.93701	0.000250094	0.000250096	1.55114e-09	6.20216e-06
7.06601	0.000195833	0.000195835	1.26658e-09	6.46758e-06
7.19501	0.000153613	0.000153614	1.02967e-09	6.70295e-06
7.32401	0.000120707	0.000120708	8.32075e-10	6.89328e-06
7.45301	9.50201e-05	9.50207e-05	6.67617e-10	7.02601e-06
7.58201	7.49316e-05	7.49321e-05	5.31365e-10	7.09128e-06
7.71101	5.9194e-05	5.91944e-05	4.19227e-10	7.0822e-06
7.84001	4.6842e-05	4.68424e-05	3.27662e-10	6.995e-06
7.96901	3.71305e-05	3.71307e-05	2.53568e-10	6.82907e-06
8.09801	2.94811e-05	2.94813e-05	1.94188e-10	6.58683e-06
8.22701	2.34452e-05	2.34453e-05	1.47085e-10	6.27353e-06
8.35601	1.86744e-05	1.86745e-05	1.10122e-10	5.89693e-06
8.48501	1.48973e-05	1.48973e-05	8.14414e-11	5.46684e-06
8.61401	1.19017e-05	1.19018e-05	5.94464e-11	4.99473e-06
8.74301	9.52226e-06	9.52231e-06	4.27852e-11	4.49315e-06
8.87201	7.62921e-06	7.62924e-06	3.03282e-11	3.97526e-06
9.00101	6.12081e-06	6.12083e-06	2.11432e-11	3.4543e-06
9.13001	4.91707e-06	4.91709e-06	1.44718e-11	2.94317e-06
9.25901	3.95513e-06	3.95514e-06	9.70564e-12	2.45393e-06
9.38801	3.18532e-06	3.18532e-06	6.3626e-12	1.99747e-06
9.51701	2.56842e-06	2.56842e-06	4.06615e-12	1.58313e-06
9.64601	2.0734e-06	2.0734e-06	2.52629e-12	1.21843e-06
9.77501	1.67569e-06	1.67569e-06	1.52289e-12	9.08816e-07
9.90401	1.35575e-06	1.35575e-06	8.91437e-13	6.57523e-07
10.033	1.09805e-06	1.09805e-06	5.11084e-13	4.65445e-07
10.162	8.90253e-07	8.90253e-07	2.94795e-13	3.31136e-07
10.291	7.22502e-07	7.22502e-07	1.81271e-13	2.50894e-07
10.42	5.86929e-07	5.86929e-07	1.28512e-13	2.18957e-07
10.549	4.77243e-07	4.77243e-07	1.08722e-13	2.27812e-07
10.678	3.88411e-07	3.88412e-07	1.04332e-13	2.68613e-07
10.807	3.16395e-07	3.16395e-07	1.04948e-13	3.31699e-07
10.936	2.57953e-07	2.57953e-07	1.05032e-13	4.07174e-07
11.065	2.10482e-07	2.10482e-07	1.0219e-13	4.85507e-07
11.194	1.71886e-07	1.71886e-07	9.59305e-14	5.58104e-07
11.323	1.40479e-07	1.40479e-07	8.67868e-14	6.17791e-07
11.452	1.14899e-07	1.14899e-07	7.57371e-14	6.59164e-07
11.581	9.40468e-08	9.40469e-08	6.38358e-14	6.78766e-07
11.71	7.7035e-08	7.70351e-08	5.20049e-14	6.75081e-07
11.839	6.31454e-08	6.31455e-08	4.09411e-14	6.48362e-07
11.968	5.17957e-08	5.17957e-08	3.10945e-14	6.0033e-07
12.097	4.25145e-08	4.25145e-08	2.26954e-14	5.33827e-07
12.226	3.4919e-08	3.49191e-08	1.58006e-14	4.52493e-07
12.355	2.86988e-08	2.86988e-08	1.03488e-14	3.60601e-07
12.484	2.36014e-08	2.36014e-08	6.21092e-15	2.63159e-07
12.613	1.94211e-08	1.94211e-08	3.23392e-15	1.66516e-07
12.742	1.59905e-08	1.59905e-08	1.27632e-15	7.98172e-08
12.871	1.31736e-08	1.31736e-08	2.33876e-16	1.77534e-08
