# r(fm)	Density(fm-3)	Target_density	Difference	Relative diff.
0.1	0.0639436	0.0639737	3.01418e-05	0.00047116
0.229	0.0637633	0.0637648	1.44088e-06	2.25969e-05
0.358	0.0634623	0.0634626	2.29193e-07	3.61146e-06
0.487	0.0630456	0.0630457	6.43159e-08	1.02015e-06
0.616001	0.0625312	0.0625313	4.45263e-08	7.12065e-07
0.745001	0.0619407	0.0619407	5.35916e-08	8.65209e-07
0.874001	0.0612983	0.0612984	7.0586e-08	1.15151e-06
1.003	0.0606308	0.0606309	9.09176e-08	1.49952e-06
1.132	0.0599646	0.0599647	1.13432e-07	1.89165e-06
1.261	0.0593244	0.0593245	1.37841e-07	2.3235e-06
1.39	0.0587309	0.0587311	1.64121e-07	2.79445e-06
1.519	0.058199	0.0581991	1.92361e-07	3.30522e-06
1.648	0.0577354	0.0577356	2.22683e-07	3.85695e-06
1.777	0.057338	0.0573383	2.55193e-07	4.45067e-06
1.906	0.0569951	0.0569954	2.8992e-07	5.08673e-06
2.035	0.0566855	0.0566858	3.2675e-07	5.76422e-06
2.164	0.0563801	0.0563804	3.65368e-07	6.4804e-06
2.293	0.0560427	0.0560431	4.05198e-07	7.23011e-06
2.422	0.0556333	0.0556337	4.45372e-07	8.00543e-06
2.551	0.0551091	0.0551096	4.84707e-07	8.79533e-06
2.68	0.054428	0.0544285	5.21733e-07	9.58565e-06
2.809	0.0535498	0.0535504	5.54736e-07	1.03591e-05
2.938	0.0524388	0.0524394	5.81857e-07	1.10958e-05
3.067	0.0510653	0.0510659	6.01216e-07	1.17733e-05
3.196	0.0494071	0.0494077	6.11068e-07	1.23679e-05
3.325	0.0474513	0.0474519	6.09993e-07	1.2855e-05
3.454	0.0451956	0.0451962	5.97081e-07	1.32109e-05
3.583	0.0426498	0.0426504	5.72107e-07	1.34139e-05
3.712	0.0398369	0.0398374	5.35665e-07	1.34463e-05
3.841	0.0367936	0.0367941	4.8922e-07	1.32962e-05
3.97	0.0335704	0.0335709	4.35052e-07	1.29592e-05
4.099	0.0302307	0.030231	3.76088e-07	1.24405e-05
4.228	0.0268473	0.0268476	3.15593e-07	1.1755e-05
4.357	0.0234991	0.0234993	2.56796e-07	1.09278e-05
4.486	0.0202649	0.0202651	2.02502e-07	9.99267e-06
4.615	0.0172174	0.0172175	1.54775e-07	8.9894e-06
4.744	0.0144166	0.0144167	1.14755e-07	7.95989e-06
4.87301	0.0119055	0.0119055	8.2676e-08	6.94433e-06
5.00201	0.00970727	0.00970733	5.80249e-08	5.97744e-06
5.13101	0.0078255	0.00782554	3.97972e-08	5.08556e-06
5.26001	0.00624725	0.00624728	2.67753e-08	4.28591e-06
5.38901	0.00494712	0.00494714	1.77434e-08	3.5866e-06
5.51801	0.00389245	0.00389246	1.16317e-08	2.98827e-06
5.64701	0.00304771	0.00304772	7.57672e-09	2.48603e-06
5.77601	0.00237798	0.00237798	4.92589e-09	2.07146e-06
5.90501	0.00185115	0.00185115	3.21056e-09	1.73436e-06
6.03401	0.00143914	0.00143914	2.10689e-09	1.46399e-06
6.16301	0.00111825	0.00111825	1.39781e-09	1.24999e-06
6.29201	0.000869016	0.000869017	9.40945e-10	1.08277e-06
6.42101	0.000675744	0.000675744	6.44501e-10	9.53765e-07
6.55001	0.000525972	0.000525973	4.4996e-10	8.55482e-07
6.67901	0.000409913	0.000409913	3.20325e-10	7.81445e-07
6.80801	0.000319928	0.000319928	2.32301e-10	7.26103e-07
6.93701	0.000250094	0.000250095	1.71249e-10	6.84738e-07
7.06601	0.000195833	0.000195834	1.27951e-10	6.53368e-07
7.19501	0.000153613	0.000153613	9.65712e-11	6.28666e-07
7.32401	0.000120707	0.000120707	7.33763e-11	6.07886e-07
7.45301	9.50201e-05	9.50201e-05	5.59495e-11	5.88818e-07
7.58201	7.49316e-05	7.49316e-05	4.26908e-11	5.6973e-07
7.71101	5.9194e-05	5.9194e-05	3.25173e-11	5.49334e-07
7.84001	4.6842e-05	4.68421e-05	2.46738e-11	5.26744e-07
7.96901	3.71305e-05	3.71305e-05	1.86185e-11	5.01435e-07
8.09801	2.94811e-05	2.94811e-05	1.39505e-11	4.73203e-07
8.22701	2.34452e-05	2.34452e-05	1.03655e-11	4.42118e-07
8.35601	1.86744e-05	1.86744e-05	7.6281e-12	4.08478e-07
8.48501	1.48973e-05	1.48973e-05	5.55321e-12	3.72767e-07
8.61401	1.19017e-05	1.19017e-05	3.99426e-12	3.35602e-07
8.74301	9.52226e-06	9.52227e-06	2.83472e-12	2.97694e-07
8.87201	7.62921e-06	7.62921e-06	1.98207e-12	2.598e-07
9.00101	6.12081e-06	6.12081e-06	1.36306e-12	2.22693e-07
9.13001	4.91707e-06	4.91708e-06	9.20079e-13	1.87119e-07
9.25901	3.95513e-06	3.95513e-06	6.08199e-13	1.53775e-07
9.38801	3.18532e-06	3.18532e-06	3.92674e-13	1.23276e-07
9.51701	2.56842e-06	2.56842e-06	2.46927e-13	9.61396e-08
9.64601	2.0734e-06	2.0734e-06	1.50861e-13	7.27603e-08
9.77501	1.67569e-06	1.67569e-06	8.94816e-14	5.33999e-08
9.90401	1.35575e-06	1.35575e-06	5.17539e-14	3.81736e-08
10.033	1.09805e-06	1.09805e-06	2.96964e-14	2.70446e-08
10.162	8.90253e-07	8.90253e-07	1.7648e-14	1.98235e-08
10.291	7.22502e-07	7.22502e-07	1.16865e-14	1.61751e-08
10.42	5.86929e-07	5.86929e-07	9.17488e-15	1.5632e-08
10.549	4.77243e-07	4.77243e-07	8.40821e-15	1.76183e-08
10.678	3.88411e-07	3.88411e-07	8.34307e-15	2.148e-08
10.807	3.16395e-07	3.16395e-07	8.39175e-15	2.6523e-08
10.936	2.57953e-07	2.57953e-07	8.26893e-15	3.2056e-08
11.065	2.10482e-07	2.10482e-07	7.87904e-15	3.74334e-08
11.194	1.71886e-07	1.71886e-07	7.23572e-15	4.2096e-08
11.323	1.40479e-07	1.40479e-07	6.40635e-15	4.56036e-08
11.452	1.14899e-07	1.14899e-07	5.47565e-15	4.76564e-08
11.581	9.40468e-08	9.40468e-08	4.52384e-15	4.8102e-08
11.71	7.7035e-08	7.7035e-08	3.6151e-15	4.69281e-08
11.839	6.31454e-08	6.31454e-08	2.79367e-15	4.42418e-08
11.968	5.17957e-08	5.17957e-08	2.0843e-15	4.02409e-08
12.097	4.25145e-08	4.25145e-08	1.49575e-15	3.51821e-08
12.226	3.4919e-08	3.4919e-08	1.02504e-15	2.93548e-08
12.355	2.86988e-08	2.86988e-08	6.61991e-16	2.30668e-08
12.484	2.36014e-08	2.36014e-08	3.92935e-16	1.66488e-08
12.613	1.94211e-08	1.94211e-08	2.03635e-16	1.04852e-08
12.742	1.59905e-08	1.59905e-08	8.12964e-17	5.08403e-09
12.871	1.31736e-08	1.31736e-08	1.60224e-17	1.21625e-09
