# r(fm)	Density(fm-3)	Target_density	Difference	Relative diff.
0.1	0.0780797	0.0781007	2.10295e-05	0.000269261
0.222	0.0778517	0.0778468	-4.89012e-06	-6.28172e-05
0.344	0.0774682	0.0774679	-3.42795e-07	-4.425e-06
0.466	0.0769435	0.0769435	2.02855e-08	2.63642e-07
0.588	0.0762988	0.0762989	6.74404e-08	8.83897e-07
0.710001	0.0755617	0.0755618	9.50431e-08	1.25782e-06
0.832001	0.0747636	0.0747637	1.26083e-07	1.68641e-06
0.954001	0.073938	0.0739382	1.61422e-07	2.1832e-06
1.076	0.0731182	0.0731184	2.00578e-07	2.7432e-06
1.198	0.0723349	0.0723351	2.43293e-07	3.36341e-06
1.32	0.0716132	0.0716134	2.8953e-07	4.04296e-06
1.442	0.0709703	0.0709706	3.39401e-07	4.78228e-06
1.564	0.0704131	0.0704135	3.93075e-07	5.58238e-06
1.686	0.0699367	0.0699372	4.5068e-07	6.44407e-06
1.808	0.0695241	0.0695246	5.12201e-07	7.36719e-06
1.93	0.0691462	0.0691468	5.77351e-07	8.34964e-06
2.052	0.0687644	0.0687651	6.45465e-07	9.38652e-06
2.174	0.0683318	0.0683325	7.15398e-07	1.04694e-05
2.296	0.0677966	0.0677974	7.85473e-07	1.15856e-05
2.418	0.0671049	0.0671058	8.53453e-07	1.2718e-05
2.54	0.0662041	0.066205	9.16605e-07	1.38449e-05
2.662	0.0650445	0.0650455	9.71789e-07	1.49401e-05
2.784	0.0635832	0.0635842	1.01566e-06	1.59735e-05
2.906	0.061785	0.0617861	1.04491e-06	1.69117e-05
3.028	0.0596254	0.0596265	1.05656e-06	1.77196e-05
3.15	0.057092	0.0570931	1.04831e-06	1.83614e-05
3.272	0.0541867	0.0541877	1.0189e-06	1.88031e-05
3.394	0.0509271	0.0509281	9.68371e-07	1.90145e-05
3.516	0.0473481	0.047349	8.98305e-07	1.8972e-05
3.638	0.0435023	0.0435031	8.11847e-07	1.86618e-05
3.76	0.0394595	0.0394602	7.13518e-07	1.8082e-05
3.882	0.0353046	0.0353052	6.08842e-07	1.72451e-05
4.004	0.0311332	0.0311337	5.03703e-07	1.61787e-05
4.126	0.0270457	0.0270461	4.03644e-07	1.49243e-05
4.248	0.0231392	0.0231395	3.13201e-07	1.35353e-05
4.37	0.0194998	0.0195	2.35394e-07	1.20715e-05
4.492	0.0161943	0.0161945	1.71555e-07	1.05934e-05
4.614	0.0132664	0.0132665	1.21478e-07	9.15671e-06
4.736	0.0107338	0.0107339	8.37955e-08	7.80661e-06
4.858	0.00859083	0.00859088	5.64872e-08	6.57525e-06
4.98	0.006813	0.00681303	3.73433e-08	5.48116e-06
5.102	0.00536308	0.00536311	2.4297e-08	4.53039e-06
5.224	0.00419749	0.0041975	1.56121e-08	3.71938e-06
5.346	0.00327131	0.00327132	9.93832e-09	3.03802e-06
5.468	0.00254208	0.00254209	6.28521e-09	2.47246e-06
5.59	0.00197188	0.00197188	3.95844e-09	2.00744e-06
5.71201	0.00152823	0.00152823	2.48771e-09	1.62784e-06
5.83401	0.00118422	0.00118422	1.5627e-09	1.31961e-06
5.95601	0.000918031	0.000918032	9.82577e-10	1.07031e-06
6.07801	0.000712292	0.000712292	6.19139e-10	8.69221e-07
6.20001	0.000553312	0.000553312	3.91355e-10	7.07295e-07
6.32201	0.000430422	0.000430422	2.48365e-10	5.77028e-07
6.44401	0.000335355	0.000335355	1.58376e-10	4.72264e-07
6.56601	0.000261729	0.000261729	1.01548e-10	3.8799e-07
6.68801	0.000204627	0.000204627	6.55096e-11	3.20141e-07
6.81001	0.000160272	0.000160272	4.25416e-11	2.65434e-07
6.93201	0.000125759	0.000125759	2.78218e-11	2.21231e-07
7.05401	9.88575e-05	9.88575e-05	1.83296e-11	1.85414e-07
7.17601	7.78504e-05	7.78504e-05	1.21669e-11	1.56285e-07
7.29801	6.1416e-05	6.1416e-05	8.13677e-12	1.32486e-07
7.42001	4.85352e-05	4.85352e-05	5.48119e-12	1.12932e-07
7.54201	3.84211e-05	3.84211e-05	3.71774e-12	9.6763e-08
7.66401	3.04652e-05	3.04652e-05	2.53765e-12	8.32965e-08
7.78601	2.4196e-05	2.4196e-05	1.74196e-12	7.19939e-08
7.90801	1.9247e-05	1.9247e-05	1.20161e-12	6.24312e-08
8.03001	1.53337e-05	1.53337e-05	8.32264e-13	5.42768e-08
8.15201	1.22342e-05	1.22342e-05	5.78341e-13	4.72725e-08
8.27401	9.77532e-06	9.77532e-06	4.02911e-13	4.12171e-08
8.39601	7.82156e-06	7.82156e-06	2.81208e-13	3.59529e-08
8.51801	6.26675e-06	6.26675e-06	1.96496e-13	3.13553e-08
8.64001	5.02761e-06	5.02761e-06	1.37383e-13	2.73258e-08
8.76201	4.03862e-06	4.03862e-06	9.60582e-14	2.37849e-08
8.88401	3.24819e-06	3.24819e-06	6.71285e-14	2.06664e-08
9.00601	2.61558e-06	2.61558e-06	4.68564e-14	1.79143e-08
9.12801	2.10862e-06	2.10862e-06	3.26424e-14	1.54805e-08
9.25001	1.70183e-06	1.70183e-06	2.26739e-14	1.33232e-08
9.37201	1.37502e-06	1.37502e-06	1.56838e-14	1.14062e-08
9.49401	1.11213e-06	1.11213e-06	1.07852e-14	9.69774e-09
9.61601	9.0043e-07	9.0043e-07	7.35723e-15	8.17079e-09
9.73801	7.29753e-07	7.29753e-07	4.96469e-15	6.80324e-09
9.86001	5.91996e-07	5.91996e-07	3.30197e-15	5.57769e-09
9.98201	4.80696e-07	4.80696e-07	2.15416e-15	4.48134e-09
10.104	3.90674e-07	3.90674e-07	1.36954e-15	3.50559e-09
10.226	3.17791e-07	3.17791e-07	8.4077e-16	2.64567e-09
10.348	2.58726e-07	2.58726e-07	4.91476e-16	1.8996e-09
10.47	2.10814e-07	2.10814e-07	2.67098e-16	1.26698e-09
10.592	1.71915e-07	1.71915e-07	1.28496e-16	7.47439e-10
10.714	1.40302e-07	1.40302e-07	4.7584e-17	3.39154e-10
10.836	1.1459e-07	1.1459e-07	4.25113e-18	3.70985e-11
10.958	9.36597e-08	9.36597e-08	-1.57221e-17	-1.67864e-10
11.08	7.66082e-08	7.66082e-08	-2.21933e-17	-2.89699e-10
11.202	6.27049e-08	6.27049e-08	-2.17325e-17	-3.46583e-10
11.324	5.13599e-08	5.13599e-08	-1.84639e-17	-3.595e-10
11.446	4.20956e-08	4.20956e-08	-1.47282e-17	-3.49876e-10
11.568	3.45248e-08	3.45248e-08	-1.15844e-17	-3.35539e-10
11.69	2.83336e-08	2.83336e-08	-9.23654e-18	-3.25992e-10
11.812	2.3267e-08	2.3267e-08	-7.37367e-18	-3.16915e-10
11.934	1.91178e-08	1.91178e-08	-5.46144e-18	-2.85673e-10
12.056	1.57178e-08	1.57178e-08	-3.034e-18	-1.9303e-10
12.178	1.29298e-08	1.29298e-08	-1.62428e-19	-1.25623e-11
