# r(fm)	Density(fm-3)	Target_density	Difference	Relative diff.
0.1	0.0639436	0.0642974	0.000353855	0.00550341
0.229	0.0637633	0.063773	9.67335e-06	0.000151684
0.358	0.0634623	0.0634635	1.19824e-06	1.88808e-05
0.487	0.0630456	0.0630458	2.03373e-07	3.2258e-06
0.616001	0.0625312	0.0625313	6.65853e-08	1.06483e-06
0.745001	0.0619407	0.0619407	5.68682e-08	9.18107e-07
0.874001	0.0612983	0.0612984	7.07227e-08	1.15374e-06
1.003	0.0606308	0.0606309	9.05969e-08	1.49423e-06
1.132	0.0599646	0.0599647	1.13077e-07	1.88572e-06
1.261	0.0593244	0.0593245	1.37468e-07	2.31722e-06
1.39	0.0587309	0.0587311	1.6369e-07	2.78712e-06
1.519	0.058199	0.0581991	1.91835e-07	3.29618e-06
1.648	0.0577354	0.0577356	2.22036e-07	3.84573e-06
1.777	0.057338	0.0573383	2.54408e-07	4.43697e-06
1.906	0.0569951	0.0569954	2.88988e-07	5.07037e-06
2.035	0.0566855	0.0566858	3.25666e-07	5.7451e-06
2.164	0.0563801	0.0563804	3.64131e-07	6.45846e-06
2.293	0.0560427	0.0560431	4.03809e-07	7.20532e-06
2.422	0.0556333	0.0556337	4.43833e-07	7.97776e-06
2.551	0.0551091	0.0551096	4.83023e-07	8.76478e-06
2.68	0.054428	0.0544285	5.19913e-07	9.55222e-06
2.809	0.0535498	0.0535504	5.52794e-07	1.03229e-05
2.938	0.0524388	0.0524394	5.79811e-07	1.10568e-05
3.067	0.0510653	0.0510659	5.99091e-07	1.17317e-05
3.196	0.0494071	0.0494077	6.08896e-07	1.23239e-05
3.325	0.0474513	0.0474519	6.07811e-07	1.2809e-05
3.454	0.0451956	0.0451962	5.94932e-07	1.31633e-05
3.583	0.0426498	0.0426504	5.70034e-07	1.33653e-05
3.712	0.0398369	0.0398374	5.33713e-07	1.33973e-05
3.841	0.0367936	0.0367941	4.87427e-07	1.32474e-05
3.97	0.0335704	0.0335709	4.33451e-07	1.29115e-05
4.099	0.0302307	0.030231	3.747e-07	1.23945e-05
4.228	0.0268473	0.0268476	3.14428e-07	1.17116e-05
4.357	0.0234991	0.0234993	2.55851e-07	1.08876e-05
4.486	0.0202649	0.0202651	2.01763e-07	9.9562e-06
4.615	0.0172174	0.0172175	1.5422e-07	8.95713e-06
4.744	0.0144166	0.0144167	1.14356e-07	7.93216e-06
4.87301	0.0119055	0.0119055	8.24023e-08	6.92134e-06
5.00201	0.00970727	0.00970733	5.78489e-08	5.9593e-06
5.13101	0.0078255	0.00782554	3.96936e-08	5.07232e-06
5.26001	0.00624725	0.00624728	2.67233e-08	4.27758e-06
5.38901	0.00494712	0.00494714	1.77265e-08	3.58319e-06
5.51801	0.00389245	0.00389246	1.16377e-08	2.98981e-06
5.64701	0.00304771	0.00304772	7.59672e-09	2.49259e-06
5.77601	0.00237798	0.00237798	4.95369e-09	2.08315e-06
5.90501	0.00185115	0.00185115	3.24195e-09	1.75131e-06
6.03401	0.00143914	0.00143914	2.1391e-09	1.48637e-06
6.16301	0.00111825	0.00111825	1.42908e-09	1.27796e-06
6.29201	0.000869016	0.000869017	9.70219e-10	1.11646e-06
6.42101	0.000675744	0.000675744	6.71187e-10	9.93256e-07
6.55001	0.000525972	0.000525973	4.73791e-10	9.0079e-07
6.67901	0.000409913	0.000409913	3.41247e-10	8.32487e-07
6.80801	0.000319928	0.000319928	2.50402e-10	7.82682e-07
6.93701	0.000250094	0.000250095	1.86704e-10	7.46533e-07
7.06601	0.000195833	0.000195834	1.40985e-10	7.19924e-07
7.19501	0.000153613	0.000153613	1.07437e-10	6.99398e-07
7.32401	0.000120707	0.000120707	8.23326e-11	6.82084e-07
7.45301	9.50201e-05	9.50201e-05	6.32513e-11	6.65662e-07
7.58201	7.49316e-05	7.49316e-05	4.85792e-11	6.48314e-07
7.71101	5.9194e-05	5.9194e-05	3.72145e-11	6.28688e-07
7.84001	4.6842e-05	4.68421e-05	2.838e-11	6.05865e-07
7.96901	3.71305e-05	3.71305e-05	2.15105e-11	5.7932e-07
8.09801	2.94811e-05	2.94811e-05	1.61816e-11	5.48881e-07
8.22701	2.34452e-05	2.34452e-05	1.20668e-11	5.1468e-07
8.35601	1.86744e-05	1.86744e-05	8.90971e-12	4.77107e-07
8.48501	1.48973e-05	1.48973e-05	6.50654e-12	4.36761e-07
8.61401	1.19017e-05	1.19018e-05	4.69399e-12	3.94395e-07
8.74301	9.52226e-06	9.52227e-06	3.34105e-12	3.50867e-07
8.87201	7.62921e-06	7.62921e-06	2.3429e-12	3.07096e-07
9.00101	6.12081e-06	6.12081e-06	1.61596e-12	2.64012e-07
9.13001	4.91707e-06	4.91708e-06	1.09414e-12	2.22519e-07
9.25901	3.95513e-06	3.95513e-06	7.25622e-13	1.83463e-07
9.38801	3.18532e-06	3.18532e-06	4.7014e-13	1.47596e-07
9.51701	2.56842e-06	2.56842e-06	2.96782e-13	1.15551e-07
9.64601	2.0734e-06	2.0734e-06	1.82085e-13	8.78196e-08
9.77501	1.67569e-06	1.67569e-06	1.08479e-13	6.47367e-08
9.90401	1.35575e-06	1.35575e-06	6.29926e-14	4.64633e-08
10.033	1.09805e-06	1.09805e-06	3.62145e-14	3.29806e-08
10.162	8.90253e-07	8.90253e-07	2.14457e-14	2.40894e-08
10.291	7.22502e-07	7.22502e-07	1.40291e-14	1.94173e-08
10.42	5.86929e-07	5.86929e-07	1.08202e-14	1.84352e-08
10.549	4.77243e-07	4.77243e-07	9.77544e-15	2.04832e-08
10.678	3.88411e-07	3.88411e-07	9.63519e-15	2.48066e-08
10.807	3.16395e-07	3.16395e-07	9.68162e-15	3.05998e-08
10.936	2.57953e-07	2.57953e-07	9.5584e-15	3.70548e-08
11.065	2.10482e-07	2.10482e-07	9.13744e-15	4.34121e-08
11.194	1.71886e-07	1.71886e-07	8.42363e-15	4.9007e-08
11.323	1.40479e-07	1.40479e-07	7.48879e-15	5.33089e-08
11.452	1.14899e-07	1.14899e-07	6.42817e-15	5.59464e-08
11.581	9.40468e-08	9.40468e-08	5.33409e-15	5.67174e-08
11.71	7.7035e-08	7.7035e-08	4.28176e-15	5.5582e-08
11.839	6.31454e-08	6.31454e-08	3.32406e-15	5.26413e-08
11.968	5.17957e-08	5.17957e-08	2.49166e-15	4.81055e-08
12.097	4.25145e-08	4.25145e-08	1.79661e-15	4.22589e-08
12.226	3.4919e-08	3.4919e-08	1.2372e-15	3.54306e-08
12.355	2.86988e-08	2.86988e-08	8.0294e-16	2.79782e-08
12.484	2.36014e-08	2.36014e-08	4.78957e-16	2.02936e-08
12.613	1.94211e-08	1.94211e-08	2.49409e-16	1.28422e-08
12.742	1.59905e-08	1.59905e-08	9.99591e-17	6.25114e-09
12.871	1.31736e-08	1.31736e-08	1.96401e-17	1.49087e-09
