# r(fm)	Density(fm-3)	Target_density	Difference	Relative diff.
0.1	0.0780797	0.0780735	-6.15742e-06	-7.88669e-05
0.222	0.0778517	0.0778443	-7.40502e-06	-9.5126e-05
0.344	0.0774682	0.0774676	-6.02841e-07	-7.78184e-06
0.466	0.0769435	0.0769435	-1.26805e-08	-1.64803e-07
0.588	0.0762988	0.0762989	6.34062e-08	8.31025e-07
0.710001	0.0755617	0.0755618	9.55577e-08	1.26463e-06
0.832001	0.0747636	0.0747637	1.27594e-07	1.70663e-06
0.954001	0.073938	0.0739382	1.63393e-07	2.20986e-06
1.076	0.0731182	0.0731184	2.02976e-07	2.77599e-06
1.198	0.0723349	0.0723351	2.46171e-07	3.4032e-06
1.32	0.0716132	0.0716134	2.92954e-07	4.09077e-06
1.442	0.0709703	0.0709706	3.43431e-07	4.83906e-06
1.564	0.0704131	0.0704135	3.97766e-07	5.649e-06
1.686	0.0699367	0.0699372	4.56086e-07	6.52137e-06
1.808	0.0695241	0.0695246	5.1837e-07	7.45592e-06
1.93	0.0691462	0.0691468	5.84324e-07	8.45048e-06
2.052	0.0687644	0.0687651	6.53275e-07	9.50009e-06
2.174	0.0683318	0.0683325	7.24063e-07	1.05962e-05
2.296	0.0677966	0.0677974	7.9499e-07	1.1726e-05
2.418	0.0671049	0.0671058	8.63795e-07	1.28721e-05
2.54	0.0662041	0.066205	9.27712e-07	1.40127e-05
2.662	0.0650445	0.0650455	9.83564e-07	1.51212e-05
2.784	0.0635832	0.0635842	1.02797e-06	1.61671e-05
2.906	0.061785	0.0617861	1.05757e-06	1.71167e-05
3.028	0.0596254	0.0596265	1.06937e-06	1.79344e-05
3.15	0.057092	0.0570931	1.06102e-06	1.85841e-05
3.272	0.0541867	0.0541878	1.03126e-06	1.90312e-05
3.394	0.0509271	0.0509281	9.80124e-07	1.92453e-05
3.516	0.0473481	0.047349	9.09212e-07	1.92023e-05
3.638	0.0435023	0.0435031	8.21707e-07	1.88884e-05
3.76	0.0394595	0.0394602	7.22185e-07	1.83016e-05
3.882	0.0353046	0.0353052	6.16238e-07	1.74546e-05
4.004	0.0311332	0.0311338	5.09822e-07	1.63752e-05
4.126	0.0270457	0.0270461	4.08547e-07	1.51056e-05
4.248	0.0231392	0.0231395	3.17003e-07	1.36996e-05
4.37	0.0194998	0.0195	2.38249e-07	1.22179e-05
4.492	0.0161943	0.0161945	1.73632e-07	1.07217e-05
4.614	0.0132664	0.0132665	1.22945e-07	9.26727e-06
4.736	0.0107338	0.0107339	8.48032e-08	7.90049e-06
4.858	0.00859083	0.00859089	5.71623e-08	6.65383e-06
4.98	0.006813	0.00681303	3.77854e-08	5.54605e-06
5.102	0.00536308	0.00536311	2.45805e-08	4.58325e-06
5.224	0.00419749	0.0041975	1.57904e-08	3.76185e-06
5.346	0.00327131	0.00327132	1.00481e-08	3.07159e-06
5.468	0.00254208	0.00254209	6.35131e-09	2.49846e-06
5.59	0.00197188	0.00197188	3.99704e-09	2.02702e-06
5.71201	0.00152823	0.00152823	2.50928e-09	1.64195e-06
5.83401	0.00118422	0.00118422	1.57389e-09	1.32906e-06
5.95601	0.000918031	0.000918032	9.87571e-10	1.07575e-06
6.07801	0.000712292	0.000712292	6.20544e-10	8.71193e-07
6.20001	0.000553312	0.000553312	3.90777e-10	7.0625e-07
6.32201	0.000430422	0.000430422	2.46781e-10	5.73347e-07
6.44401	0.000335355	0.000335355	1.5637e-10	4.66281e-07
6.56601	0.000261729	0.000261729	9.94575e-11	3.80002e-07
6.68801	0.000204627	0.000204627	6.35216e-11	3.10426e-07
6.81001	0.000160272	0.000160272	4.07503e-11	2.54257e-07
6.93201	0.000125759	0.000125759	2.62651e-11	2.08853e-07
7.05401	9.88575e-05	9.88575e-05	1.70123e-11	1.72089e-07
7.17601	7.78504e-05	7.78504e-05	1.10755e-11	1.42266e-07
7.29801	6.1416e-05	6.1416e-05	7.24833e-12	1.1802e-07
7.42001	4.85352e-05	4.85352e-05	4.76896e-12	9.82578e-08
7.54201	3.84211e-05	3.84211e-05	3.1546e-12	8.21058e-08
7.66401	3.04652e-05	3.04652e-05	2.09797e-12	6.88643e-08
7.78601	2.4196e-05	2.4196e-05	1.40269e-12	5.7972e-08
7.90801	1.9247e-05	1.9247e-05	9.42691e-13	4.89785e-08
8.03001	1.53337e-05	1.53337e-05	6.36709e-13	4.15234e-08
8.15201	1.22342e-05	1.22342e-05	4.32083e-13	3.53176e-08
8.27401	9.77532e-06	9.77532e-06	2.94521e-13	3.0129e-08
8.39601	7.82156e-06	7.82156e-06	2.01563e-13	2.57702e-08
8.51801	6.26675e-06	6.26675e-06	1.38432e-13	2.20899e-08
8.64001	5.02761e-06	5.02761e-06	9.5356e-14	1.89665e-08
8.76201	4.03862e-06	4.03862e-06	6.58335e-14	1.6301e-08
8.88401	3.24819e-06	3.24819e-06	4.55148e-14	1.40124e-08
9.00601	2.61558e-06	2.61558e-06	3.14758e-14	1.20339e-08
9.12801	2.10862e-06	2.10862e-06	2.1741e-14	1.03105e-08
9.25001	1.70183e-06	1.70183e-06	1.497e-14	8.79642e-09
9.37201	1.37502e-06	1.37502e-06	1.02481e-14	7.45305e-09
9.49401	1.11213e-06	1.11213e-06	6.94842e-15	6.24783e-09
9.61601	9.0043e-07	9.0043e-07	4.64007e-15	5.15317e-09
9.73801	7.29753e-07	7.29753e-07	3.02567e-15	4.14616e-09
9.86001	5.91996e-07	5.91996e-07	1.89901e-15	3.20781e-09
9.98201	4.80696e-07	4.80696e-07	1.11666e-15	2.32301e-09
10.104	3.90674e-07	3.90674e-07	5.78382e-16	1.48047e-09
10.226	3.17791e-07	3.17791e-07	2.13856e-16	6.72946e-10
10.348	2.58726e-07	2.58726e-07	-2.65527e-17	-1.02629e-10
10.47	2.10814e-07	2.10814e-07	-1.78125e-16	-8.4494e-10
10.592	1.71915e-07	1.71915e-07	-2.66139e-16	-1.54809e-09
10.714	1.40302e-07	1.40302e-07	-3.08857e-16	-2.20137e-09
10.836	1.1459e-07	1.1459e-07	-3.19667e-16	-2.78965e-09
10.958	9.36597e-08	9.36597e-08	-3.08465e-16	-3.29347e-09
11.08	7.66082e-08	7.66082e-08	-2.82676e-16	-3.6899e-09
11.202	6.27049e-08	6.27049e-08	-2.47903e-16	-3.95349e-09
11.324	5.13599e-08	5.13599e-08	-2.08427e-16	-4.05817e-09
11.446	4.20956e-08	4.20956e-08	-1.67544e-16	-3.98009e-09
11.568	3.45248e-08	3.45248e-08	-1.2778e-16	-3.70111e-09
11.69	2.83336e-08	2.83336e-08	-9.10788e-17	-3.21451e-09
11.812	2.3267e-08	2.3267e-08	-5.89643e-17	-2.53424e-09
11.934	1.91178e-08	1.91178e-08	-3.26721e-17	-1.70899e-09
12.056	1.57178e-08	1.57178e-08	-1.32249e-17	-8.414e-10
12.178	1.29298e-08	1.29298e-08	-1.59145e-18	-1.23084e-10
