# r(fm)	Density(fm-3)	Target_density	Difference	Relative diff.
0.1	0.0780797	0.0797256	0.00164591	0.0206447
0.222	0.0778517	0.0779164	6.47558e-05	0.000831092
0.344	0.0774682	0.0774767	8.51153e-06	0.000109859
0.466	0.0769435	0.0769449	1.45522e-06	1.89125e-05
0.588	0.0762988	0.0762992	3.34048e-07	4.37814e-06
0.710001	0.0755617	0.0755618	1.44189e-07	1.90822e-06
0.832001	0.0747636	0.0747637	1.31428e-07	1.75791e-06
0.954001	0.073938	0.0739382	1.58698e-07	2.14637e-06
1.076	0.0731182	0.0731184	1.97119e-07	2.69588e-06
1.198	0.0723349	0.0723351	2.40048e-07	3.31856e-06
1.32	0.0716132	0.0716134	2.86076e-07	3.99473e-06
1.442	0.0709703	0.0709706	3.35149e-07	4.72236e-06
1.564	0.0704131	0.0704135	3.87546e-07	5.50386e-06
1.686	0.0699367	0.0699372	4.43545e-07	6.34204e-06
1.808	0.0695241	0.0695246	5.03256e-07	7.23853e-06
1.93	0.0691462	0.0691468	5.6649e-07	8.19257e-06
2.052	0.0687644	0.0687651	6.32655e-07	9.20024e-06
2.174	0.0683318	0.0683325	7.00658e-07	1.02537e-05
2.296	0.0677966	0.0677974	7.68862e-07	1.13406e-05
2.418	0.0671049	0.0671058	8.35068e-07	1.24441e-05
2.54	0.0662041	0.066205	8.96582e-07	1.35425e-05
2.662	0.0650445	0.0650455	9.50314e-07	1.461e-05
2.784	0.0635832	0.0635842	9.92981e-07	1.56168e-05
2.906	0.061785	0.0617861	1.02133e-06	1.65302e-05
3.028	0.0596254	0.0596264	1.03247e-06	1.73156e-05
3.15	0.057092	0.0570931	1.02417e-06	1.79387e-05
3.272	0.0541867	0.0541877	9.95202e-07	1.83658e-05
3.394	0.0509271	0.0509281	9.45675e-07	1.85688e-05
3.516	0.0473481	0.047349	8.77096e-07	1.85241e-05
3.638	0.0435023	0.0435031	7.92595e-07	1.82193e-05
3.76	0.0394595	0.0394602	6.96559e-07	1.76522e-05
3.882	0.0353046	0.0353052	5.94395e-07	1.68359e-05
4.004	0.0311332	0.0311337	4.91836e-07	1.57975e-05
4.126	0.0270457	0.027046	3.94278e-07	1.4578e-05
4.248	0.0231392	0.0231395	3.06129e-07	1.32297e-05
4.37	0.0194998	0.0195	2.30319e-07	1.18112e-05
4.492	0.0161943	0.0161945	1.68132e-07	1.0382e-05
4.614	0.0132664	0.0132665	1.19354e-07	8.99663e-06
4.736	0.0107338	0.0107339	8.26457e-08	7.6995e-06
4.858	0.00859083	0.00859088	5.6032e-08	6.52227e-06
4.98	0.006813	0.00681303	3.7358e-08	5.48332e-06
5.102	0.00536308	0.00536311	2.46104e-08	4.58883e-06
5.224	0.00419749	0.0041975	1.60999e-08	3.83559e-06
5.346	0.00327131	0.00327132	1.05136e-08	3.21388e-06
5.468	0.00254208	0.00254209	6.88973e-09	2.71026e-06
5.59	0.00197188	0.00197188	4.55454e-09	2.30974e-06
5.71201	0.00152823	0.00152823	3.05229e-09	1.99727e-06
5.83401	0.00118422	0.00118422	2.08263e-09	1.75865e-06
5.95601	0.000918031	0.000918032	1.4514e-09	1.58099e-06
6.07801	0.000712292	0.000712293	1.03485e-09	1.45284e-06
6.20001	0.000553312	0.000553313	7.54785e-10	1.36412e-06
6.32201	0.000430422	0.000430422	5.62152e-10	1.30605e-06
6.44401	0.000335355	0.000335355	4.26224e-10	1.27096e-06
6.56601	0.000261729	0.000261729	3.27753e-10	1.25226e-06
6.68801	0.000204627	0.000204628	2.54596e-10	1.24419e-06
6.81001	0.000160272	0.000160272	1.99025e-10	1.2418e-06
6.93201	0.000125759	0.000125759	1.56055e-10	1.2409e-06
7.05401	9.88575e-05	9.88576e-05	1.22393e-10	1.23807e-06
7.17601	7.78504e-05	7.78505e-05	9.58047e-11	1.23062e-06
7.29801	6.1416e-05	6.14161e-05	7.47147e-11	1.21653e-06
7.42001	4.85352e-05	4.85352e-05	5.79748e-11	1.19449e-06
7.54201	3.84211e-05	3.84211e-05	4.47154e-11	1.16382e-06
7.66401	3.04652e-05	3.04653e-05	3.4259e-11	1.12452e-06
7.78601	2.4196e-05	2.4196e-05	2.60614e-11	1.07709e-06
7.90801	1.9247e-05	1.9247e-05	1.96793e-11	1.02246e-06
8.03001	1.53337e-05	1.53337e-05	1.47494e-11	9.61894e-07
8.15201	1.22342e-05	1.22342e-05	1.09728e-11	8.96896e-07
8.27401	9.77532e-06	9.77533e-06	8.10458e-12	8.29085e-07
8.39601	7.82156e-06	7.82157e-06	5.94469e-12	7.60038e-07
8.51801	6.26675e-06	6.26675e-06	4.33182e-12	6.91239e-07
8.64001	5.02761e-06	5.02761e-06	3.13712e-12	6.23978e-07
8.76201	4.03862e-06	4.03863e-06	2.25897e-12	5.59341e-07
8.88401	3.24819e-06	3.24819e-06	1.6181e-12	4.98153e-07
9.00601	2.61558e-06	2.61558e-06	1.15342e-12	4.40979e-07
9.12801	2.10862e-06	2.10862e-06	8.18512e-13	3.88174e-07
9.25001	1.70183e-06	1.70183e-06	5.78474e-13	3.39912e-07
9.37201	1.37502e-06	1.37502e-06	4.0735e-13	2.96251e-07
9.49401	1.11213e-06	1.11213e-06	2.86004e-13	2.57166e-07
9.61601	9.0043e-07	9.0043e-07	2.00455e-13	2.22621e-07
9.73801	7.29753e-07	7.29753e-07	1.40549e-13	1.92598e-07
9.86001	5.91996e-07	5.91996e-07	9.8946e-14	1.6714e-07
9.98201	4.80696e-07	4.80696e-07	7.03493e-14	1.46349e-07
10.104	3.90674e-07	3.90674e-07	5.09346e-14	1.30376e-07
10.226	3.17791e-07	3.17791e-07	3.79391e-14	1.19384e-07
10.348	2.58726e-07	2.58726e-07	2.93613e-14	1.13484e-07
10.47	2.10814e-07	2.10814e-07	2.37492e-14	1.12655e-07
10.592	1.71915e-07	1.71915e-07	2.00513e-14	1.16635e-07
10.714	1.40302e-07	1.40302e-07	1.75135e-14	1.24827e-07
10.836	1.1459e-07	1.1459e-07	1.56078e-14	1.36205e-07
10.958	9.36597e-08	9.36597e-08	1.39802e-14	1.49266e-07
11.08	7.66082e-08	7.66082e-08	1.24128e-14	1.62029e-07
11.202	6.27049e-08	6.27049e-08	1.07929e-14	1.72122e-07
11.324	5.13599e-08	5.13599e-08	9.08889e-15	1.76965e-07
11.446	4.20956e-08	4.20956e-08	7.32695e-15	1.74055e-07
11.568	3.45248e-08	3.45248e-08	5.57217e-15	1.61396e-07
11.69	2.83336e-08	2.83337e-08	3.91216e-15	1.38075e-07
11.812	2.3267e-08	2.3267e-08	2.44449e-15	1.05062e-07
11.934	1.91178e-08	1.91178e-08	1.26546e-15	6.61926e-08
12.056	1.57178e-08	1.57178e-08	4.55917e-16	2.90065e-08
12.178	1.29298e-08	1.29298e-08	6.02871e-17	4.66265e-09
