# r(fm)	Density(fm-3)	Target_density	Difference	Relative diff.
0.1	0.0639436	0.065314	0.00137045	0.0209825
0.229	0.0637633	0.0637987	3.53581e-05	0.000554213
0.358	0.0634623	0.0634666	4.2307e-06	6.66602e-05
0.487	0.0630456	0.0630462	6.40438e-07	1.01582e-05
0.616001	0.0625312	0.0625314	1.36476e-07	2.18253e-06
0.745001	0.0619407	0.0619407	6.76665e-08	1.09244e-06
0.874001	0.0612983	0.0612984	7.17706e-08	1.17084e-06
1.003	0.0606308	0.0606309	9.04177e-08	1.49128e-06
1.132	0.0599646	0.0599647	1.13024e-07	1.88484e-06
1.261	0.0593244	0.0593245	1.37601e-07	2.31946e-06
1.39	0.0587309	0.0587311	1.63881e-07	2.79037e-06
1.519	0.058199	0.0581991	1.91968e-07	3.29848e-06
1.648	0.0577354	0.0577356	2.22039e-07	3.84579e-06
1.777	0.057338	0.0573383	2.54241e-07	4.43406e-06
1.906	0.0569951	0.0569954	2.88635e-07	5.06419e-06
2.035	0.0566855	0.0566858	3.25128e-07	5.73561e-06
2.164	0.0563801	0.0563804	3.63415e-07	6.44577e-06
2.293	0.0560427	0.0560431	4.02928e-07	7.1896e-06
2.422	0.0556333	0.0556337	4.42798e-07	7.95917e-06
2.551	0.0551091	0.0551096	4.81845e-07	8.7434e-06
2.68	0.054428	0.0544285	5.186e-07	9.5281e-06
2.809	0.0535498	0.0535504	5.51353e-07	1.0296e-05
2.938	0.0524388	0.0524394	5.78253e-07	1.10271e-05
3.067	0.0510653	0.0510659	5.97429e-07	1.16992e-05
3.196	0.0494071	0.0494077	6.0715e-07	1.22886e-05
3.325	0.0474513	0.0474519	6.06009e-07	1.2771e-05
3.454	0.0451956	0.0451962	5.93108e-07	1.3123e-05
3.583	0.0426498	0.0426504	5.68231e-07	1.3323e-05
3.712	0.0398369	0.0398374	5.31975e-07	1.33537e-05
3.841	0.0367936	0.0367941	4.85801e-07	1.32032e-05
3.97	0.0335704	0.0335709	4.31978e-07	1.28676e-05
4.099	0.0302307	0.030231	3.73413e-07	1.2352e-05
4.228	0.0268473	0.0268476	3.13349e-07	1.16714e-05
4.357	0.0234991	0.0234993	2.54991e-07	1.0851e-05
4.486	0.0202649	0.0202651	2.01117e-07	9.92433e-06
4.615	0.0172174	0.0172175	1.53772e-07	8.93116e-06
4.744	0.0144166	0.0144167	1.14083e-07	7.91324e-06
4.87301	0.0119055	0.0119055	8.2275e-08	6.91064e-06
5.00201	0.00970727	0.00970733	5.78363e-08	5.95801e-06
5.13101	0.0078255	0.00782554	3.97667e-08	5.08166e-06
5.26001	0.00624725	0.00624728	2.68562e-08	4.29887e-06
5.38901	0.00494712	0.00494714	1.78978e-08	3.61781e-06
5.51801	0.00389245	0.00389246	1.18302e-08	3.03927e-06
5.64701	0.00304771	0.00304772	7.79746e-09	2.55846e-06
5.77601	0.00237798	0.00237798	5.15323e-09	2.16706e-06
5.90501	0.00185115	0.00185115	3.4337e-09	1.8549e-06
6.03401	0.00143914	0.00143914	2.3187e-09	1.61117e-06
6.16301	0.00111825	0.00111825	1.5939e-09	1.42535e-06
6.29201	0.000869016	0.000869018	1.11891e-09	1.28756e-06
6.42101	0.000675744	0.000675745	8.03346e-10	1.18883e-06
6.55001	0.000525972	0.000525973	5.89692e-10	1.12115e-06
6.67901	0.000409913	0.000409913	4.4164e-10	1.0774e-06
6.80801	0.000319928	0.000319928	3.36352e-10	1.05134e-06
6.93701	0.000250094	0.000250095	2.59468e-10	1.03748e-06
7.06601	0.000195833	0.000195834	2.01919e-10	1.03108e-06
7.19501	0.000153613	0.000153613	1.57921e-10	1.02804e-06
7.32401	0.000120707	0.000120707	1.23717e-10	1.02494e-06
7.45301	9.50201e-05	9.50202e-05	9.68211e-11	1.01895e-06
7.58201	7.49316e-05	7.49317e-05	7.55229e-11	1.00789e-06
7.71101	5.9194e-05	5.9194e-05	5.86106e-11	9.90143e-07
7.84001	4.6842e-05	4.68421e-05	4.51877e-11	9.64682e-07
7.96901	3.71305e-05	3.71305e-05	3.45692e-11	9.31018e-07
8.09801	2.94811e-05	2.94811e-05	2.62135e-11	8.89162e-07
8.22701	2.34452e-05	2.34452e-05	1.96839e-11	8.39568e-07
8.35601	1.86744e-05	1.86744e-05	1.46234e-11	7.83072e-07
8.48501	1.48973e-05	1.48973e-05	1.07383e-11	7.20822e-07
8.61401	1.19017e-05	1.19018e-05	7.78614e-12	6.54201e-07
8.74301	9.52226e-06	9.52227e-06	5.56819e-12	5.84754e-07
8.87201	7.62921e-06	7.62921e-06	3.92227e-12	5.14113e-07
9.00101	6.12081e-06	6.12081e-06	2.71718e-12	4.43925e-07
9.13001	4.91707e-06	4.91708e-06	1.8478e-12	3.75792e-07
9.25901	3.95513e-06	3.95513e-06	1.23087e-12	3.11209e-07
9.38801	3.18532e-06	3.18532e-06	8.01163e-13	2.51518e-07
9.51701	2.56842e-06	2.56842e-06	5.08172e-13	1.97854e-07
9.64601	2.0734e-06	2.0734e-06	3.13328e-13	1.51118e-07
9.77501	1.67569e-06	1.67569e-06	1.87574e-13	1.11939e-07
9.90401	1.35575e-06	1.35575e-06	1.09347e-13	8.06539e-08
10.033	1.09805e-06	1.09805e-06	6.29144e-14	5.72963e-08
10.162	8.90253e-07	8.90253e-07	3.70276e-14	4.15922e-08
10.291	7.22502e-07	7.22502e-07	2.38237e-14	3.29739e-08
10.42	5.86929e-07	5.86929e-07	1.79634e-14	3.06057e-08
10.549	4.77243e-07	4.77243e-07	1.59529e-14	3.34271e-08
10.678	3.88411e-07	3.88411e-07	1.56184e-14	4.02109e-08
10.807	3.16395e-07	3.16395e-07	1.57039e-14	4.9634e-08
10.936	2.57953e-07	2.57953e-07	1.55695e-14	6.03578e-08
11.065	2.10482e-07	2.10482e-07	1.49675e-14	7.11106e-08
11.194	1.71886e-07	1.71886e-07	1.38824e-14	8.07649e-08
11.323	1.40479e-07	1.40479e-07	1.24187e-14	8.84023e-08
11.452	1.14899e-07	1.14899e-07	1.07267e-14	9.33581e-08
11.581	9.40468e-08	9.40468e-08	8.95708e-15	9.52407e-08
11.71	7.7035e-08	7.7035e-08	7.23551e-15	9.3925e-08
11.839	6.31454e-08	6.31454e-08	5.65291e-15	8.9522e-08
11.968	5.17957e-08	5.17957e-08	4.26442e-15	8.23317e-08
12.097	4.25145e-08	4.25145e-08	3.09461e-15	7.27895e-08
12.226	3.4919e-08	3.4919e-08	2.14473e-15	6.14201e-08
12.355	2.86988e-08	2.86988e-08	1.40085e-15	4.8812e-08
12.484	2.36014e-08	2.36014e-08	8.40902e-16	3.56294e-08
12.613	1.94211e-08	1.94211e-08	4.40499e-16	2.26815e-08
12.742	1.59905e-08	1.59905e-08	1.77317e-16	1.10889e-08
12.871	1.31736e-08	1.31736e-08	3.45816e-17	2.62507e-09
