# r(fm)	Density(fm-3)	Target_density	Difference	Relative diff.
0.1	0.0639436	0.0639743	3.07333e-05	0.000480401
0.229	0.0637633	0.0637648	1.43932e-06	2.25724e-05
0.358	0.0634623	0.0634626	2.27842e-07	3.59018e-06
0.487	0.0630456	0.0630457	6.38596e-08	1.01291e-06
0.616001	0.0625312	0.0625313	4.43907e-08	7.09896e-07
0.745001	0.0619407	0.0619407	5.3533e-08	8.64262e-07
0.874001	0.0612983	0.0612984	7.05298e-08	1.1506e-06
1.003	0.0606308	0.0606309	9.08438e-08	1.49831e-06
1.132	0.0599646	0.0599647	1.13337e-07	1.89006e-06
1.261	0.0593244	0.0593245	1.37723e-07	2.32152e-06
1.39	0.0587309	0.0587311	1.63982e-07	2.79209e-06
1.519	0.058199	0.0581991	1.922e-07	3.30246e-06
1.648	0.0577354	0.0577356	2.22501e-07	3.85379e-06
1.777	0.057338	0.0573383	2.54988e-07	4.44708e-06
1.906	0.0569951	0.0569954	2.8969e-07	5.08269e-06
2.035	0.0566855	0.0566858	3.26494e-07	5.75971e-06
2.164	0.0563801	0.0563804	3.65085e-07	6.47539e-06
2.293	0.0560427	0.0560431	4.04888e-07	7.22458e-06
2.422	0.0556333	0.0556337	4.45034e-07	7.99936e-06
2.551	0.0551091	0.0551096	4.84342e-07	8.7887e-06
2.68	0.054428	0.0544285	5.21342e-07	9.57847e-06
2.809	0.0535498	0.0535504	5.54322e-07	1.03514e-05
2.938	0.0524388	0.0524394	5.81425e-07	1.10876e-05
3.067	0.0510653	0.0510659	6.00771e-07	1.17646e-05
3.196	0.0494071	0.0494077	6.10618e-07	1.23588e-05
3.325	0.0474513	0.0474519	6.09545e-07	1.28455e-05
3.454	0.0451956	0.0451962	5.96644e-07	1.32012e-05
3.583	0.0426498	0.0426504	5.7169e-07	1.34041e-05
3.712	0.0398369	0.0398374	5.35276e-07	1.34365e-05
3.841	0.0367936	0.0367941	4.88865e-07	1.32865e-05
3.97	0.0335704	0.0335709	4.34737e-07	1.29498e-05
4.099	0.0302307	0.030231	3.75816e-07	1.24315e-05
4.228	0.0268473	0.0268476	3.15364e-07	1.17464e-05
4.357	0.0234991	0.0234993	2.56609e-07	1.09198e-05
4.486	0.0202649	0.0202651	2.02354e-07	9.98534e-06
4.615	0.0172174	0.0172175	1.5466e-07	8.98271e-06
4.744	0.0144166	0.0144167	1.14668e-07	7.95383e-06
4.87301	0.0119055	0.0119055	8.26107e-08	6.93884e-06
5.00201	0.00970727	0.00970733	5.79765e-08	5.97245e-06
5.13101	0.0078255	0.00782554	3.97613e-08	5.08097e-06
5.26001	0.00624725	0.00624728	2.67484e-08	4.28161e-06
5.38901	0.00494712	0.00494714	1.77229e-08	3.58245e-06
5.51801	0.00389245	0.00389246	1.16157e-08	2.98415e-06
5.64701	0.00304771	0.00304772	7.56384e-09	2.4818e-06
5.77601	0.00237798	0.00237798	4.91532e-09	2.06701e-06
5.90501	0.00185115	0.00185115	3.20171e-09	1.72958e-06
6.03401	0.00143914	0.00143914	2.09939e-09	1.45879e-06
6.16301	0.00111825	0.00111825	1.39141e-09	1.24427e-06
6.29201	0.000869016	0.000869017	9.35475e-10	1.07647e-06
6.42101	0.000675744	0.000675744	6.39827e-10	9.46848e-07
6.55001	0.000525972	0.000525973	4.45982e-10	8.47918e-07
6.67901	0.000409913	0.000409913	3.16958e-10	7.73231e-07
6.80801	0.000319928	0.000319928	2.29471e-10	7.17258e-07
6.93701	0.000250094	0.000250095	1.6889e-10	6.75305e-07
7.06601	0.000195833	0.000195834	1.26002e-10	6.43413e-07
7.19501	0.000153613	0.000153613	9.49748e-11	6.18273e-07
7.32401	0.000120707	0.000120707	7.20815e-11	5.97159e-07
7.45301	9.50201e-05	9.50201e-05	5.49096e-11	5.77873e-07
7.58201	7.49316e-05	7.49316e-05	4.1864e-11	5.58695e-07
7.71101	5.9194e-05	5.9194e-05	3.18667e-11	5.38343e-07
7.84001	4.6842e-05	4.68421e-05	2.41673e-11	5.15931e-07
7.96901	3.71305e-05	3.71305e-05	1.82285e-11	4.90931e-07
8.09801	2.94811e-05	2.94811e-05	1.36536e-11	4.6313e-07
8.22701	2.34452e-05	2.34452e-05	1.01421e-11	4.32587e-07
8.35601	1.86744e-05	1.86744e-05	7.46203e-12	3.99585e-07
8.48501	1.48973e-05	1.48973e-05	5.43138e-12	3.64589e-07
8.61401	1.19017e-05	1.19017e-05	3.90612e-12	3.28197e-07
8.74301	9.52226e-06	9.52227e-06	2.7719e-12	2.91097e-07
8.87201	7.62921e-06	7.62921e-06	1.93802e-12	2.54027e-07
9.00101	6.12081e-06	6.12081e-06	1.33272e-12	2.17736e-07
9.13001	4.91707e-06	4.91708e-06	8.99594e-13	1.82953e-07
9.25901	3.95513e-06	3.95513e-06	5.94672e-13	1.50355e-07
9.38801	3.18532e-06	3.18532e-06	3.83964e-13	1.20542e-07
9.51701	2.56842e-06	2.56842e-06	2.41474e-13	9.40167e-08
9.64601	2.0734e-06	2.0734e-06	1.47553e-13	7.11649e-08
9.77501	1.67569e-06	1.67569e-06	8.75394e-14	5.22408e-08
9.90401	1.35575e-06	1.35575e-06	5.0646e-14	3.73565e-08
10.033	1.09805e-06	1.09805e-06	2.90714e-14	2.64754e-08
10.162	8.90253e-07	8.90253e-07	1.72818e-14	1.94123e-08
10.291	7.22502e-07	7.22502e-07	1.1444e-14	1.58394e-08
10.42	5.86929e-07	5.86929e-07	8.98025e-15	1.53004e-08
10.549	4.77243e-07	4.77243e-07	8.22412e-15	1.72326e-08
10.678	3.88411e-07	3.88411e-07	8.15557e-15	2.09972e-08
10.807	3.16395e-07	3.16395e-07	8.19987e-15	2.59166e-08
10.936	2.57953e-07	2.57953e-07	8.07788e-15	3.13153e-08
11.065	2.10482e-07	2.10482e-07	7.69586e-15	3.65631e-08
11.194	1.71886e-07	1.71886e-07	7.06689e-15	4.11138e-08
11.323	1.40479e-07	1.40479e-07	6.25656e-15	4.45373e-08
11.452	1.14899e-07	1.14899e-07	5.34748e-15	4.65409e-08
11.581	9.40468e-08	9.40468e-08	4.4179e-15	4.69756e-08
11.71	7.7035e-08	7.7035e-08	3.53045e-15	4.58291e-08
11.839	6.31454e-08	6.31454e-08	2.72827e-15	4.32061e-08
11.968	5.17957e-08	5.17957e-08	2.03553e-15	3.92993e-08
12.097	4.25145e-08	4.25145e-08	1.46078e-15	3.43596e-08
12.226	3.4919e-08	3.4919e-08	1.0011e-15	2.86692e-08
12.355	2.86988e-08	2.86988e-08	6.4655e-16	2.25288e-08
12.484	2.36014e-08	2.36014e-08	3.83786e-16	1.62612e-08
12.613	1.94211e-08	1.94211e-08	1.98907e-16	1.02418e-08
12.742	1.59905e-08	1.59905e-08	7.94206e-17	4.96672e-09
12.871	1.31736e-08	1.31736e-08	1.56643e-17	1.18907e-09
