# r(fm)	Density(fm-3)	Target_density	Difference	Relative diff.
0.1	0.0639436	0.0643429	0.000399299	0.0062058
0.229	0.0637633	0.0634504	-0.000312954	-0.00493226
0.358	0.0634623	0.0634369	-2.54165e-05	-0.000400657
0.487	0.0630456	0.0630435	-2.05217e-06	-3.25516e-05
0.616001	0.0625312	0.0625312	-3.10299e-08	-4.96231e-07
0.745001	0.0619407	0.0619408	1.60436e-07	2.59016e-06
0.874001	0.0612983	0.0612985	2.09905e-07	3.4243e-06
1.003	0.0606308	0.0606311	2.60696e-07	4.29971e-06
1.132	0.0599646	0.0599649	3.20969e-07	5.35261e-06
1.261	0.0593244	0.0593248	3.8913e-07	6.55931e-06
1.39	0.0587309	0.0587314	4.64054e-07	7.90129e-06
1.519	0.058199	0.0581995	5.45328e-07	9.36998e-06
1.648	0.0577354	0.057736	6.32909e-07	1.09621e-05
1.777	0.057338	0.0573387	7.26842e-07	1.26763e-05
1.906	0.0569951	0.0569959	8.27049e-07	1.45107e-05
2.035	0.0566855	0.0566864	9.33107e-07	1.64608e-05
2.164	0.0563801	0.0563811	1.04407e-06	1.85181e-05
2.293	0.0560427	0.0560439	1.15828e-06	2.06674e-05
2.422	0.0556333	0.0556346	1.2733e-06	2.28868e-05
2.551	0.0551091	0.0551105	1.38579e-06	2.51457e-05
2.68	0.054428	0.0544295	1.49163e-06	2.74048e-05
2.809	0.0535498	0.0535514	1.58597e-06	2.96158e-05
2.938	0.0524388	0.0524405	1.66355e-06	3.17227e-05
3.067	0.0510653	0.051067	1.71903e-06	3.36621e-05
3.196	0.0494071	0.0494088	1.7474e-06	3.53661e-05
3.325	0.0474513	0.047453	1.74458e-06	3.67644e-05
3.454	0.0451956	0.0451973	1.70795e-06	3.77887e-05
3.583	0.0426498	0.0426515	1.63681e-06	3.83763e-05
3.712	0.0398369	0.0398384	1.53282e-06	3.8476e-05
3.841	0.0367936	0.036795	1.40016e-06	3.80529e-05
3.97	0.0335704	0.0335717	1.24531e-06	3.70942e-05
4.099	0.0302307	0.0302317	1.07666e-06	3.56135e-05
4.228	0.0268473	0.0268482	9.03539e-07	3.36536e-05
4.357	0.0234991	0.0234998	7.35207e-07	3.12856e-05
4.486	0.0202649	0.0202654	5.79707e-07	2.86057e-05
4.615	0.0172174	0.0172178	4.42968e-07	2.57273e-05
4.744	0.0144166	0.0144169	3.28273e-07	2.277e-05
4.87301	0.0119055	0.0119057	2.36308e-07	1.98483e-05
5.00201	0.00970727	0.00970743	1.65621e-07	1.70612e-05
5.13101	0.0078255	0.00782561	1.13345e-07	1.44838e-05
5.26001	0.00624725	0.00624733	7.59979e-08	1.21649e-05
5.38901	0.00494712	0.00494717	5.01005e-08	1.01271e-05
5.51801	0.00389245	0.00389248	3.25882e-08	8.37208e-06
5.64701	0.00304771	0.00304773	2.09851e-08	6.88548e-06
5.77601	0.00237798	0.00237799	1.34193e-08	5.64314e-06
5.90501	0.00185115	0.00185116	8.54486e-09	4.61595e-06
6.03401	0.00143914	0.00143914	5.43078e-09	3.77363e-06
6.16301	0.00111825	0.00111825	3.45226e-09	3.08719e-06
6.29201	0.000869016	0.000869019	2.19885e-09	2.53027e-06
6.42101	0.000675744	0.000675745	1.40541e-09	2.0798e-06
6.55001	0.000525972	0.000525973	9.02605e-10	1.71607e-06
6.67901	0.000409913	0.000409913	5.83126e-10	1.42256e-06
6.80801	0.000319928	0.000319928	3.79309e-10	1.1856e-06
6.93701	0.000250094	0.000250095	2.486e-10	9.94025e-07
7.06601	0.000195833	0.000195834	1.64253e-10	8.3874e-07
7.19501	0.000153613	0.000153613	1.09437e-10	7.12423e-07
7.32401	0.000120707	0.000120707	7.35324e-11	6.09179e-07
7.45301	9.50201e-05	9.50201e-05	4.98196e-11	5.24306e-07
7.58201	7.49316e-05	7.49316e-05	3.40225e-11	4.54047e-07
7.71101	5.9194e-05	5.9194e-05	2.34069e-11	3.95426e-07
7.84001	4.6842e-05	4.6842e-05	1.62115e-11	3.46088e-07
7.96901	3.71305e-05	3.71305e-05	1.12944e-11	3.04181e-07
8.09801	2.94811e-05	2.94811e-05	7.90829e-12	2.6825e-07
8.22701	2.34452e-05	2.34452e-05	5.56002e-12	2.3715e-07
8.35601	1.86744e-05	1.86744e-05	3.92141e-12	2.09988e-07
8.48501	1.48973e-05	1.48973e-05	2.77182e-12	1.86062e-07
8.61401	1.19017e-05	1.19017e-05	1.96159e-12	1.64815e-07
8.74301	9.52226e-06	9.52227e-06	1.38837e-12	1.45802e-07
8.87201	7.62921e-06	7.62921e-06	9.81619e-13	1.28666e-07
9.00101	6.12081e-06	6.12081e-06	6.92327e-13	1.1311e-07
9.13001	4.91707e-06	4.91707e-06	4.86241e-13	9.88883e-08
9.25901	3.95513e-06	3.95513e-06	3.39312e-13	8.57904e-08
9.38801	3.18532e-06	3.18532e-06	2.34554e-13	7.36361e-08
9.51701	2.56842e-06	2.56842e-06	1.59936e-13	6.22704e-08
9.64601	2.0734e-06	2.0734e-06	1.06908e-13	5.15617e-08
9.77501	1.67569e-06	1.67569e-06	6.93761e-14	4.14016e-08
9.90401	1.35575e-06	1.35575e-06	4.29843e-14	3.17052e-08
10.033	1.09805e-06	1.09805e-06	2.46108e-14	2.24131e-08
10.162	8.90253e-07	8.90253e-07	1.20114e-14	1.34921e-08
10.291	7.22502e-07	7.22502e-07	3.56667e-15	4.93655e-09
10.42	5.86929e-07	5.86929e-07	-1.89718e-15	-3.23238e-09
10.549	4.77243e-07	4.77243e-07	-5.23446e-15	-1.09681e-08
10.678	3.88411e-07	3.88411e-07	-7.06971e-15	-1.82016e-08
10.807	3.16395e-07	3.16395e-07	-7.86113e-15	-2.4846e-08
10.936	2.57953e-07	2.57953e-07	-7.94566e-15	-3.08028e-08
11.065	2.10482e-07	2.10482e-07	-7.57083e-15	-3.59691e-08
11.194	1.71886e-07	1.71886e-07	-6.91753e-15	-4.02449e-08
11.323	1.40479e-07	1.40479e-07	-6.11653e-15	-4.35405e-08
11.452	1.14899e-07	1.14899e-07	-5.26049e-15	-4.57837e-08
11.581	9.40468e-08	9.40468e-08	-4.41308e-15	-4.69243e-08
11.71	7.7035e-08	7.7035e-08	-3.61581e-15	-4.69373e-08
11.839	6.31454e-08	6.31454e-08	-2.89357e-15	-4.5824e-08
11.968	5.17957e-08	5.17956e-08	-2.25883e-15	-4.36105e-08
12.097	4.25145e-08	4.25145e-08	-1.71528e-15	-4.03458e-08
12.226	3.4919e-08	3.4919e-08	-1.26052e-15	-3.60984e-08
12.355	2.86988e-08	2.86988e-08	-8.88361e-16	-3.09546e-08
12.484	2.36014e-08	2.36014e-08	-5.90424e-16	-2.50165e-08
12.613	1.94211e-08	1.94211e-08	-3.57206e-16	-1.83927e-08
12.742	1.59905e-08	1.59905e-08	-1.78586e-16	-1.11682e-08
12.871	1.31736e-08	1.31736e-08	-4.78947e-17	-3.63566e-09
