# r(fm)	Density(fm-3)	Target_density	Difference	Relative diff.
0.1	0.0639436	0.0643089	0.00036534	0.00568101
0.229	0.0637633	0.0637732	9.84982e-06	0.000154451
0.358	0.0634623	0.0634635	1.21742e-06	1.9183e-05
0.487	0.0630456	0.0630458	2.05724e-07	3.26309e-06
0.616001	0.0625312	0.0625313	6.68917e-08	1.06973e-06
0.745001	0.0619407	0.0619407	5.68968e-08	9.18568e-07
0.874001	0.0612983	0.0612984	7.07048e-08	1.15345e-06
1.003	0.0606308	0.0606309	9.05643e-08	1.4937e-06
1.132	0.0599646	0.0599647	1.13034e-07	1.88501e-06
1.261	0.0593244	0.0593245	1.37415e-07	2.31633e-06
1.39	0.0587309	0.0587311	1.63629e-07	2.78606e-06
1.519	0.058199	0.0581991	1.91763e-07	3.29495e-06
1.648	0.0577354	0.0577356	2.21955e-07	3.84433e-06
1.777	0.057338	0.0573383	2.54317e-07	4.43538e-06
1.906	0.0569951	0.0569954	2.88886e-07	5.06858e-06
2.035	0.0566855	0.0566858	3.25552e-07	5.7431e-06
2.164	0.0563801	0.0563804	3.64005e-07	6.45623e-06
2.293	0.0560427	0.0560431	4.03671e-07	7.20286e-06
2.422	0.0556333	0.0556337	4.43682e-07	7.97506e-06
2.551	0.0551091	0.0551096	4.82861e-07	8.76183e-06
2.68	0.054428	0.0544285	5.19739e-07	9.54903e-06
2.809	0.0535498	0.0535504	5.5261e-07	1.03194e-05
2.938	0.0524388	0.0524394	5.79619e-07	1.10531e-05
3.067	0.0510653	0.0510659	5.98893e-07	1.17278e-05
3.196	0.0494071	0.0494077	6.08696e-07	1.23198e-05
3.325	0.0474513	0.0474519	6.07611e-07	1.28048e-05
3.454	0.0451956	0.0451962	5.94737e-07	1.3159e-05
3.583	0.0426498	0.0426504	5.69848e-07	1.33609e-05
3.712	0.0398369	0.0398374	5.33539e-07	1.33929e-05
3.841	0.0367936	0.0367941	4.87269e-07	1.32431e-05
3.97	0.0335704	0.0335709	4.3331e-07	1.29073e-05
4.099	0.0302307	0.030231	3.74578e-07	1.23905e-05
4.228	0.0268473	0.0268476	3.14325e-07	1.17078e-05
4.357	0.0234991	0.0234993	2.55767e-07	1.0884e-05
4.486	0.0202649	0.0202651	2.01697e-07	9.95293e-06
4.615	0.0172174	0.0172175	1.54168e-07	8.95415e-06
4.744	0.0144166	0.0144167	1.14317e-07	7.92946e-06
4.87301	0.0119055	0.0119055	8.23733e-08	6.9189e-06
5.00201	0.00970727	0.00970733	5.78274e-08	5.95709e-06
5.13101	0.0078255	0.00782554	3.96778e-08	5.0703e-06
5.26001	0.00624725	0.00624728	2.67115e-08	4.2757e-06
5.38901	0.00494712	0.00494714	1.77176e-08	3.58139e-06
5.51801	0.00389245	0.00389246	1.16308e-08	2.98804e-06
5.64701	0.00304771	0.00304772	7.59121e-09	2.49078e-06
5.77601	0.00237798	0.00237798	4.9492e-09	2.08126e-06
5.90501	0.00185115	0.00185115	3.23821e-09	1.7493e-06
6.03401	0.00143914	0.00143914	2.13595e-09	1.48419e-06
6.16301	0.00111825	0.00111825	1.42641e-09	1.27557e-06
6.29201	0.000869016	0.000869017	9.67939e-10	1.11383e-06
6.42101	0.000675744	0.000675744	6.69243e-10	9.90379e-07
6.55001	0.000525972	0.000525973	4.72139e-10	8.97649e-07
6.67901	0.000409913	0.000409913	3.39851e-10	8.2908e-07
6.80801	0.000319928	0.000319928	2.49229e-10	7.79017e-07
6.93701	0.000250094	0.000250095	1.85727e-10	7.42626e-07
7.06601	0.000195833	0.000195834	1.40178e-10	7.15804e-07
7.19501	0.000153613	0.000153613	1.06776e-10	6.95099e-07
7.32401	0.000120707	0.000120707	8.17972e-11	6.77648e-07
7.45301	9.50201e-05	9.50201e-05	6.28215e-11	6.61139e-07
7.58201	7.49316e-05	7.49316e-05	4.82376e-11	6.43755e-07
7.71101	5.9194e-05	5.9194e-05	3.69459e-11	6.24149e-07
7.84001	4.6842e-05	4.68421e-05	2.81709e-11	6.01401e-07
7.96901	3.71305e-05	3.71305e-05	2.13495e-11	5.74986e-07
8.09801	2.94811e-05	2.94811e-05	1.60591e-11	5.44727e-07
8.22701	2.34452e-05	2.34452e-05	1.19747e-11	5.10751e-07
8.35601	1.86744e-05	1.86744e-05	8.84128e-12	4.73443e-07
8.48501	1.48973e-05	1.48973e-05	6.45638e-12	4.33394e-07
8.61401	1.19017e-05	1.19018e-05	4.65772e-12	3.91348e-07
8.74301	9.52226e-06	9.52227e-06	3.31522e-12	3.48155e-07
8.87201	7.62921e-06	7.62921e-06	2.3248e-12	3.04724e-07
9.00101	6.12081e-06	6.12081e-06	1.60351e-12	2.61978e-07
9.13001	4.91707e-06	4.91708e-06	1.08575e-12	2.20812e-07
9.25901	3.95513e-06	3.95513e-06	7.20087e-13	1.82064e-07
9.38801	3.18532e-06	3.18532e-06	4.66584e-13	1.4648e-07
9.51701	2.56842e-06	2.56842e-06	2.94562e-13	1.14686e-07
9.64601	2.0734e-06	2.0734e-06	1.80743e-13	8.71725e-08
9.77501	1.67569e-06	1.67569e-06	1.07695e-13	6.42689e-08
9.90401	1.35575e-06	1.35575e-06	6.25486e-14	4.61358e-08
10.033	1.09805e-06	1.09805e-06	3.59661e-14	3.27544e-08
10.162	8.90253e-07	8.90253e-07	2.13014e-14	2.39273e-08
10.291	7.22502e-07	7.22502e-07	1.39337e-14	1.92854e-08
10.42	5.86929e-07	5.86929e-07	1.07431e-14	1.83039e-08
10.549	4.77243e-07	4.77243e-07	9.70163e-15	2.03285e-08
10.678	3.88411e-07	3.88411e-07	9.55921e-15	2.4611e-08
10.807	3.16395e-07	3.16395e-07	9.60333e-15	3.03524e-08
10.936	2.57953e-07	2.57953e-07	9.48013e-15	3.67514e-08
11.065	2.10482e-07	2.10482e-07	9.06223e-15	4.30548e-08
11.194	1.71886e-07	1.71886e-07	8.35423e-15	4.86033e-08
11.323	1.40479e-07	1.40479e-07	7.4272e-15	5.28705e-08
11.452	1.14899e-07	1.14899e-07	6.37547e-15	5.54878e-08
11.581	9.40468e-08	9.40468e-08	5.29056e-15	5.62545e-08
11.71	7.7035e-08	7.7035e-08	4.247e-15	5.51308e-08
11.839	6.31454e-08	6.31454e-08	3.29724e-15	5.22165e-08
11.968	5.17957e-08	5.17957e-08	2.47168e-15	4.77198e-08
12.097	4.25145e-08	4.25145e-08	1.78231e-15	4.19225e-08
12.226	3.4919e-08	3.4919e-08	1.22743e-15	3.51508e-08
12.355	2.86988e-08	2.86988e-08	7.96651e-16	2.7759e-08
12.484	2.36014e-08	2.36014e-08	4.75241e-16	2.01362e-08
12.613	1.94211e-08	1.94211e-08	2.47495e-16	1.27436e-08
12.742	1.59905e-08	1.59905e-08	9.92041e-17	6.20393e-09
12.871	1.31736e-08	1.31736e-08	1.9498e-17	1.48008e-09
