# r(fm)	Density(fm-3)	Target_density	Difference	Relative diff.
0.1	0.0639436	0.0643113	0.000367701	0.00571752
0.229	0.0637633	0.0637732	9.8856e-06	0.000155012
0.358	0.0634623	0.0634635	1.22132e-06	1.92444e-05
0.487	0.0630456	0.0630458	2.06203e-07	3.27068e-06
0.616001	0.0625312	0.0625313	6.69541e-08	1.07073e-06
0.745001	0.0619407	0.0619407	5.69027e-08	9.18663e-07
0.874001	0.0612983	0.0612984	7.07013e-08	1.1534e-06
1.003	0.0606308	0.0606309	9.05578e-08	1.49359e-06
1.132	0.0599646	0.0599647	1.13025e-07	1.88486e-06
1.261	0.0593244	0.0593245	1.37405e-07	2.31616e-06
1.39	0.0587309	0.0587311	1.63616e-07	2.78585e-06
1.519	0.058199	0.0581991	1.91749e-07	3.2947e-06
1.648	0.0577354	0.0577356	2.21938e-07	3.84404e-06
1.777	0.057338	0.0573383	2.54298e-07	4.43506e-06
1.906	0.0569951	0.0569954	2.88865e-07	5.06822e-06
2.035	0.0566855	0.0566858	3.2553e-07	5.7427e-06
2.164	0.0563801	0.0563804	3.6398e-07	6.45579e-06
2.293	0.0560427	0.0560431	4.03643e-07	7.20237e-06
2.422	0.0556333	0.0556337	4.43652e-07	7.97452e-06
2.551	0.0551091	0.0551096	4.82828e-07	8.76124e-06
2.68	0.054428	0.0544285	5.19705e-07	9.54839e-06
2.809	0.0535498	0.0535504	5.52573e-07	1.03188e-05
2.938	0.0524388	0.0524394	5.7958e-07	1.10524e-05
3.067	0.0510653	0.0510659	5.98854e-07	1.17271e-05
3.196	0.0494071	0.0494077	6.08655e-07	1.2319e-05
3.325	0.0474513	0.0474519	6.07572e-07	1.2804e-05
3.454	0.0451956	0.0451962	5.94698e-07	1.31581e-05
3.583	0.0426498	0.0426504	5.69811e-07	1.336e-05
3.712	0.0398369	0.0398374	5.33504e-07	1.3392e-05
3.841	0.0367936	0.0367941	4.87237e-07	1.32423e-05
3.97	0.0335704	0.0335709	4.33282e-07	1.29065e-05
4.099	0.0302307	0.030231	3.74554e-07	1.23897e-05
4.228	0.0268473	0.0268476	3.14305e-07	1.1707e-05
4.357	0.0234991	0.0234993	2.5575e-07	1.08833e-05
4.486	0.0202649	0.0202651	2.01683e-07	9.95227e-06
4.615	0.0172174	0.0172175	1.54158e-07	8.95355e-06
4.744	0.0144166	0.0144167	1.14309e-07	7.92892e-06
4.87301	0.0119055	0.0119055	8.23675e-08	6.91841e-06
5.00201	0.00970727	0.00970733	5.78232e-08	5.95665e-06
5.13101	0.0078255	0.00782554	3.96747e-08	5.0699e-06
5.26001	0.00624725	0.00624728	2.67091e-08	4.27532e-06
5.38901	0.00494712	0.00494714	1.77158e-08	3.58103e-06
5.51801	0.00389245	0.00389246	1.16294e-08	2.98768e-06
5.64701	0.00304771	0.00304772	7.59012e-09	2.49042e-06
5.77601	0.00237798	0.00237798	4.94831e-09	2.08088e-06
5.90501	0.00185115	0.00185115	3.23747e-09	1.7489e-06
6.03401	0.00143914	0.00143914	2.13533e-09	1.48375e-06
6.16301	0.00111825	0.00111825	1.42588e-09	1.27509e-06
6.29201	0.000869016	0.000869017	9.67486e-10	1.11331e-06
6.42101	0.000675744	0.000675744	6.68856e-10	9.89807e-07
6.55001	0.000525972	0.000525973	4.7181e-10	8.97024e-07
6.67901	0.000409913	0.000409913	3.39573e-10	8.28402e-07
6.80801	0.000319928	0.000319928	2.48996e-10	7.78288e-07
6.93701	0.000250094	0.000250095	1.85533e-10	7.4185e-07
7.06601	0.000195833	0.000195834	1.40018e-10	7.14985e-07
7.19501	0.000153613	0.000153613	1.06645e-10	6.94244e-07
7.32401	0.000120707	0.000120707	8.16908e-11	6.76767e-07
7.45301	9.50201e-05	9.50201e-05	6.27361e-11	6.6024e-07
7.58201	7.49316e-05	7.49316e-05	4.81697e-11	6.42849e-07
7.71101	5.9194e-05	5.9194e-05	3.68925e-11	6.23247e-07
7.84001	4.6842e-05	4.68421e-05	2.81293e-11	6.00514e-07
7.96901	3.71305e-05	3.71305e-05	2.13175e-11	5.74125e-07
8.09801	2.94811e-05	2.94811e-05	1.60348e-11	5.43901e-07
8.22701	2.34452e-05	2.34452e-05	1.19564e-11	5.0997e-07
8.35601	1.86744e-05	1.86744e-05	8.82769e-12	4.72715e-07
8.48501	1.48973e-05	1.48973e-05	6.44641e-12	4.32724e-07
8.61401	1.19017e-05	1.19018e-05	4.65051e-12	3.90742e-07
8.74301	9.52226e-06	9.52227e-06	3.31009e-12	3.47616e-07
8.87201	7.62921e-06	7.62921e-06	2.32121e-12	3.04253e-07
9.00101	6.12081e-06	6.12081e-06	1.60104e-12	2.61573e-07
9.13001	4.91707e-06	4.91708e-06	1.08408e-12	2.20473e-07
9.25901	3.95513e-06	3.95513e-06	7.18988e-13	1.81786e-07
9.38801	3.18532e-06	3.18532e-06	4.65877e-13	1.46258e-07
9.51701	2.56842e-06	2.56842e-06	2.94121e-13	1.14515e-07
9.64601	2.0734e-06	2.0734e-06	1.80477e-13	8.70439e-08
9.77501	1.67569e-06	1.67569e-06	1.07539e-13	6.4176e-08
9.90401	1.35575e-06	1.35575e-06	6.24603e-14	4.60707e-08
10.033	1.09805e-06	1.09805e-06	3.59168e-14	3.27095e-08
10.162	8.90253e-07	8.90253e-07	2.12727e-14	2.38952e-08
10.291	7.22502e-07	7.22502e-07	1.39148e-14	1.92592e-08
10.42	5.86929e-07	5.86929e-07	1.07278e-14	1.82778e-08
10.549	4.77243e-07	4.77243e-07	9.68695e-15	2.02977e-08
10.678	3.88411e-07	3.88411e-07	9.5441e-15	2.45721e-08
10.807	3.16395e-07	3.16395e-07	9.58777e-15	3.03032e-08
10.936	2.57953e-07	2.57953e-07	9.46457e-15	3.66911e-08
11.065	2.10482e-07	2.10482e-07	9.04728e-15	4.29837e-08
11.194	1.71886e-07	1.71886e-07	8.34044e-15	4.8523e-08
11.323	1.40479e-07	1.40479e-07	7.41495e-15	5.27833e-08
11.452	1.14899e-07	1.14899e-07	6.36499e-15	5.53966e-08
11.581	9.40468e-08	9.40468e-08	5.2819e-15	5.61625e-08
11.71	7.7035e-08	7.7035e-08	4.24009e-15	5.50411e-08
11.839	6.31454e-08	6.31454e-08	3.2919e-15	5.21321e-08
11.968	5.17957e-08	5.17957e-08	2.46771e-15	4.76431e-08
12.097	4.25145e-08	4.25145e-08	1.77947e-15	4.18556e-08
12.226	3.4919e-08	3.4919e-08	1.22549e-15	3.50951e-08
12.355	2.86988e-08	2.86988e-08	7.95401e-16	2.77154e-08
12.484	2.36014e-08	2.36014e-08	4.74502e-16	2.01049e-08
12.613	1.94211e-08	1.94211e-08	2.47115e-16	1.27241e-08
12.742	1.59905e-08	1.59905e-08	9.9054e-17	6.19453e-09
12.871	1.31736e-08	1.31736e-08	1.94697e-17	1.47793e-09
