# r(fm)	Density(fm-3)	Target_density	Difference	Relative diff.
0.1	0.0639436	0.0639731	2.95453e-05	0.00046184
0.229	0.0637633	0.0637648	1.41e-06	2.21125e-05
0.358	0.0634623	0.0634625	2.24435e-07	3.53649e-06
0.487	0.0630456	0.0630457	6.33807e-08	1.00531e-06
0.616001	0.0625312	0.0625313	4.43171e-08	7.08718e-07
0.745001	0.0619407	0.0619407	5.35234e-08	8.64107e-07
0.874001	0.0612983	0.0612984	7.05313e-08	1.15062e-06
1.003	0.0606308	0.0606309	9.08475e-08	1.49837e-06
1.132	0.0599646	0.0599647	1.13342e-07	1.89014e-06
1.261	0.0593244	0.0593245	1.37729e-07	2.32161e-06
1.39	0.0587309	0.0587311	1.63989e-07	2.7922e-06
1.519	0.058199	0.0581991	1.92208e-07	3.30259e-06
1.648	0.0577354	0.0577356	2.22509e-07	3.85394e-06
1.777	0.057338	0.0573383	2.54998e-07	4.44725e-06
1.906	0.0569951	0.0569954	2.89701e-07	5.08289e-06
2.035	0.0566855	0.0566858	3.26507e-07	5.75993e-06
2.164	0.0563801	0.0563804	3.651e-07	6.47564e-06
2.293	0.0560427	0.0560431	4.04904e-07	7.22486e-06
2.422	0.0556333	0.0556337	4.45051e-07	7.99967e-06
2.551	0.0551091	0.0551096	4.8436e-07	8.78904e-06
2.68	0.054428	0.0544285	5.21362e-07	9.57884e-06
2.809	0.0535498	0.0535504	5.54343e-07	1.03518e-05
2.938	0.0524388	0.0524394	5.81447e-07	1.1088e-05
3.067	0.0510653	0.0510659	6.00794e-07	1.17651e-05
3.196	0.0494071	0.0494077	6.10641e-07	1.23592e-05
3.325	0.0474513	0.0474519	6.09568e-07	1.2846e-05
3.454	0.0451956	0.0451962	5.96667e-07	1.32017e-05
3.583	0.0426498	0.0426504	5.71712e-07	1.34046e-05
3.712	0.0398369	0.0398374	5.35296e-07	1.3437e-05
3.841	0.0367936	0.0367941	4.88884e-07	1.3287e-05
3.97	0.0335704	0.0335709	4.34754e-07	1.29503e-05
4.099	0.0302307	0.030231	3.7583e-07	1.24319e-05
4.228	0.0268473	0.0268476	3.15376e-07	1.17469e-05
4.357	0.0234991	0.0234993	2.56619e-07	1.09203e-05
4.486	0.0202649	0.0202651	2.02361e-07	9.98573e-06
4.615	0.0172174	0.0172175	1.54666e-07	8.98306e-06
4.744	0.0144166	0.0144167	1.14672e-07	7.95414e-06
4.87301	0.0119055	0.0119055	8.26139e-08	6.93911e-06
5.00201	0.00970727	0.00970733	5.79788e-08	5.97269e-06
5.13101	0.0078255	0.00782554	3.97629e-08	5.08118e-06
5.26001	0.00624725	0.00624728	2.67495e-08	4.28179e-06
5.38901	0.00494712	0.00494714	1.77236e-08	3.58261e-06
5.51801	0.00389245	0.00389246	1.16162e-08	2.98429e-06
5.64701	0.00304771	0.00304772	7.56422e-09	2.48193e-06
5.77601	0.00237798	0.00237798	4.91559e-09	2.06713e-06
5.90501	0.00185115	0.00185115	3.20192e-09	1.72969e-06
6.03401	0.00143914	0.00143914	2.09955e-09	1.45889e-06
6.16301	0.00111825	0.00111825	1.39153e-09	1.24438e-06
6.29201	0.000869016	0.000869017	9.35566e-10	1.07658e-06
6.42101	0.000675744	0.000675744	6.39899e-10	9.46954e-07
6.55001	0.000525972	0.000525973	4.46039e-10	8.48026e-07
6.67901	0.000409913	0.000409913	3.17003e-10	7.73342e-07
6.80801	0.000319928	0.000319928	2.29508e-10	7.17372e-07
6.93701	0.000250094	0.000250095	1.68919e-10	6.75422e-07
7.06601	0.000195833	0.000195834	1.26025e-10	6.43531e-07
7.19501	0.000153613	0.000153613	9.49931e-11	6.18393e-07
7.32401	0.000120707	0.000120707	7.20959e-11	5.97278e-07
7.45301	9.50201e-05	9.50201e-05	5.49207e-11	5.77991e-07
7.58201	7.49316e-05	7.49316e-05	4.18725e-11	5.5881e-07
7.71101	5.9194e-05	5.9194e-05	3.18732e-11	5.38453e-07
7.84001	4.6842e-05	4.68421e-05	2.41722e-11	5.16035e-07
7.96901	3.71305e-05	3.71305e-05	1.82321e-11	4.91029e-07
8.09801	2.94811e-05	2.94811e-05	1.36563e-11	4.63221e-07
8.22701	2.34452e-05	2.34452e-05	1.0144e-11	4.32669e-07
8.35601	1.86744e-05	1.86744e-05	7.4634e-12	3.99659e-07
8.48501	1.48973e-05	1.48973e-05	5.43234e-12	3.64654e-07
8.61401	1.19017e-05	1.19017e-05	3.90678e-12	3.28253e-07
8.74301	9.52226e-06	9.52227e-06	2.77235e-12	2.91144e-07
8.87201	7.62921e-06	7.62921e-06	1.93831e-12	2.54065e-07
9.00101	6.12081e-06	6.12081e-06	1.33291e-12	2.17766e-07
9.13001	4.91707e-06	4.91708e-06	8.99707e-13	1.82976e-07
9.25901	3.95513e-06	3.95513e-06	5.94738e-13	1.50371e-07
9.38801	3.18532e-06	3.18532e-06	3.84e-13	1.20553e-07
9.51701	2.56842e-06	2.56842e-06	2.41492e-13	9.40236e-08
9.64601	2.0734e-06	2.0734e-06	1.47561e-13	7.11685e-08
9.77501	1.67569e-06	1.67569e-06	8.75413e-14	5.2242e-08
9.90401	1.35575e-06	1.35575e-06	5.06457e-14	3.73563e-08
10.033	1.09805e-06	1.09805e-06	2.90706e-14	2.64746e-08
10.162	8.90253e-07	8.90253e-07	1.72814e-14	1.94118e-08
10.291	7.22502e-07	7.22502e-07	1.14443e-14	1.58399e-08
10.42	5.86929e-07	5.86929e-07	8.98135e-15	1.53023e-08
10.549	4.77243e-07	4.77243e-07	8.22582e-15	1.72361e-08
10.678	3.88411e-07	3.88411e-07	8.15766e-15	2.10026e-08
10.807	3.16395e-07	3.16395e-07	8.20212e-15	2.59237e-08
10.936	2.57953e-07	2.57953e-07	8.0801e-15	3.1324e-08
11.065	2.10482e-07	2.10482e-07	7.69792e-15	3.65729e-08
11.194	1.71886e-07	1.71886e-07	7.06869e-15	4.11242e-08
11.323	1.40479e-07	1.40479e-07	6.25806e-15	4.4548e-08
11.452	1.14899e-07	1.14899e-07	5.34867e-15	4.65512e-08
11.581	9.40468e-08	9.40468e-08	4.4188e-15	4.69851e-08
11.71	7.7035e-08	7.7035e-08	3.5311e-15	4.58376e-08
11.839	6.31454e-08	6.31454e-08	2.72872e-15	4.32132e-08
11.968	5.17957e-08	5.17957e-08	2.03583e-15	3.9305e-08
12.097	4.25145e-08	4.25145e-08	1.46096e-15	3.43638e-08
12.226	3.4919e-08	3.4919e-08	1.0012e-15	2.86721e-08
12.355	2.86988e-08	2.86988e-08	6.46601e-16	2.25306e-08
12.484	2.36014e-08	2.36014e-08	3.83808e-16	1.62621e-08
12.613	1.94211e-08	1.94211e-08	1.98913e-16	1.02421e-08
12.742	1.59905e-08	1.59905e-08	7.94214e-17	4.96677e-09
12.871	1.31736e-08	1.31736e-08	1.56643e-17	1.18907e-09
