# r(fm)	Density(fm-3)	Target_density	Difference	Relative diff.
0.1	0.0639436	0.063973	2.94825e-05	0.000460858
0.229	0.0637633	0.0637647	1.40692e-06	2.20642e-05
0.358	0.0634623	0.0634625	2.23967e-07	3.52912e-06
0.487	0.0630456	0.0630457	6.32898e-08	1.00387e-06
0.616001	0.0625312	0.0625313	4.42969e-08	7.08396e-07
0.745001	0.0619407	0.0619407	5.35169e-08	8.64002e-07
0.874001	0.0612983	0.0612984	7.05261e-08	1.15054e-06
1.003	0.0606308	0.0606309	9.08409e-08	1.49826e-06
1.132	0.0599646	0.0599647	1.13333e-07	1.88999e-06
1.261	0.0593244	0.0593245	1.37718e-07	2.32143e-06
1.39	0.0587309	0.0587311	1.63976e-07	2.79198e-06
1.519	0.058199	0.0581991	1.92193e-07	3.30234e-06
1.648	0.0577354	0.0577356	2.22493e-07	3.85365e-06
1.777	0.057338	0.0573383	2.54979e-07	4.44693e-06
1.906	0.0569951	0.0569954	2.8968e-07	5.08252e-06
2.035	0.0566855	0.0566858	3.26484e-07	5.75953e-06
2.164	0.0563801	0.0563804	3.65074e-07	6.47519e-06
2.293	0.0560427	0.0560431	4.04876e-07	7.22436e-06
2.422	0.0556333	0.0556337	4.45021e-07	7.99912e-06
2.551	0.0551091	0.0551096	4.84327e-07	8.78844e-06
2.68	0.054428	0.0544285	5.21327e-07	9.57819e-06
2.809	0.0535498	0.0535504	5.54306e-07	1.03511e-05
2.938	0.0524388	0.0524394	5.81408e-07	1.10872e-05
3.067	0.0510653	0.0510659	6.00754e-07	1.17643e-05
3.196	0.0494071	0.0494077	6.10601e-07	1.23584e-05
3.325	0.0474513	0.0474519	6.09528e-07	1.28452e-05
3.454	0.0451956	0.0451962	5.96628e-07	1.32008e-05
3.583	0.0426498	0.0426504	5.71674e-07	1.34037e-05
3.712	0.0398369	0.0398374	5.35261e-07	1.34361e-05
3.841	0.0367936	0.0367941	4.88852e-07	1.32862e-05
3.97	0.0335704	0.0335709	4.34726e-07	1.29495e-05
4.099	0.0302307	0.030231	3.75806e-07	1.24311e-05
4.228	0.0268473	0.0268476	3.15356e-07	1.17461e-05
4.357	0.0234991	0.0234993	2.56602e-07	1.09195e-05
4.486	0.0202649	0.0202651	2.02348e-07	9.98507e-06
4.615	0.0172174	0.0172175	1.54655e-07	8.98245e-06
4.744	0.0144166	0.0144167	1.14665e-07	7.95359e-06
4.87301	0.0119055	0.0119055	8.2608e-08	6.93862e-06
5.00201	0.00970727	0.00970733	5.79744e-08	5.97224e-06
5.13101	0.0078255	0.00782554	3.97597e-08	5.08076e-06
5.26001	0.00624725	0.00624728	2.67471e-08	4.2814e-06
5.38901	0.00494712	0.00494714	1.77218e-08	3.58223e-06
5.51801	0.00389245	0.00389246	1.16147e-08	2.98391e-06
5.64701	0.00304771	0.00304772	7.56304e-09	2.48154e-06
5.77601	0.00237798	0.00237798	4.91462e-09	2.06672e-06
5.90501	0.00185115	0.00185115	3.2011e-09	1.72925e-06
6.03401	0.00143914	0.00143914	2.09885e-09	1.45841e-06
6.16301	0.00111825	0.00111825	1.39094e-09	1.24385e-06
6.29201	0.000869016	0.000869017	9.35059e-10	1.076e-06
6.42101	0.000675744	0.000675744	6.39465e-10	9.46312e-07
6.55001	0.000525972	0.000525973	4.45669e-10	8.47324e-07
6.67901	0.000409913	0.000409913	3.1669e-10	7.72579e-07
6.80801	0.000319928	0.000319928	2.29244e-10	7.1655e-07
6.93701	0.000250094	0.000250095	1.687e-10	6.74545e-07
7.06601	0.000195833	0.000195834	1.25844e-10	6.42605e-07
7.19501	0.000153613	0.000153613	9.48445e-11	6.17425e-07
7.32401	0.000120707	0.000120707	7.19753e-11	5.96279e-07
7.45301	9.50201e-05	9.50201e-05	5.48239e-11	5.76971e-07
7.58201	7.49316e-05	7.49316e-05	4.17955e-11	5.57781e-07
7.71101	5.9194e-05	5.9194e-05	3.18126e-11	5.37429e-07
7.84001	4.6842e-05	4.68421e-05	2.41249e-11	5.15027e-07
7.96901	3.71305e-05	3.71305e-05	1.81958e-11	4.90049e-07
8.09801	2.94811e-05	2.94811e-05	1.36285e-11	4.62281e-07
8.22701	2.34452e-05	2.34452e-05	1.01232e-11	4.3178e-07
8.35601	1.86744e-05	1.86744e-05	7.44789e-12	3.98828e-07
8.48501	1.48973e-05	1.48973e-05	5.42096e-12	3.6389e-07
8.61401	1.19017e-05	1.19017e-05	3.89854e-12	3.2756e-07
8.74301	9.52226e-06	9.52227e-06	2.76647e-12	2.90527e-07
8.87201	7.62921e-06	7.62921e-06	1.93419e-12	2.53525e-07
9.00101	6.12081e-06	6.12081e-06	1.33007e-12	2.17302e-07
9.13001	4.91707e-06	4.91708e-06	8.97788e-13	1.82586e-07
9.25901	3.95513e-06	3.95513e-06	5.9347e-13	1.50051e-07
9.38801	3.18532e-06	3.18532e-06	3.83183e-13	1.20297e-07
9.51701	2.56842e-06	2.56842e-06	2.4098e-13	9.38243e-08
9.64601	2.0734e-06	2.0734e-06	1.4725e-13	7.10185e-08
9.77501	1.67569e-06	1.67569e-06	8.73585e-14	5.21329e-08
9.90401	1.35575e-06	1.35575e-06	5.05413e-14	3.72792e-08
10.033	1.09805e-06	1.09805e-06	2.90116e-14	2.64209e-08
10.162	8.90253e-07	8.90253e-07	1.72469e-14	1.9373e-08
10.291	7.22502e-07	7.22502e-07	1.14215e-14	1.58083e-08
10.42	5.86929e-07	5.86929e-07	8.96312e-15	1.52712e-08
10.549	4.77243e-07	4.77243e-07	8.20865e-15	1.72002e-08
10.678	3.88411e-07	3.88411e-07	8.1402e-15	2.09577e-08
10.807	3.16395e-07	3.16395e-07	8.18427e-15	2.58673e-08
10.936	2.57953e-07	2.57953e-07	8.06233e-15	3.12551e-08
11.065	2.10482e-07	2.10482e-07	7.68087e-15	3.64919e-08
11.194	1.71886e-07	1.71886e-07	7.05296e-15	4.10327e-08
11.323	1.40479e-07	1.40479e-07	6.24409e-15	4.44486e-08
11.452	1.14899e-07	1.14899e-07	5.33671e-15	4.64472e-08
11.581	9.40468e-08	9.40468e-08	4.40891e-15	4.688e-08
11.71	7.7035e-08	7.7035e-08	3.52319e-15	4.57349e-08
11.839	6.31454e-08	6.31454e-08	2.7226e-15	4.31163e-08
11.968	5.17957e-08	5.17957e-08	2.03126e-15	3.92169e-08
12.097	4.25145e-08	4.25145e-08	1.45768e-15	3.42867e-08
12.226	3.4919e-08	3.4919e-08	9.98958e-16	2.86078e-08
12.355	2.86988e-08	2.86988e-08	6.45151e-16	2.24801e-08
12.484	2.36014e-08	2.36014e-08	3.82948e-16	1.62257e-08
12.613	1.94211e-08	1.94211e-08	1.98468e-16	1.02192e-08
12.742	1.59905e-08	1.59905e-08	7.92447e-17	4.95573e-09
12.871	1.31736e-08	1.31736e-08	1.56305e-17	1.18651e-09
