# r(fm)	Density(fm-3)	Target_density	Difference	Relative diff.
0.1	0.0639436	0.0643819	0.00043836	0.00680875
0.229	0.0637633	0.0634407	-0.000322676	-0.00508626
0.358	0.0634623	0.0634361	-2.62394e-05	-0.000413636
0.487	0.0630456	0.0630435	-2.12118e-06	-3.36463e-05
0.616001	0.0625312	0.0625312	-3.41721e-08	-5.4648e-07
0.745001	0.0619407	0.0619408	1.62974e-07	2.63112e-06
0.874001	0.0612983	0.0612985	2.13249e-07	3.47887e-06
1.003	0.0606308	0.0606311	2.64735e-07	4.36632e-06
1.132	0.0599646	0.0599649	3.25885e-07	5.43459e-06
1.261	0.0593244	0.0593248	3.95072e-07	6.65947e-06
1.39	0.0587309	0.0587314	4.71138e-07	8.0219e-06
1.519	0.058199	0.0581995	5.53657e-07	9.51309e-06
1.648	0.0577354	0.057736	6.42581e-07	1.11296e-05
1.777	0.057338	0.0573387	7.37955e-07	1.28701e-05
1.906	0.0569951	0.0569959	8.39698e-07	1.47326e-05
2.035	0.0566855	0.0566865	9.4738e-07	1.67126e-05
2.164	0.0563801	0.0563811	1.06004e-06	1.88013e-05
2.293	0.0560427	0.0560439	1.176e-06	2.09835e-05
2.422	0.0556333	0.0556346	1.29277e-06	2.32369e-05
2.551	0.0551091	0.0551105	1.40699e-06	2.55302e-05
2.68	0.054428	0.0544295	1.51444e-06	2.78238e-05
2.809	0.0535498	0.0535514	1.61022e-06	3.00687e-05
2.938	0.0524388	0.0524405	1.68899e-06	3.22078e-05
3.067	0.0510653	0.0510671	1.74531e-06	3.41769e-05
3.196	0.0494071	0.0494089	1.77412e-06	3.59069e-05
3.325	0.0474513	0.047453	1.77126e-06	3.73266e-05
3.454	0.0451956	0.0451974	1.73407e-06	3.83666e-05
3.583	0.0426498	0.0426515	1.66184e-06	3.89632e-05
3.712	0.0398369	0.0398385	1.55627e-06	3.90644e-05
3.841	0.0367936	0.036795	1.42157e-06	3.86349e-05
3.97	0.0335704	0.0335717	1.26436e-06	3.76616e-05
4.099	0.0302307	0.0302317	1.09313e-06	3.61583e-05
4.228	0.0268473	0.0268482	9.17362e-07	3.41684e-05
4.357	0.0234991	0.0234998	7.46455e-07	3.17643e-05
4.486	0.0202649	0.0202654	5.88578e-07	2.90434e-05
4.615	0.0172174	0.0172178	4.49746e-07	2.6121e-05
4.744	0.0144166	0.0144169	3.33297e-07	2.31185e-05
4.87301	0.0119055	0.0119057	2.39925e-07	2.01521e-05
5.00201	0.00970727	0.00970744	1.68157e-07	1.73225e-05
5.13101	0.0078255	0.00782561	1.15081e-07	1.47057e-05
5.26001	0.00624725	0.00624733	7.71628e-08	1.23513e-05
5.38901	0.00494712	0.00494717	5.08691e-08	1.02825e-05
5.51801	0.00389245	0.00389248	3.30887e-08	8.50067e-06
5.64701	0.00304771	0.00304773	2.13079e-08	6.9914e-06
5.77601	0.00237798	0.00237799	1.36262e-08	5.73012e-06
5.90501	0.00185115	0.00185116	8.67692e-09	4.68729e-06
6.03401	0.00143914	0.00143914	5.515e-09	3.83215e-06
6.16301	0.00111825	0.00111825	3.50603e-09	3.13527e-06
6.29201	0.000869016	0.000869019	2.23329e-09	2.5699e-06
6.42101	0.000675744	0.000675745	1.42758e-09	2.1126e-06
6.55001	0.000525972	0.000525973	9.16958e-10	1.74335e-06
6.67901	0.000409913	0.000409913	5.9249e-10	1.4454e-06
6.80801	0.000319928	0.000319928	3.85469e-10	1.20486e-06
6.93701	0.000250094	0.000250095	2.5269e-10	1.01038e-06
7.06601	0.000195833	0.000195834	1.66994e-10	8.52734e-07
7.19501	0.000153613	0.000153613	1.11292e-10	7.24495e-07
7.32401	0.000120707	0.000120707	7.47989e-11	6.19671e-07
7.45301	9.50201e-05	9.50201e-05	5.06923e-11	5.3349e-07
7.58201	7.49316e-05	7.49316e-05	3.46287e-11	4.62137e-07
7.71101	5.9194e-05	5.9194e-05	2.3831e-11	4.02592e-07
7.84001	4.6842e-05	4.6842e-05	1.65101e-11	3.52464e-07
7.96901	3.71305e-05	3.71305e-05	1.15058e-11	3.09875e-07
8.09801	2.94811e-05	2.94811e-05	8.05855e-12	2.73347e-07
8.22701	2.34452e-05	2.34452e-05	5.66715e-12	2.41719e-07
8.35601	1.86744e-05	1.86744e-05	3.99794e-12	2.14086e-07
8.48501	1.48973e-05	1.48973e-05	2.82654e-12	1.89735e-07
8.61401	1.19017e-05	1.19017e-05	2.00071e-12	1.68102e-07
8.74301	9.52226e-06	9.52227e-06	1.41631e-12	1.48737e-07
8.87201	7.62921e-06	7.62921e-06	1.00153e-12	1.31276e-07
9.00101	6.12081e-06	6.12081e-06	7.06459e-13	1.15419e-07
9.13001	4.91707e-06	4.91707e-06	4.96216e-13	1.00917e-07
9.25901	3.95513e-06	3.95513e-06	3.46296e-13	8.75561e-08
9.38801	3.18532e-06	3.18532e-06	2.39389e-13	7.51538e-08
9.51701	2.56842e-06	2.56842e-06	1.6323e-13	6.35526e-08
9.64601	2.0734e-06	2.0734e-06	1.091e-13	5.26189e-08
9.77501	1.67569e-06	1.67569e-06	7.07853e-14	4.22425e-08
9.90401	1.35575e-06	1.35575e-06	4.38413e-14	3.23373e-08
10.033	1.09805e-06	1.09805e-06	2.50829e-14	2.2843e-08
10.162	8.90253e-07	8.90253e-07	1.22198e-14	1.37262e-08
10.291	7.22502e-07	7.22502e-07	3.59904e-15	4.98136e-09
10.42	5.86929e-07	5.86929e-07	-1.97767e-15	-3.36953e-09
10.549	4.77243e-07	4.77243e-07	-5.38261e-15	-1.12786e-08
10.678	3.88411e-07	3.88411e-07	-7.25352e-15	-1.86748e-08
10.807	3.16395e-07	3.16395e-07	-8.05836e-15	-2.54693e-08
10.936	2.57953e-07	2.57953e-07	-8.1413e-15	-3.15612e-08
11.065	2.10482e-07	2.10482e-07	-7.75518e-15	-3.6845e-08
11.194	1.71886e-07	1.71886e-07	-7.08481e-15	-4.1218e-08
11.323	1.40479e-07	1.40479e-07	-6.26378e-15	-4.45887e-08
11.452	1.14899e-07	1.14899e-07	-5.38677e-15	-4.68828e-08
11.581	9.40468e-08	9.40468e-08	-4.51884e-15	-4.80488e-08
11.71	7.7035e-08	7.7035e-08	-3.70238e-15	-4.8061e-08
11.839	6.31454e-08	6.31454e-08	-2.96281e-15	-4.69205e-08
11.968	5.17957e-08	5.17956e-08	-2.31288e-15	-4.46539e-08
12.097	4.25145e-08	4.25145e-08	-1.75632e-15	-4.13112e-08
12.226	3.4919e-08	3.4919e-08	-1.29069e-15	-3.69623e-08
12.355	2.86988e-08	2.86988e-08	-9.09616e-16	-3.16952e-08
12.484	2.36014e-08	2.36014e-08	-6.04539e-16	-2.56146e-08
12.613	1.94211e-08	1.94211e-08	-3.65726e-16	-1.88314e-08
12.742	1.59905e-08	1.59905e-08	-1.82819e-16	-1.14329e-08
12.871	1.31736e-08	1.31736e-08	-4.90109e-17	-3.72039e-09
