# r(fm)	Density(fm-3)	Target_density	Difference	Relative diff.
0.1	0.0639436	0.0639728	2.92604e-05	0.000457387
0.229	0.0637633	0.0637647	1.39799e-06	2.19242e-05
0.358	0.0634623	0.0634625	2.22679e-07	3.50882e-06
0.487	0.0630456	0.0630457	6.30517e-08	1.0001e-06
0.616001	0.0625312	0.0625313	4.42462e-08	7.07585e-07
0.745001	0.0619407	0.0619407	5.35014e-08	8.63752e-07
0.874001	0.0612983	0.0612984	7.05143e-08	1.15034e-06
1.003	0.0606308	0.0606309	9.0826e-08	1.49801e-06
1.132	0.0599646	0.0599647	1.13314e-07	1.88967e-06
1.261	0.0593244	0.0593245	1.37694e-07	2.32103e-06
1.39	0.0587309	0.0587311	1.63948e-07	2.7915e-06
1.519	0.058199	0.0581991	1.92161e-07	3.30178e-06
1.648	0.0577354	0.0577356	2.22456e-07	3.85301e-06
1.777	0.057338	0.0573383	2.54937e-07	4.4462e-06
1.906	0.0569951	0.0569954	2.89634e-07	5.08171e-06
2.035	0.0566855	0.0566858	3.26432e-07	5.75861e-06
2.164	0.0563801	0.0563804	3.65017e-07	6.47418e-06
2.293	0.0560427	0.0560431	4.04813e-07	7.22324e-06
2.422	0.0556333	0.0556337	4.44952e-07	7.99789e-06
2.551	0.0551091	0.0551096	4.84254e-07	8.7871e-06
2.68	0.054428	0.0544285	5.21248e-07	9.57674e-06
2.809	0.0535498	0.0535504	5.54222e-07	1.03496e-05
2.938	0.0524388	0.0524394	5.81321e-07	1.10856e-05
3.067	0.0510653	0.0510659	6.00664e-07	1.17625e-05
3.196	0.0494071	0.0494077	6.10509e-07	1.23566e-05
3.325	0.0474513	0.0474519	6.09437e-07	1.28433e-05
3.454	0.0451956	0.0451962	5.9654e-07	1.31989e-05
3.583	0.0426498	0.0426504	5.7159e-07	1.34017e-05
3.712	0.0398369	0.0398374	5.35182e-07	1.34342e-05
3.841	0.0367936	0.0367941	4.88781e-07	1.32842e-05
3.97	0.0335704	0.0335709	4.34662e-07	1.29476e-05
4.099	0.0302307	0.030231	3.75751e-07	1.24293e-05
4.228	0.0268473	0.0268476	3.15309e-07	1.17444e-05
4.357	0.0234991	0.0234993	2.56564e-07	1.09179e-05
4.486	0.0202649	0.0202651	2.02318e-07	9.98358e-06
4.615	0.0172174	0.0172175	1.54632e-07	8.9811e-06
4.744	0.0144166	0.0144167	1.14647e-07	7.95236e-06
4.87301	0.0119055	0.0119055	8.25948e-08	6.93751e-06
5.00201	0.00970727	0.00970733	5.79646e-08	5.97122e-06
5.13101	0.0078255	0.00782554	3.97524e-08	5.07983e-06
5.26001	0.00624725	0.00624728	2.67416e-08	4.28052e-06
5.38901	0.00494712	0.00494714	1.77176e-08	3.58138e-06
5.51801	0.00389245	0.00389246	1.16114e-08	2.98306e-06
5.64701	0.00304771	0.00304772	7.56038e-09	2.48067e-06
5.77601	0.00237798	0.00237798	4.91242e-09	2.0658e-06
5.90501	0.00185115	0.00185115	3.19926e-09	1.72825e-06
6.03401	0.00143914	0.00143914	2.09729e-09	1.45732e-06
6.16301	0.00111825	0.00111825	1.3896e-09	1.24265e-06
6.29201	0.000869016	0.000869017	9.33912e-10	1.07468e-06
6.42101	0.000675744	0.000675744	6.38484e-10	9.4486e-07
6.55001	0.000525972	0.000525973	4.44833e-10	8.45734e-07
6.67901	0.000409913	0.000409913	3.15982e-10	7.70851e-07
6.80801	0.000319928	0.000319928	2.28649e-10	7.14688e-07
6.93701	0.000250094	0.000250095	1.68203e-10	6.72558e-07
7.06601	0.000195833	0.000195834	1.25433e-10	6.40507e-07
7.19501	0.000153613	0.000153613	9.45079e-11	6.15234e-07
7.32401	0.000120707	0.000120707	7.17021e-11	5.94016e-07
7.45301	9.50201e-05	9.50201e-05	5.46043e-11	5.74661e-07
7.58201	7.49316e-05	7.49316e-05	4.16209e-11	5.55451e-07
7.71101	5.9194e-05	5.9194e-05	3.16751e-11	5.35107e-07
7.84001	4.6842e-05	4.68421e-05	2.40179e-11	5.12741e-07
7.96901	3.71305e-05	3.71305e-05	1.81133e-11	4.87828e-07
8.09801	2.94811e-05	2.94811e-05	1.35657e-11	4.6015e-07
8.22701	2.34452e-05	2.34452e-05	1.00759e-11	4.29762e-07
8.35601	1.86744e-05	1.86744e-05	7.41272e-12	3.96945e-07
8.48501	1.48973e-05	1.48973e-05	5.39515e-12	3.62157e-07
8.61401	1.19017e-05	1.19017e-05	3.87986e-12	3.25991e-07
8.74301	9.52226e-06	9.52227e-06	2.75315e-12	2.89127e-07
8.87201	7.62921e-06	7.62921e-06	1.92484e-12	2.52299e-07
9.00101	6.12081e-06	6.12081e-06	1.32362e-12	2.16249e-07
9.13001	4.91707e-06	4.91708e-06	8.93434e-13	1.817e-07
9.25901	3.95513e-06	3.95513e-06	5.90592e-13	1.49323e-07
9.38801	3.18532e-06	3.18532e-06	3.81327e-13	1.19714e-07
9.51701	2.56842e-06	2.56842e-06	2.39817e-13	9.33716e-08
9.64601	2.0734e-06	2.0734e-06	1.46543e-13	7.06778e-08
9.77501	1.67569e-06	1.67569e-06	8.69431e-14	5.18849e-08
9.90401	1.35575e-06	1.35575e-06	5.03039e-14	3.71041e-08
10.033	1.09805e-06	1.09805e-06	2.88775e-14	2.62988e-08
10.162	8.90253e-07	8.90253e-07	1.71683e-14	1.92848e-08
10.291	7.22502e-07	7.22502e-07	1.13697e-14	1.57365e-08
10.42	5.86929e-07	5.86929e-07	8.92175e-15	1.52007e-08
10.549	4.77243e-07	4.77243e-07	8.16972e-15	1.71186e-08
10.678	3.88411e-07	3.88411e-07	8.10065e-15	2.08558e-08
10.807	3.16395e-07	3.16395e-07	8.14383e-15	2.57395e-08
10.936	2.57953e-07	2.57953e-07	8.02205e-15	3.10989e-08
11.065	2.10482e-07	2.10482e-07	7.64224e-15	3.63083e-08
11.194	1.71886e-07	1.71886e-07	7.01732e-15	4.08254e-08
11.323	1.40479e-07	1.40479e-07	6.21245e-15	4.42233e-08
11.452	1.14899e-07	1.14899e-07	5.30961e-15	4.62113e-08
11.581	9.40468e-08	9.40468e-08	4.38648e-15	4.66415e-08
11.71	7.7035e-08	7.7035e-08	3.50525e-15	4.5502e-08
11.839	6.31454e-08	6.31454e-08	2.70872e-15	4.28966e-08
11.968	5.17957e-08	5.17957e-08	2.0209e-15	3.90168e-08
12.097	4.25145e-08	4.25145e-08	1.45024e-15	3.41118e-08
12.226	3.4919e-08	3.4919e-08	9.9386e-16	2.84618e-08
12.355	2.86988e-08	2.86988e-08	6.41859e-16	2.23653e-08
12.484	2.36014e-08	2.36014e-08	3.80994e-16	1.61429e-08
12.613	1.94211e-08	1.94211e-08	1.97458e-16	1.01672e-08
12.742	1.59905e-08	1.59905e-08	7.88432e-17	4.93061e-09
12.871	1.31736e-08	1.31736e-08	1.55538e-17	1.18068e-09
