# r(fm)	Density(fm-3)	Target_density	Difference	Relative diff.
0.1	0.0639436	0.0639728	2.92681e-05	0.000457508
0.229	0.0637633	0.0637647	1.39641e-06	2.18994e-05
0.358	0.0634623	0.0634625	2.22369e-07	3.50394e-06
0.487	0.0630456	0.0630457	6.29793e-08	9.98948e-07
0.616001	0.0625312	0.0625313	4.42279e-08	7.07293e-07
0.745001	0.0619407	0.0619407	5.34945e-08	8.63641e-07
0.874001	0.0612983	0.0612984	7.05082e-08	1.15025e-06
1.003	0.0606308	0.0606309	9.08181e-08	1.49788e-06
1.132	0.0599646	0.0599647	1.13303e-07	1.8895e-06
1.261	0.0593244	0.0593245	1.37682e-07	2.32082e-06
1.39	0.0587309	0.0587311	1.63933e-07	2.79125e-06
1.519	0.058199	0.0581991	1.92143e-07	3.30148e-06
1.648	0.0577354	0.0577356	2.22436e-07	3.85267e-06
1.777	0.057338	0.0573383	2.54915e-07	4.44581e-06
1.906	0.0569951	0.0569954	2.89609e-07	5.08128e-06
2.035	0.0566855	0.0566858	3.26405e-07	5.75813e-06
2.164	0.0563801	0.0563804	3.64987e-07	6.47364e-06
2.293	0.0560427	0.0560431	4.0478e-07	7.22265e-06
2.422	0.0556333	0.0556337	4.44916e-07	7.99724e-06
2.551	0.0551091	0.0551096	4.84214e-07	8.78639e-06
2.68	0.054428	0.0544285	5.21206e-07	9.57597e-06
2.809	0.0535498	0.0535504	5.54178e-07	1.03487e-05
2.938	0.0524388	0.0524394	5.81275e-07	1.10847e-05
3.067	0.0510653	0.0510659	6.00617e-07	1.17616e-05
3.196	0.0494071	0.0494077	6.10461e-07	1.23556e-05
3.325	0.0474513	0.0474519	6.09389e-07	1.28423e-05
3.454	0.0451956	0.0451962	5.96493e-07	1.31978e-05
3.583	0.0426498	0.0426504	5.71545e-07	1.34007e-05
3.712	0.0398369	0.0398374	5.35141e-07	1.34331e-05
3.841	0.0367936	0.0367941	4.88743e-07	1.32832e-05
3.97	0.0335704	0.0335709	4.34628e-07	1.29466e-05
4.099	0.0302307	0.030231	3.75721e-07	1.24283e-05
4.228	0.0268473	0.0268476	3.15285e-07	1.17435e-05
4.357	0.0234991	0.0234993	2.56544e-07	1.09171e-05
4.486	0.0202649	0.0202651	2.02302e-07	9.9828e-06
4.615	0.0172174	0.0172175	1.5462e-07	8.98039e-06
4.744	0.0144166	0.0144167	1.14637e-07	7.95171e-06
4.87301	0.0119055	0.0119055	8.25878e-08	6.93692e-06
5.00201	0.00970727	0.00970733	5.79594e-08	5.97069e-06
5.13101	0.0078255	0.00782554	3.97485e-08	5.07934e-06
5.26001	0.00624725	0.00624728	2.67387e-08	4.28005e-06
5.38901	0.00494712	0.00494714	1.77154e-08	3.58093e-06
5.51801	0.00389245	0.00389246	1.16097e-08	2.98262e-06
5.64701	0.00304771	0.00304772	7.559e-09	2.48021e-06
5.77601	0.00237798	0.00237798	4.91129e-09	2.06532e-06
5.90501	0.00185115	0.00185115	3.19831e-09	1.72774e-06
6.03401	0.00143914	0.00143914	2.09649e-09	1.45677e-06
6.16301	0.00111825	0.00111825	1.38891e-09	1.24204e-06
6.29201	0.000869016	0.000869017	9.33327e-10	1.074e-06
6.42101	0.000675744	0.000675744	6.37984e-10	9.4412e-07
6.55001	0.000525972	0.000525973	4.44407e-10	8.44925e-07
6.67901	0.000409913	0.000409913	3.15622e-10	7.69972e-07
6.80801	0.000319928	0.000319928	2.28346e-10	7.13741e-07
6.93701	0.000250094	0.000250095	1.67951e-10	6.71548e-07
7.06601	0.000195833	0.000195834	1.25224e-10	6.39441e-07
7.19501	0.000153613	0.000153613	9.4337e-11	6.14121e-07
7.32401	0.000120707	0.000120707	7.15635e-11	5.92867e-07
7.45301	9.50201e-05	9.50201e-05	5.4493e-11	5.73489e-07
7.58201	7.49316e-05	7.49316e-05	4.15323e-11	5.54269e-07
7.71101	5.9194e-05	5.9194e-05	3.16054e-11	5.33929e-07
7.84001	4.6842e-05	4.68421e-05	2.39636e-11	5.11583e-07
7.96901	3.71305e-05	3.71305e-05	1.80715e-11	4.86702e-07
8.09801	2.94811e-05	2.94811e-05	1.35339e-11	4.5907e-07
8.22701	2.34452e-05	2.34452e-05	1.00519e-11	4.28741e-07
8.35601	1.86744e-05	1.86744e-05	7.39492e-12	3.95992e-07
8.48501	1.48973e-05	1.48973e-05	5.38209e-12	3.6128e-07
8.61401	1.19017e-05	1.19017e-05	3.87041e-12	3.25196e-07
8.74301	9.52226e-06	9.52227e-06	2.74641e-12	2.8842e-07
8.87201	7.62921e-06	7.62921e-06	1.92012e-12	2.5168e-07
9.00101	6.12081e-06	6.12081e-06	1.32037e-12	2.15718e-07
9.13001	4.91707e-06	4.91708e-06	8.91235e-13	1.81253e-07
9.25901	3.95513e-06	3.95513e-06	5.8914e-13	1.48956e-07
9.38801	3.18532e-06	3.18532e-06	3.80392e-13	1.1942e-07
9.51701	2.56842e-06	2.56842e-06	2.39231e-13	9.31435e-08
9.64601	2.0734e-06	2.0734e-06	1.46188e-13	7.05063e-08
9.77501	1.67569e-06	1.67569e-06	8.67342e-14	5.17603e-08
9.90401	1.35575e-06	1.35575e-06	5.01847e-14	3.70162e-08
10.033	1.09805e-06	1.09805e-06	2.88102e-14	2.62375e-08
10.162	8.90253e-07	8.90253e-07	1.71289e-14	1.92405e-08
10.291	7.22502e-07	7.22502e-07	1.13436e-14	1.57004e-08
10.42	5.86929e-07	5.86929e-07	8.90086e-15	1.51651e-08
10.549	4.77243e-07	4.77243e-07	8.14999e-15	1.70773e-08
10.678	3.88411e-07	3.88411e-07	8.08057e-15	2.08042e-08
10.807	3.16395e-07	3.16395e-07	8.12329e-15	2.56745e-08
10.936	2.57953e-07	2.57953e-07	8.00161e-15	3.10197e-08
11.065	2.10482e-07	2.10482e-07	7.62263e-15	3.62152e-08
11.194	1.71886e-07	1.71886e-07	6.99924e-15	4.07202e-08
11.323	1.40479e-07	1.40479e-07	6.1964e-15	4.41091e-08
11.452	1.14899e-07	1.14899e-07	5.29588e-15	4.60917e-08
11.581	9.40468e-08	9.40468e-08	4.37513e-15	4.65208e-08
11.71	7.7035e-08	7.7035e-08	3.49617e-15	4.53841e-08
11.839	6.31454e-08	6.31454e-08	2.70171e-15	4.27855e-08
11.968	5.17957e-08	5.17957e-08	2.01567e-15	3.89158e-08
12.097	4.25145e-08	4.25145e-08	1.44649e-15	3.40235e-08
12.226	3.4919e-08	3.4919e-08	9.91289e-16	2.83882e-08
12.355	2.86988e-08	2.86988e-08	6.402e-16	2.23075e-08
12.484	2.36014e-08	2.36014e-08	3.80011e-16	1.61012e-08
12.613	1.94211e-08	1.94211e-08	1.96949e-16	1.0141e-08
12.742	1.59905e-08	1.59905e-08	7.86414e-17	4.91799e-09
12.871	1.31736e-08	1.31736e-08	1.55153e-17	1.17776e-09
