# r(fm)	Density(fm-3)	Target_density	Difference	Relative diff.
0.1	0.0639436	0.0639218	-2.17883e-05	-0.000340858
0.229	0.0637633	0.0637651	1.77789e-06	2.78818e-05
0.358	0.0634623	0.0634625	1.60085e-07	2.52252e-06
0.487	0.0630456	0.0630456	4.25959e-08	6.75635e-07
0.616001	0.0625312	0.0625313	6.61189e-08	1.05737e-06
0.745001	0.0619407	0.0619408	1.02656e-07	1.65732e-06
0.874001	0.0612983	0.0612985	1.42347e-07	2.32219e-06
1.003	0.0606308	0.060631	1.85144e-07	3.05362e-06
1.132	0.0599646	0.0599649	2.31365e-07	3.85835e-06
1.261	0.0593244	0.0593247	2.81197e-07	4.73997e-06
1.39	0.0587309	0.0587313	3.34821e-07	5.7009e-06
1.519	0.058199	0.0581993	3.92469e-07	6.74352e-06
1.648	0.0577354	0.0577358	4.54399e-07	7.87032e-06
1.777	0.057338	0.0573385	5.20824e-07	9.08331e-06
1.906	0.0569951	0.0569957	5.91798e-07	1.03832e-05
2.035	0.0566855	0.0566862	6.6709e-07	1.17681e-05
2.164	0.0563801	0.0563808	7.46061e-07	1.32325e-05
2.293	0.0560427	0.0560436	8.27538e-07	1.4766e-05
2.422	0.0556333	0.0556342	9.09749e-07	1.63523e-05
2.551	0.0551091	0.0551101	9.90278e-07	1.79691e-05
2.68	0.054428	0.0544291	1.06612e-06	1.95873e-05
2.809	0.0535498	0.0535509	1.13376e-06	2.11717e-05
2.938	0.0524388	0.05244	1.1894e-06	2.26812e-05
3.067	0.0510653	0.0510666	1.22918e-06	2.40702e-05
3.196	0.0494071	0.0494083	1.24952e-06	2.52896e-05
3.325	0.0474513	0.0474525	1.2475e-06	2.62895e-05
3.454	0.0451956	0.0451968	1.22126e-06	2.7021e-05
3.583	0.0426498	0.042651	1.17033e-06	2.74396e-05
3.712	0.0398369	0.039838	1.0959e-06	2.75088e-05
3.841	0.0367936	0.0367946	1.00096e-06	2.7204e-05
3.97	0.0335704	0.0335713	8.90182e-07	2.65161e-05
4.099	0.0302307	0.0302314	7.69543e-07	2.54551e-05
4.228	0.0268473	0.026848	6.45728e-07	2.40513e-05
4.357	0.0234991	0.0234996	5.25349e-07	2.23557e-05
4.486	0.0202649	0.0202653	4.14158e-07	2.04368e-05
4.615	0.0172174	0.0172177	3.16389e-07	1.83758e-05
4.744	0.0144166	0.0144168	2.34388e-07	1.62579e-05
4.87301	0.0119055	0.0119056	1.68643e-07	1.4165e-05
5.00201	0.00970727	0.00970739	1.18117e-07	1.21677e-05
5.13101	0.0078255	0.00782558	8.07566e-08	1.03196e-05
5.26001	0.00624725	0.00624731	5.40732e-08	8.65545e-06
5.38901	0.00494712	0.00494715	3.55781e-08	7.19164e-06
5.51801	0.00389245	0.00389247	2.30795e-08	5.92928e-06
5.64701	0.00304771	0.00304773	1.48066e-08	4.85826e-06
5.77601	0.00237798	0.00237799	9.42022e-09	3.96143e-06
5.90501	0.00185115	0.00185116	5.95733e-09	3.21817e-06
6.03401	0.00143914	0.00143914	3.75185e-09	2.60701e-06
6.16301	0.00111825	0.00111825	2.35664e-09	2.10743e-06
6.29201	0.000869016	0.000869018	1.47802e-09	1.70079e-06
6.42101	0.000675744	0.000675745	9.26299e-10	1.37078e-06
6.55001	0.000525972	0.000525973	5.80409e-10	1.1035e-06
6.67901	0.000409913	0.000409913	3.63709e-10	8.87284e-07
6.80801	0.000319928	0.000319928	2.27952e-10	7.12511e-07
6.93701	0.000250094	0.000250095	1.42878e-10	5.71294e-07
7.06601	0.000195833	0.000195834	8.95394e-11	4.57222e-07
7.19501	0.000153613	0.000153613	5.60844e-11	3.65102e-07
7.32401	0.000120707	0.000120707	3.50936e-11	2.90733e-07
7.45301	9.50201e-05	9.50201e-05	2.19241e-11	2.30731e-07
7.58201	7.49316e-05	7.49316e-05	1.36646e-11	1.82361e-07
7.71101	5.9194e-05	5.9194e-05	8.48929e-12	1.43415e-07
7.84001	4.6842e-05	4.6842e-05	5.25129e-12	1.12106e-07
7.96901	3.71305e-05	3.71305e-05	3.23006e-12	8.69922e-08
8.09801	2.94811e-05	2.94811e-05	1.97227e-12	6.68994e-08
8.22701	2.34452e-05	2.34452e-05	1.19278e-12	5.08754e-08
8.35601	1.86744e-05	1.86744e-05	7.12375e-13	3.81471e-08
8.48501	1.48973e-05	1.48973e-05	4.18386e-13	2.80847e-08
8.61401	1.19017e-05	1.19017e-05	2.40129e-13	2.01759e-08
8.74301	9.52226e-06	9.52226e-06	1.33352e-13	1.40042e-08
8.87201	7.62921e-06	7.62921e-06	7.04328e-14	9.23199e-09
9.00101	6.12081e-06	6.12081e-06	3.4189e-14	5.5857e-09
9.13001	4.91707e-06	4.91707e-06	1.39869e-14	2.84455e-09
9.25901	3.95513e-06	3.95513e-06	3.28732e-15	8.31154e-10
9.38801	3.18532e-06	3.18532e-06	-1.9017e-15	-5.97019e-10
9.51701	2.56842e-06	2.56842e-06	-3.99191e-15	-1.55423e-09
9.64601	2.0734e-06	2.0734e-06	-4.42085e-15	-2.13218e-09
9.77501	1.67569e-06	1.67569e-06	-4.0298e-15	-2.40486e-09
9.90401	1.35575e-06	1.35575e-06	-3.29828e-15	-2.43281e-09
10.033	1.09805e-06	1.09805e-06	-2.48861e-15	-2.26638e-09
10.162	8.90253e-07	8.90253e-07	-1.73475e-15	-1.94861e-09
10.291	7.22502e-07	7.22502e-07	-1.09625e-15	-1.5173e-09
10.42	5.86929e-07	5.86929e-07	-5.90912e-16	-1.00679e-09
10.549	4.77243e-07	4.77243e-07	-2.14232e-16	-4.48895e-10
10.678	3.88411e-07	3.88411e-07	4.9145e-17	1.26528e-10
10.807	3.16395e-07	3.16395e-07	2.18796e-16	6.91527e-10
10.936	2.57953e-07	2.57953e-07	3.14811e-16	1.22042e-09
11.065	2.10482e-07	2.10482e-07	3.55801e-16	1.69042e-09
11.194	1.71886e-07	1.71886e-07	3.57942e-16	2.08243e-09
11.323	1.40479e-07	1.40479e-07	3.34613e-16	2.38194e-09
11.452	1.14899e-07	1.14899e-07	2.964e-16	2.57967e-09
11.581	9.40468e-08	9.40468e-08	2.513e-16	2.67207e-09
11.71	7.7035e-08	7.7035e-08	2.0502e-16	2.66139e-09
11.839	6.31454e-08	6.31454e-08	1.61355e-16	2.5553e-09
11.968	5.17957e-08	5.17957e-08	1.22545e-16	2.36594e-09
12.097	4.25145e-08	4.25145e-08	8.96501e-17	2.1087e-09
12.226	3.4919e-08	3.4919e-08	6.28698e-17	1.80044e-09
12.355	2.86988e-08	2.86988e-08	4.18384e-17	1.45784e-09
12.484	2.36014e-08	2.36014e-08	2.58664e-17	1.09597e-09
12.613	1.94211e-08	1.94211e-08	1.41473e-17	7.28452e-10
12.742	1.59905e-08	1.59905e-08	5.96185e-18	3.72836e-10
12.871	1.31736e-08	1.31736e-08	1.07006e-18	8.12274e-11
