# r(fm)	Density(fm-3)	Target_density	Difference	Relative diff.
0.1	0.0639436	0.0639725	2.89232e-05	0.00045212
0.229	0.0637633	0.0637647	1.38158e-06	2.16668e-05
0.358	0.0634623	0.0634625	2.20186e-07	3.46954e-06
0.487	0.0630456	0.0630457	6.25677e-08	9.92419e-07
0.616001	0.0625312	0.0625313	4.41387e-08	7.05866e-07
0.745001	0.0619407	0.0619407	5.34665e-08	8.63188e-07
0.874001	0.0612983	0.0612984	7.04863e-08	1.14989e-06
1.003	0.0606308	0.0606309	9.07903e-08	1.49743e-06
1.132	0.0599646	0.0599647	1.13267e-07	1.8889e-06
1.261	0.0593244	0.0593245	1.37637e-07	2.32007e-06
1.39	0.0587309	0.0587311	1.6388e-07	2.79035e-06
1.519	0.058199	0.0581991	1.92083e-07	3.30044e-06
1.648	0.0577354	0.0577356	2.22367e-07	3.85147e-06
1.777	0.057338	0.0573383	2.54837e-07	4.44446e-06
1.906	0.0569951	0.0569954	2.89522e-07	5.07975e-06
2.035	0.0566855	0.0566858	3.26308e-07	5.75643e-06
2.164	0.0563801	0.0563804	3.6488e-07	6.47175e-06
2.293	0.0560427	0.0560431	4.04663e-07	7.22057e-06
2.422	0.0556333	0.0556337	4.44789e-07	7.99495e-06
2.551	0.0551091	0.0551096	4.84077e-07	8.78389e-06
2.68	0.054428	0.0544285	5.21058e-07	9.57326e-06
2.809	0.0535498	0.0535504	5.54022e-07	1.03458e-05
2.938	0.0524388	0.0524394	5.81111e-07	1.10816e-05
3.067	0.0510653	0.0510659	6.00449e-07	1.17583e-05
3.196	0.0494071	0.0494077	6.10291e-07	1.23521e-05
3.325	0.0474513	0.0474519	6.0922e-07	1.28387e-05
3.454	0.0451956	0.0451962	5.96328e-07	1.31942e-05
3.583	0.0426498	0.0426504	5.71388e-07	1.3397e-05
3.712	0.0398369	0.0398374	5.34994e-07	1.34294e-05
3.841	0.0367936	0.0367941	4.88609e-07	1.32795e-05
3.97	0.0335704	0.0335709	4.3451e-07	1.29431e-05
4.099	0.0302307	0.030231	3.75619e-07	1.24249e-05
4.228	0.0268473	0.0268476	3.15199e-07	1.17403e-05
4.357	0.0234991	0.0234993	2.56474e-07	1.09141e-05
4.486	0.0202649	0.0202651	2.02246e-07	9.98004e-06
4.615	0.0172174	0.0172175	1.54576e-07	8.97786e-06
4.744	0.0144166	0.0144167	1.14605e-07	7.94943e-06
4.87301	0.0119055	0.0119055	8.25631e-08	6.93485e-06
5.00201	0.00970727	0.00970733	5.79411e-08	5.9688e-06
5.13101	0.0078255	0.00782554	3.97349e-08	5.0776e-06
5.26001	0.00624725	0.00624728	2.67285e-08	4.27842e-06
5.38901	0.00494712	0.00494714	1.77075e-08	3.57935e-06
5.51801	0.00389245	0.00389246	1.16036e-08	2.98104e-06
5.64701	0.00304771	0.00304772	7.55407e-09	2.4786e-06
5.77601	0.00237798	0.00237798	4.90724e-09	2.06361e-06
5.90501	0.00185115	0.00185115	3.19491e-09	1.7259e-06
6.03401	0.00143914	0.00143914	2.0936e-09	1.45476e-06
6.16301	0.00111825	0.00111825	1.38645e-09	1.23984e-06
6.29201	0.000869016	0.000869017	9.31216e-10	1.07157e-06
6.42101	0.000675744	0.000675744	6.36179e-10	9.41448e-07
6.55001	0.000525972	0.000525973	4.42869e-10	8.42001e-07
6.67901	0.000409913	0.000409913	3.14319e-10	7.66794e-07
6.80801	0.000319928	0.000319928	2.27251e-10	7.10318e-07
6.93701	0.000250094	0.000250095	1.67037e-10	6.67895e-07
7.06601	0.000195833	0.000195834	1.24469e-10	6.35584e-07
7.19501	0.000153613	0.000153613	9.37182e-11	6.10093e-07
7.32401	0.000120707	0.000120707	7.10614e-11	5.88707e-07
7.45301	9.50201e-05	9.50201e-05	5.40896e-11	5.69243e-07
7.58201	7.49316e-05	7.49316e-05	4.12114e-11	5.49987e-07
7.71101	5.9194e-05	5.9194e-05	3.13528e-11	5.29662e-07
7.84001	4.6842e-05	4.68421e-05	2.37669e-11	5.07383e-07
7.96901	3.71305e-05	3.71305e-05	1.79199e-11	4.82621e-07
8.09801	2.94811e-05	2.94811e-05	1.34185e-11	4.55155e-07
8.22701	2.34452e-05	2.34452e-05	9.96502e-12	4.25035e-07
8.35601	1.86744e-05	1.86744e-05	7.33032e-12	3.92532e-07
8.48501	1.48973e-05	1.48973e-05	5.33467e-12	3.58097e-07
8.61401	1.19017e-05	1.19017e-05	3.83609e-12	3.22313e-07
8.74301	9.52226e-06	9.52227e-06	2.72194e-12	2.8585e-07
8.87201	7.62921e-06	7.62921e-06	1.90295e-12	2.49429e-07
9.00101	6.12081e-06	6.12081e-06	1.30853e-12	2.13784e-07
9.13001	4.91707e-06	4.91708e-06	8.83239e-13	1.79627e-07
9.25901	3.95513e-06	3.95513e-06	5.83855e-13	1.4762e-07
9.38801	3.18532e-06	3.18532e-06	3.76986e-13	1.18351e-07
9.51701	2.56842e-06	2.56842e-06	2.37097e-13	9.23125e-08
9.64601	2.0734e-06	2.0734e-06	1.44891e-13	6.98809e-08
9.77501	1.67569e-06	1.67569e-06	8.59717e-14	5.13053e-08
9.90401	1.35575e-06	1.35575e-06	4.97491e-14	3.66949e-08
10.033	1.09805e-06	1.09805e-06	2.85641e-14	2.60134e-08
10.162	8.90253e-07	8.90253e-07	1.69848e-14	1.90786e-08
10.291	7.22502e-07	7.22502e-07	1.12484e-14	1.55687e-08
10.42	5.86929e-07	5.86929e-07	8.82489e-15	1.50357e-08
10.549	4.77243e-07	4.77243e-07	8.07846e-15	1.69274e-08
10.678	3.88411e-07	3.88411e-07	8.00789e-15	2.0617e-08
10.807	3.16395e-07	3.16395e-07	8.04897e-15	2.54396e-08
10.936	2.57953e-07	2.57953e-07	7.92759e-15	3.07327e-08
11.065	2.10482e-07	2.10482e-07	7.55163e-15	3.58779e-08
11.194	1.71886e-07	1.71886e-07	6.93376e-15	4.03393e-08
11.323	1.40479e-07	1.40479e-07	6.13826e-15	4.36952e-08
11.452	1.14899e-07	1.14899e-07	5.24608e-15	4.56583e-08
11.581	9.40468e-08	9.40468e-08	4.33393e-15	4.60827e-08
11.71	7.7035e-08	7.7035e-08	3.46321e-15	4.49563e-08
11.839	6.31454e-08	6.31454e-08	2.67622e-15	4.23818e-08
11.968	5.17957e-08	5.17957e-08	1.99665e-15	3.85485e-08
12.097	4.25145e-08	4.25145e-08	1.43283e-15	3.37023e-08
12.226	3.4919e-08	3.4919e-08	9.81929e-16	2.81202e-08
12.355	2.86988e-08	2.86988e-08	6.34156e-16	2.20969e-08
12.484	2.36014e-08	2.36014e-08	3.76426e-16	1.59493e-08
12.613	1.94211e-08	1.94211e-08	1.95094e-16	1.00455e-08
12.742	1.59905e-08	1.59905e-08	7.79045e-17	4.87191e-09
12.871	1.31736e-08	1.31736e-08	1.53745e-17	1.16707e-09
