# r(fm)	Density(fm-3)	Target_density	Difference	Relative diff.
0.1	0.0780797	0.07808	3.12376e-07	4.00072e-06
0.222	0.0778517	0.0778517	1.27883e-08	1.64265e-07
0.344	0.0774682	0.0774682	1.75027e-08	2.25934e-07
0.466	0.0769435	0.0769435	3.91128e-08	5.08332e-07
0.588	0.0762988	0.0762989	6.56796e-08	8.6082e-07
0.710001	0.0755617	0.0755618	9.60782e-08	1.27152e-06
0.832001	0.0747636	0.0747637	1.302e-07	1.74148e-06
0.954001	0.073938	0.0739382	1.67928e-07	2.2712e-06
1.076	0.0731182	0.0731184	2.09151e-07	2.86044e-06
1.198	0.0723349	0.0723351	2.53836e-07	3.50917e-06
1.32	0.0716132	0.0716135	3.02061e-07	4.21793e-06
1.442	0.0709703	0.0709706	3.53995e-07	4.98791e-06
1.564	0.0704131	0.0704135	4.09847e-07	5.82057e-06
1.686	0.0699367	0.0699372	4.69773e-07	6.71708e-06
1.808	0.0695241	0.0695246	5.33773e-07	7.67747e-06
1.93	0.0691462	0.0691468	6.0156e-07	8.69975e-06
2.052	0.0687644	0.0687651	6.72454e-07	9.779e-06
2.174	0.0683318	0.0683325	7.45266e-07	1.09065e-05
2.296	0.0677966	0.0677974	8.18252e-07	1.20691e-05
2.418	0.0671049	0.0671058	8.8908e-07	1.32489e-05
2.54	0.0662041	0.066205	9.54896e-07	1.44233e-05
2.662	0.0650445	0.0650455	1.01242e-06	1.55648e-05
2.784	0.0635832	0.0635843	1.05817e-06	1.6642e-05
2.906	0.061785	0.0617861	1.08867e-06	1.762e-05
3.028	0.0596254	0.0596265	1.10084e-06	1.84622e-05
3.15	0.057092	0.0570931	1.09226e-06	1.91312e-05
3.272	0.0541867	0.0541878	1.06163e-06	1.95916e-05
3.394	0.0509271	0.0509281	1.00899e-06	1.9812e-05
3.516	0.0473481	0.047349	9.35986e-07	1.97678e-05
3.638	0.0435023	0.0435031	8.45899e-07	1.94446e-05
3.76	0.0394595	0.0394602	7.43443e-07	1.88403e-05
3.882	0.0353046	0.0353052	6.34372e-07	1.79682e-05
4.004	0.0311332	0.0311338	5.24816e-07	1.68568e-05
4.126	0.0270457	0.0270461	4.20555e-07	1.55496e-05
4.248	0.0231392	0.0231395	3.26312e-07	1.41019e-05
4.37	0.0194998	0.0195	2.45236e-07	1.25762e-05
4.492	0.0161943	0.0161945	1.78714e-07	1.10355e-05
4.614	0.0132664	0.0132665	1.26533e-07	9.53772e-06
4.736	0.0107338	0.0107339	8.72676e-08	8.13007e-06
4.858	0.00859083	0.00859089	5.8813e-08	6.84597e-06
4.98	0.006813	0.00681303	3.88665e-08	5.70472e-06
5.102	0.00536308	0.00536311	2.52743e-08	4.71262e-06
5.224	0.00419749	0.0041975	1.62274e-08	3.86596e-06
5.346	0.00327131	0.00327132	1.03184e-08	3.15421e-06
5.468	0.00254208	0.00254209	6.51529e-09	2.56296e-06
5.59	0.00197188	0.00197188	4.0943e-09	2.07634e-06
5.71201	0.00152823	0.00152823	2.56528e-09	1.67859e-06
5.83401	0.00118422	0.00118422	1.60477e-09	1.35513e-06
5.95601	0.000918031	0.000918032	1.00343e-09	1.09302e-06
6.07801	0.000712292	0.000712292	6.27627e-10	8.81137e-07
6.20001	0.000553312	0.000553312	3.929e-10	7.10088e-07
6.32201	0.000430422	0.000430422	2.46246e-10	5.72102e-07
6.44401	0.000335355	0.000335355	1.54537e-10	4.60815e-07
6.56601	0.000261729	0.000261729	9.71135e-11	3.71047e-07
6.68801	0.000204627	0.000204627	6.11028e-11	2.98605e-07
6.81001	0.000160272	0.000160272	3.84834e-11	2.40113e-07
6.93201	0.000125759	0.000125759	2.42535e-11	1.92857e-07
7.05401	9.88575e-05	9.88575e-05	1.52889e-11	1.54656e-07
7.17601	7.78504e-05	7.78504e-05	9.63486e-12	1.23761e-07
7.29801	6.1416e-05	6.1416e-05	6.06583e-12	9.87662e-08
7.42001	4.85352e-05	4.85352e-05	3.81201e-12	7.85413e-08
7.54201	3.84211e-05	3.84211e-05	2.38895e-12	6.21781e-08
7.66401	3.04652e-05	3.04652e-05	1.4911e-12	4.89442e-08
7.78601	2.4196e-05	2.4196e-05	9.25461e-13	3.82486e-08
7.90801	1.9247e-05	1.9247e-05	5.69965e-13	2.96131e-08
8.03001	1.53337e-05	1.53337e-05	3.47326e-13	2.26511e-08
8.15201	1.22342e-05	1.22342e-05	2.08575e-13	1.70485e-08
8.27401	9.77532e-06	9.77532e-06	1.22684e-13	1.25504e-08
8.39601	7.82156e-06	7.82156e-06	6.99992e-14	8.94952e-09
8.51801	6.26675e-06	6.26675e-06	3.80839e-14	6.07715e-09
8.64001	5.02761e-06	5.02761e-06	1.90864e-14	3.79632e-09
8.76201	4.03862e-06	4.03862e-06	8.05906e-15	1.9955e-09
8.88401	3.24819e-06	3.24819e-06	1.8977e-15	5.84233e-10
9.00601	2.61558e-06	2.61558e-06	-1.3356e-15	-5.10631e-10
9.12801	2.10862e-06	2.10862e-06	-2.84269e-15	-1.34813e-09
9.25001	1.70183e-06	1.70183e-06	-3.36219e-15	-1.97563e-09
9.37201	1.37502e-06	1.37502e-06	-3.34279e-15	-2.43109e-09
9.49401	1.11213e-06	1.11213e-06	-3.05231e-15	-2.74455e-09
9.61601	9.0043e-07	9.0043e-07	-2.64709e-15	-2.93981e-09
9.73801	7.29753e-07	7.29753e-07	-2.21522e-15	-3.03557e-09
9.86001	5.91996e-07	5.91996e-07	-1.80365e-15	-3.04672e-09
9.98201	4.80696e-07	4.80696e-07	-1.43496e-15	-2.98516e-09
10.104	3.90674e-07	3.90674e-07	-1.11761e-15	-2.86072e-09
10.226	3.17791e-07	3.17791e-07	-8.52297e-16	-2.68194e-09
10.348	2.58726e-07	2.58726e-07	-6.35631e-16	-2.45677e-09
10.47	2.10814e-07	2.10814e-07	-4.6236e-16	-2.19321e-09
10.592	1.71915e-07	1.71915e-07	-3.26586e-16	-1.8997e-09
10.714	1.40302e-07	1.40302e-07	-2.22461e-16	-1.58558e-09
10.836	1.1459e-07	1.1459e-07	-1.44532e-16	-1.2613e-09
10.958	9.36597e-08	9.36597e-08	-8.78985e-17	-9.38488e-10
11.08	7.66082e-08	7.66082e-08	-4.82546e-17	-6.29888e-10
11.202	6.27049e-08	6.27049e-08	-2.18829e-17	-3.48983e-10
11.324	5.13599e-08	5.13599e-08	-5.62384e-18	-1.09499e-10
11.446	4.20956e-08	4.20956e-08	3.17618e-18	7.54516e-11
11.568	3.45248e-08	3.45248e-08	6.72293e-18	1.94727e-10
11.69	2.83336e-08	2.83336e-08	6.84329e-18	2.41525e-10
11.812	2.3267e-08	2.3267e-08	5.05707e-18	2.17349e-10
11.934	1.91178e-08	1.91178e-08	2.63745e-18	1.37958e-10
12.056	1.57178e-08	1.57178e-08	6.32214e-19	4.02229e-11
12.178	1.29298e-08	1.29298e-08	-1.64511e-19	-1.27234e-11
