# r(fm)	Density(fm-3)	Target_density	Difference	Relative diff.
0.1	0.0639436	0.0639725	2.89181e-05	0.000452039
0.229	0.0637633	0.0637647	1.37244e-06	2.15235e-05
0.358	0.0634623	0.0634625	2.18497e-07	3.44293e-06
0.487	0.0630456	0.0630457	6.2187e-08	9.86381e-07
0.616001	0.0625312	0.0625313	4.40447e-08	7.04362e-07
0.745001	0.0619407	0.0619407	5.34318e-08	8.62627e-07
0.874001	0.0612983	0.0612984	7.04558e-08	1.14939e-06
1.003	0.0606308	0.0606309	9.07508e-08	1.49677e-06
1.132	0.0599646	0.0599647	1.13216e-07	1.88805e-06
1.261	0.0593244	0.0593245	1.37574e-07	2.31901e-06
1.39	0.0587309	0.0587311	1.63806e-07	2.78908e-06
1.519	0.058199	0.0581991	1.91996e-07	3.29896e-06
1.648	0.0577354	0.0577356	2.22269e-07	3.84977e-06
1.777	0.057338	0.0573383	2.54727e-07	4.44253e-06
1.906	0.0569951	0.0569954	2.89399e-07	5.07759e-06
2.035	0.0566855	0.0566858	3.26171e-07	5.75401e-06
2.164	0.0563801	0.0563804	3.64729e-07	6.46907e-06
2.293	0.0560427	0.0560431	4.04497e-07	7.2176e-06
2.422	0.0556333	0.0556337	4.44608e-07	7.99169e-06
2.551	0.0551091	0.0551096	4.83881e-07	8.78033e-06
2.68	0.054428	0.0544285	5.20848e-07	9.5694e-06
2.809	0.0535498	0.0535504	5.538e-07	1.03417e-05
2.938	0.0524388	0.0524394	5.8088e-07	1.10772e-05
3.067	0.0510653	0.0510659	6.0021e-07	1.17536e-05
3.196	0.0494071	0.0494077	6.1005e-07	1.23473e-05
3.325	0.0474513	0.0474519	6.0898e-07	1.28336e-05
3.454	0.0451956	0.0451962	5.96094e-07	1.3189e-05
3.583	0.0426498	0.0426504	5.71164e-07	1.33918e-05
3.712	0.0398369	0.0398374	5.34785e-07	1.34242e-05
3.841	0.0367936	0.0367941	4.88418e-07	1.32744e-05
3.97	0.0335704	0.0335709	4.34341e-07	1.2938e-05
4.099	0.0302307	0.030231	3.75473e-07	1.24201e-05
4.228	0.0268473	0.0268476	3.15076e-07	1.17357e-05
4.357	0.0234991	0.0234993	2.56374e-07	1.09098e-05
4.486	0.0202649	0.0202651	2.02166e-07	9.9761e-06
4.615	0.0172174	0.0172175	1.54515e-07	8.97428e-06
4.744	0.0144166	0.0144167	1.14558e-07	7.94617e-06
4.87301	0.0119055	0.0119055	8.25281e-08	6.93191e-06
5.00201	0.00970727	0.00970733	5.79152e-08	5.96613e-06
5.13101	0.0078255	0.00782554	3.97157e-08	5.07514e-06
5.26001	0.00624725	0.00624728	2.67141e-08	4.27612e-06
5.38901	0.00494712	0.00494714	1.76966e-08	3.57713e-06
5.51801	0.00389245	0.00389246	1.1595e-08	2.97884e-06
5.64701	0.00304771	0.00304772	7.54721e-09	2.47635e-06
5.77601	0.00237798	0.00237798	4.90161e-09	2.06125e-06
5.90501	0.00185115	0.00185115	3.19021e-09	1.72336e-06
6.03401	0.00143914	0.00143914	2.08962e-09	1.452e-06
6.16301	0.00111825	0.00111825	1.38305e-09	1.2368e-06
6.29201	0.000869016	0.000869017	9.28312e-10	1.06823e-06
6.42101	0.000675744	0.000675744	6.33698e-10	9.37778e-07
6.55001	0.000525972	0.000525973	4.40758e-10	8.37987e-07
6.67901	0.000409913	0.000409913	3.12532e-10	7.62435e-07
6.80801	0.000319928	0.000319928	2.25749e-10	7.05624e-07
6.93701	0.000250094	0.000250095	1.65785e-10	6.6289e-07
7.06601	0.000195833	0.000195834	1.23434e-10	6.30301e-07
7.19501	0.000153613	0.000153613	9.28708e-11	6.04577e-07
7.32401	0.000120707	0.000120707	7.0374e-11	5.83013e-07
7.45301	9.50201e-05	9.50201e-05	5.35374e-11	5.63432e-07
7.58201	7.49316e-05	7.49316e-05	4.07724e-11	5.44128e-07
7.71101	5.9194e-05	5.9194e-05	3.10073e-11	5.23825e-07
7.84001	4.6842e-05	4.68421e-05	2.34978e-11	5.01639e-07
7.96901	3.71305e-05	3.71305e-05	1.77127e-11	4.7704e-07
8.09801	2.94811e-05	2.94811e-05	1.32607e-11	4.49802e-07
8.22701	2.34452e-05	2.34452e-05	9.84627e-12	4.19969e-07
8.35601	1.86744e-05	1.86744e-05	7.24204e-12	3.87805e-07
8.48501	1.48973e-05	1.48973e-05	5.2699e-12	3.5375e-07
8.61401	1.19017e-05	1.19017e-05	3.78922e-12	3.18375e-07
8.74301	9.52226e-06	9.52227e-06	2.68852e-12	2.82341e-07
8.87201	7.62921e-06	7.62921e-06	1.87951e-12	2.46357e-07
9.00101	6.12081e-06	6.12081e-06	1.29238e-12	2.11146e-07
9.13001	4.91707e-06	4.91707e-06	8.72333e-13	1.77409e-07
9.25901	3.95513e-06	3.95513e-06	5.76651e-13	1.45798e-07
9.38801	3.18532e-06	3.18532e-06	3.72345e-13	1.16894e-07
9.51701	2.56842e-06	2.56842e-06	2.3419e-13	9.11809e-08
9.64601	2.0734e-06	2.0734e-06	1.43127e-13	6.90299e-08
9.77501	1.67569e-06	1.67569e-06	8.49351e-14	5.06866e-08
9.90401	1.35575e-06	1.35575e-06	4.91574e-14	3.62585e-08
10.033	1.09805e-06	1.09805e-06	2.82301e-14	2.57092e-08
10.162	8.90253e-07	8.90253e-07	1.67892e-14	1.88589e-08
10.291	7.22502e-07	7.22502e-07	1.1119e-14	1.53896e-08
10.42	5.86929e-07	5.86929e-07	8.72128e-15	1.48592e-08
10.549	4.77243e-07	4.77243e-07	7.98067e-15	1.67225e-08
10.678	3.88411e-07	3.88411e-07	7.90838e-15	2.03608e-08
10.807	3.16395e-07	3.16395e-07	7.94718e-15	2.51179e-08
10.936	2.57953e-07	2.57953e-07	7.82624e-15	3.03398e-08
11.065	2.10482e-07	2.10482e-07	7.45443e-15	3.54161e-08
11.194	1.71886e-07	1.71886e-07	6.84414e-15	3.98179e-08
11.323	1.40479e-07	1.40479e-07	6.05872e-15	4.3129e-08
11.452	1.14899e-07	1.14899e-07	5.17799e-15	4.50658e-08
11.581	9.40468e-08	9.40468e-08	4.27763e-15	4.5484e-08
11.71	7.7035e-08	7.7035e-08	3.4182e-15	4.4372e-08
11.839	6.31454e-08	6.31454e-08	2.64143e-15	4.18309e-08
11.968	5.17957e-08	5.17957e-08	1.97069e-15	3.80474e-08
12.097	4.25145e-08	4.25145e-08	1.41421e-15	3.32643e-08
12.226	3.4919e-08	3.4919e-08	9.69175e-16	2.77549e-08
12.355	2.86988e-08	2.86988e-08	6.25926e-16	2.18102e-08
12.484	2.36014e-08	2.36014e-08	3.71547e-16	1.57426e-08
12.613	1.94211e-08	1.94211e-08	1.92572e-16	9.91559e-09
12.742	1.59905e-08	1.59905e-08	7.69031e-17	4.80928e-09
12.871	1.31736e-08	1.31736e-08	1.51833e-17	1.15256e-09
