# r(fm)	Density(fm-3)	Target_density	Difference	Relative diff.
0.1	0.0639436	0.0639424	-1.14624e-06	-1.79262e-05
0.229	0.0637633	0.0637636	2.72601e-07	4.27518e-06
0.358	0.0634623	0.0634623	1.2642e-08	1.99205e-07
0.487	0.0630456	0.0630456	2.63251e-08	4.17557e-07
0.616001	0.0625312	0.0625313	5.88755e-08	9.41536e-07
0.745001	0.0619407	0.0619407	9.29319e-08	1.50034e-06
0.874001	0.0612983	0.0612985	1.28906e-07	2.10293e-06
1.003	0.0606308	0.060631	1.67629e-07	2.76475e-06
1.132	0.0599646	0.0599648	2.09459e-07	3.49303e-06
1.261	0.0593244	0.0593247	2.54565e-07	4.29105e-06
1.39	0.0587309	0.0587312	3.03108e-07	5.16094e-06
1.519	0.058199	0.0581993	3.55296e-07	6.10481e-06
1.648	0.0577354	0.0577358	4.11361e-07	7.12489e-06
1.777	0.057338	0.0573385	4.71494e-07	8.22299e-06
1.906	0.0569951	0.0569956	5.35744e-07	9.39974e-06
2.035	0.0566855	0.0566861	6.03902e-07	1.06534e-05
2.164	0.0563801	0.0563807	6.75389e-07	1.19791e-05
2.293	0.0560427	0.0560435	7.49144e-07	1.33672e-05
2.422	0.0556333	0.0556341	8.23561e-07	1.48032e-05
2.551	0.0551091	0.05511	8.96456e-07	1.62667e-05
2.68	0.054428	0.054429	9.65107e-07	1.77315e-05
2.809	0.0535498	0.0535508	1.02634e-06	1.91657e-05
2.938	0.0524388	0.0524399	1.0767e-06	2.05321e-05
3.067	0.0510653	0.0510664	1.11271e-06	2.17894e-05
3.196	0.0494071	0.0494082	1.13112e-06	2.28933e-05
3.325	0.0474513	0.0474524	1.12929e-06	2.37984e-05
3.454	0.0451956	0.0451967	1.10554e-06	2.44606e-05
3.583	0.0426498	0.0426509	1.05943e-06	2.48395e-05
3.712	0.0398369	0.0398379	9.92049e-07	2.49022e-05
3.841	0.0367936	0.0367945	9.06111e-07	2.46263e-05
3.97	0.0335704	0.0335713	8.0583e-07	2.40036e-05
4.099	0.0302307	0.0302314	6.96622e-07	2.3043e-05
4.228	0.0268473	0.0268479	5.8454e-07	2.17723e-05
4.357	0.0234991	0.0234996	4.75569e-07	2.02373e-05
4.486	0.0202649	0.0202652	3.74914e-07	1.85004e-05
4.615	0.0172174	0.0172176	2.86409e-07	1.66346e-05
4.744	0.0144166	0.0144168	2.12179e-07	1.47175e-05
4.87301	0.0119055	0.0119056	1.52664e-07	1.28229e-05
5.00201	0.00970727	0.00970738	1.06926e-07	1.10149e-05
5.13101	0.0078255	0.00782557	7.31058e-08	9.34191e-06
5.26001	0.00624725	0.0062473	4.89509e-08	7.83552e-06
5.38901	0.00494712	0.00494715	3.22083e-08	6.51047e-06
5.51801	0.00389245	0.00389247	2.08939e-08	5.36778e-06
5.64701	0.00304771	0.00304773	1.34048e-08	4.39831e-06
5.77601	0.00237798	0.00237799	8.52869e-09	3.58652e-06
5.90501	0.00185115	0.00185115	5.39381e-09	2.91375e-06
6.03401	0.00143914	0.00143914	3.39718e-09	2.36057e-06
6.16301	0.00111825	0.00111825	2.13406e-09	1.90839e-06
6.29201	0.000869016	0.000869018	1.33858e-09	1.54034e-06
6.42101	0.000675744	0.000675745	8.39044e-10	1.24166e-06
6.55001	0.000525972	0.000525973	5.2584e-10	9.99748e-07
6.67901	0.000409913	0.000409913	3.29598e-10	8.04067e-07
6.80801	0.000319928	0.000319928	2.06639e-10	6.45891e-07
6.93701	0.000250094	0.000250095	1.2957e-10	5.18084e-07
7.06601	0.000195833	0.000195834	8.12397e-11	4.14841e-07
7.19501	0.000153613	0.000153613	5.09167e-11	3.31461e-07
7.32401	0.000120707	0.000120707	3.18839e-11	2.64142e-07
7.45301	9.50201e-05	9.50201e-05	1.99372e-11	2.09821e-07
7.58201	7.49316e-05	7.49316e-05	1.24402e-11	1.66021e-07
7.71101	5.9194e-05	5.9194e-05	7.73932e-12	1.30745e-07
7.84001	4.6842e-05	4.6842e-05	4.79555e-12	1.02377e-07
7.96901	3.71305e-05	3.71305e-05	2.95599e-12	7.96108e-08
8.09801	2.94811e-05	2.94811e-05	1.80972e-12	6.13857e-08
8.22701	2.34452e-05	2.34452e-05	1.09819e-12	4.68406e-08
8.35601	1.86744e-05	1.86744e-05	6.58766e-13	3.52763e-08
8.48501	1.48973e-05	1.48973e-05	3.89174e-13	2.61239e-08
8.61401	1.19017e-05	1.19017e-05	2.25183e-13	1.89201e-08
8.74301	9.52226e-06	9.52226e-06	1.26539e-13	1.32888e-08
8.87201	7.62921e-06	7.62921e-06	6.80886e-14	8.92472e-09
9.00101	6.12081e-06	6.12081e-06	3.41591e-14	5.58081e-09
9.13001	4.91707e-06	4.91707e-06	1.50337e-14	3.05744e-09
9.25901	3.95513e-06	3.95513e-06	4.72316e-15	1.19419e-09
9.38801	3.18532e-06	3.18532e-06	-4.39258e-16	-1.37901e-10
9.51701	2.56842e-06	2.56842e-06	-2.67697e-15	-1.04226e-09
9.64601	2.0734e-06	2.0734e-06	-3.32152e-15	-1.60197e-09
9.77501	1.67569e-06	1.67569e-06	-3.15715e-15	-1.88409e-09
9.90401	1.35575e-06	1.35575e-06	-2.63486e-15	-1.94348e-09
10.033	1.09805e-06	1.09805e-06	-2.0048e-15	-1.82578e-09
10.162	8.90253e-07	8.90253e-07	-1.39762e-15	-1.56992e-09
10.291	7.22502e-07	7.22502e-07	-8.74276e-16	-1.21007e-09
10.42	5.86929e-07	5.86929e-07	-4.56133e-16	-7.77152e-10
10.549	4.77243e-07	4.77243e-07	-1.43058e-16	-2.99758e-10
10.678	3.88411e-07	3.88411e-07	7.58849e-17	1.95373e-10
10.807	3.16395e-07	3.16395e-07	2.16178e-16	6.83253e-10
10.936	2.57953e-07	2.57953e-07	2.94317e-16	1.14097e-09
11.065	2.10482e-07	2.10482e-07	3.25871e-16	1.54822e-09
11.194	1.71886e-07	1.71886e-07	3.24518e-16	1.88798e-09
11.323	1.40479e-07	1.40479e-07	3.01649e-16	2.14729e-09
11.452	1.14899e-07	1.14899e-07	2.66313e-16	2.31781e-09
11.581	9.40468e-08	9.40468e-08	2.25361e-16	2.39627e-09
11.71	7.7035e-08	7.7035e-08	1.83688e-16	2.38448e-09
11.839	6.31454e-08	6.31454e-08	1.44541e-16	2.28902e-09
11.968	5.17957e-08	5.17957e-08	1.09829e-16	2.12043e-09
12.097	4.25145e-08	4.25145e-08	8.04396e-17	1.89205e-09
12.226	3.4919e-08	3.4919e-08	5.65192e-17	1.61858e-09
12.355	2.86988e-08	2.86988e-08	3.77242e-17	1.31449e-09
12.484	2.36014e-08	2.36014e-08	2.34329e-17	9.9286e-10
12.613	1.94211e-08	1.94211e-08	1.29243e-17	6.65476e-10
12.742	1.59905e-08	1.59905e-08	5.55262e-18	3.47244e-10
12.871	1.31736e-08	1.31736e-08	1.08654e-18	8.24787e-11
