# r(fm)	Density(fm-3)	Target_density	Difference	Relative diff.
0.1	0.0639436	0.0639734	2.97917e-05	0.000465689
0.229	0.0637633	0.0637647	1.38724e-06	2.17557e-05
0.358	0.0634623	0.0634625	2.19819e-07	3.46376e-06
0.487	0.0630456	0.0630457	6.2281e-08	9.87871e-07
0.616001	0.0625312	0.0625313	4.40366e-08	7.04233e-07
0.745001	0.0619407	0.0619407	5.34166e-08	8.62382e-07
0.874001	0.0612983	0.0612984	7.04357e-08	1.14906e-06
1.003	0.0606308	0.0606309	9.07235e-08	1.49632e-06
1.132	0.0599646	0.0599647	1.13181e-07	1.88746e-06
1.261	0.0593244	0.0593245	1.37531e-07	2.31828e-06
1.39	0.0587309	0.0587311	1.63755e-07	2.78821e-06
1.519	0.058199	0.0581991	1.91937e-07	3.29794e-06
1.648	0.0577354	0.0577356	2.22202e-07	3.84861e-06
1.777	0.057338	0.0573383	2.54651e-07	4.44121e-06
1.906	0.0569951	0.0569954	2.89314e-07	5.07609e-06
2.035	0.0566855	0.0566858	3.26076e-07	5.75234e-06
2.164	0.0563801	0.0563804	3.64624e-07	6.46721e-06
2.293	0.0560427	0.0560431	4.04382e-07	7.21554e-06
2.422	0.0556333	0.0556337	4.44482e-07	7.98943e-06
2.551	0.0551091	0.0551096	4.83745e-07	8.77787e-06
2.68	0.054428	0.0544285	5.20703e-07	9.56673e-06
2.809	0.0535498	0.0535504	5.53646e-07	1.03388e-05
2.938	0.0524388	0.0524394	5.80719e-07	1.10741e-05
3.067	0.0510653	0.0510659	6.00044e-07	1.17504e-05
3.196	0.0494071	0.0494077	6.09882e-07	1.23439e-05
3.325	0.0474513	0.0474519	6.08813e-07	1.28301e-05
3.454	0.0451956	0.0451962	5.95931e-07	1.31854e-05
3.583	0.0426498	0.0426504	5.71008e-07	1.33881e-05
3.712	0.0398369	0.0398374	5.3464e-07	1.34205e-05
3.841	0.0367936	0.0367941	4.88286e-07	1.32708e-05
3.97	0.0335704	0.0335709	4.34223e-07	1.29345e-05
4.099	0.0302307	0.030231	3.75371e-07	1.24168e-05
4.228	0.0268473	0.0268476	3.14991e-07	1.17325e-05
4.357	0.0234991	0.0234993	2.56304e-07	1.09069e-05
4.486	0.0202649	0.0202651	2.02111e-07	9.97337e-06
4.615	0.0172174	0.0172175	1.54472e-07	8.97178e-06
4.744	0.0144166	0.0144167	1.14525e-07	7.94392e-06
4.87301	0.0119055	0.0119055	8.25039e-08	6.92987e-06
5.00201	0.00970727	0.00970733	5.78973e-08	5.96429e-06
5.13101	0.0078255	0.00782554	3.97026e-08	5.07346e-06
5.26001	0.00624725	0.00624728	2.67043e-08	4.27455e-06
5.38901	0.00494712	0.00494714	1.76892e-08	3.57564e-06
5.51801	0.00389245	0.00389246	1.15893e-08	2.97737e-06
5.64701	0.00304771	0.00304772	7.54266e-09	2.47485e-06
5.77601	0.00237798	0.00237798	4.89791e-09	2.05969e-06
5.90501	0.00185115	0.00185115	3.18714e-09	1.7217e-06
6.03401	0.00143914	0.00143914	2.08703e-09	1.4502e-06
6.16301	0.00111825	0.00111825	1.38086e-09	1.23484e-06
6.29201	0.000869016	0.000869017	9.26441e-10	1.06608e-06
6.42101	0.000675744	0.000675744	6.32103e-10	9.35418e-07
6.55001	0.000525972	0.000525973	4.39404e-10	8.35412e-07
6.67901	0.000409913	0.000409913	3.11388e-10	7.59643e-07
6.80801	0.000319928	0.000319928	2.24789e-10	7.02622e-07
6.93701	0.000250094	0.000250095	1.64985e-10	6.59691e-07
7.06601	0.000195833	0.000195834	1.22774e-10	6.26928e-07
7.19501	0.000153613	0.000153613	9.23304e-11	6.01058e-07
7.32401	0.000120707	0.000120707	6.99359e-11	5.79384e-07
7.45301	9.50201e-05	9.50201e-05	5.31858e-11	5.59732e-07
7.58201	7.49316e-05	7.49316e-05	4.0493e-11	5.40399e-07
7.71101	5.9194e-05	5.9194e-05	3.07876e-11	5.20113e-07
7.84001	4.6842e-05	4.68421e-05	2.33268e-11	4.97989e-07
7.96901	3.71305e-05	3.71305e-05	1.75811e-11	4.73496e-07
8.09801	2.94811e-05	2.94811e-05	1.31605e-11	4.46405e-07
8.22701	2.34452e-05	2.34452e-05	9.77095e-12	4.16757e-07
8.35601	1.86744e-05	1.86744e-05	7.18609e-12	3.84809e-07
8.48501	1.48973e-05	1.48973e-05	5.22888e-12	3.50996e-07
8.61401	1.19017e-05	1.19017e-05	3.75956e-12	3.15883e-07
8.74301	9.52226e-06	9.52227e-06	2.6674e-12	2.80122e-07
8.87201	7.62921e-06	7.62921e-06	1.86471e-12	2.44417e-07
9.00101	6.12081e-06	6.12081e-06	1.28219e-12	2.09481e-07
9.13001	4.91707e-06	4.91707e-06	8.65458e-13	1.76011e-07
9.25901	3.95513e-06	3.95513e-06	5.72116e-13	1.44652e-07
9.38801	3.18532e-06	3.18532e-06	3.69428e-13	1.15978e-07
9.51701	2.56842e-06	2.56842e-06	2.32366e-13	9.04706e-08
9.64601	2.0734e-06	2.0734e-06	1.42022e-13	6.8497e-08
9.77501	1.67569e-06	1.67569e-06	8.42873e-14	5.03001e-08
9.90401	1.35575e-06	1.35575e-06	4.87886e-14	3.59864e-08
10.033	1.09805e-06	1.09805e-06	2.80223e-14	2.552e-08
10.162	8.90253e-07	8.90253e-07	1.66674e-14	1.87221e-08
10.291	7.22502e-07	7.22502e-07	1.10381e-14	1.52776e-08
10.42	5.86929e-07	5.86929e-07	8.65597e-15	1.47479e-08
10.549	4.77243e-07	4.77243e-07	7.91859e-15	1.65924e-08
10.678	3.88411e-07	3.88411e-07	7.84499e-15	2.01976e-08
10.807	3.16395e-07	3.16395e-07	7.88225e-15	2.49127e-08
10.936	2.57953e-07	2.57953e-07	7.76159e-15	3.00892e-08
11.065	2.10482e-07	2.10482e-07	7.39248e-15	3.51218e-08
11.194	1.71886e-07	1.71886e-07	6.78709e-15	3.9486e-08
11.323	1.40479e-07	1.40479e-07	6.00814e-15	4.2769e-08
11.452	1.14899e-07	1.14899e-07	5.13476e-15	4.46895e-08
11.581	9.40468e-08	9.40468e-08	4.24193e-15	4.51045e-08
11.71	7.7035e-08	7.7035e-08	3.3897e-15	4.40021e-08
11.839	6.31454e-08	6.31454e-08	2.61944e-15	4.14827e-08
11.968	5.17957e-08	5.17957e-08	1.95431e-15	3.77312e-08
12.097	4.25145e-08	4.25145e-08	1.40248e-15	3.29884e-08
12.226	3.4919e-08	3.4919e-08	9.61155e-16	2.75252e-08
12.355	2.86988e-08	2.86988e-08	6.2076e-16	2.16301e-08
12.484	2.36014e-08	2.36014e-08	3.6849e-16	1.56131e-08
12.613	1.94211e-08	1.94211e-08	1.90994e-16	9.83436e-09
12.742	1.59905e-08	1.59905e-08	7.6278e-17	4.7702e-09
12.871	1.31736e-08	1.31736e-08	1.50641e-17	1.14351e-09
