# r(fm)	Density(fm-3)	Target_density	Difference	Relative diff.
0.1	0.0639436	0.063972	2.844e-05	0.00044457
0.229	0.0637633	0.0637647	1.35797e-06	2.12966e-05
0.358	0.0634623	0.0634625	2.166e-07	3.41303e-06
0.487	0.0630456	0.0630457	6.18711e-08	9.8137e-07
0.616001	0.0625312	0.0625313	4.39838e-08	7.03388e-07
0.745001	0.0619407	0.0619407	5.34159e-08	8.62371e-07
0.874001	0.0612983	0.0612984	7.04456e-08	1.14922e-06
1.003	0.0606308	0.0606309	9.07383e-08	1.49657e-06
1.132	0.0599646	0.0599647	1.132e-07	1.88778e-06
1.261	0.0593244	0.0593245	1.37554e-07	2.31867e-06
1.39	0.0587309	0.0587311	1.63782e-07	2.78867e-06
1.519	0.058199	0.0581991	1.91969e-07	3.29848e-06
1.648	0.0577354	0.0577356	2.22238e-07	3.84923e-06
1.777	0.057338	0.0573383	2.54692e-07	4.44192e-06
1.906	0.0569951	0.0569954	2.8936e-07	5.0769e-06
2.035	0.0566855	0.0566858	3.26127e-07	5.75324e-06
2.164	0.0563801	0.0563804	3.64681e-07	6.46821e-06
2.293	0.0560427	0.0560431	4.04444e-07	7.21666e-06
2.422	0.0556333	0.0556337	4.4455e-07	7.99065e-06
2.551	0.0551091	0.0551096	4.83818e-07	8.7792e-06
2.68	0.054428	0.0544285	5.20782e-07	9.56817e-06
2.809	0.0535498	0.0535504	5.53729e-07	1.03403e-05
2.938	0.0524388	0.0524394	5.80806e-07	1.10758e-05
3.067	0.0510653	0.0510659	6.00134e-07	1.17521e-05
3.196	0.0494071	0.0494077	6.09973e-07	1.23457e-05
3.325	0.0474513	0.0474519	6.08904e-07	1.2832e-05
3.454	0.0451956	0.0451962	5.96019e-07	1.31874e-05
3.583	0.0426498	0.0426504	5.71093e-07	1.33901e-05
3.712	0.0398369	0.0398374	5.34719e-07	1.34225e-05
3.841	0.0367936	0.0367941	4.88358e-07	1.32727e-05
3.97	0.0335704	0.0335709	4.34287e-07	1.29364e-05
4.099	0.0302307	0.030231	3.75427e-07	1.24186e-05
4.228	0.0268473	0.0268476	3.15037e-07	1.17343e-05
4.357	0.0234991	0.0234993	2.56342e-07	1.09085e-05
4.486	0.0202649	0.0202651	2.02141e-07	9.97486e-06
4.615	0.0172174	0.0172175	1.54495e-07	8.97314e-06
4.744	0.0144166	0.0144167	1.14543e-07	7.94514e-06
4.87301	0.0119055	0.0119055	8.2517e-08	6.93097e-06
5.00201	0.00970727	0.00970733	5.79069e-08	5.96528e-06
5.13101	0.0078255	0.00782554	3.97095e-08	5.07435e-06
5.26001	0.00624725	0.00624728	2.67094e-08	4.27537e-06
5.38901	0.00494712	0.00494714	1.7693e-08	3.57641e-06
5.51801	0.00389245	0.00389246	1.15922e-08	2.97812e-06
5.64701	0.00304771	0.00304772	7.54494e-09	2.4756e-06
5.77601	0.00237798	0.00237798	4.89973e-09	2.06046e-06
5.90501	0.00185115	0.00185115	3.18863e-09	1.72251e-06
6.03401	0.00143914	0.00143914	2.08828e-09	1.45106e-06
6.16301	0.00111825	0.00111825	1.38191e-09	1.23577e-06
6.29201	0.000869016	0.000869017	9.27327e-10	1.0671e-06
6.42101	0.000675744	0.000675744	6.32854e-10	9.36529e-07
6.55001	0.000525972	0.000525973	4.40039e-10	8.36619e-07
6.67901	0.000409913	0.000409913	3.11922e-10	7.60947e-07
6.80801	0.000319928	0.000319928	2.25236e-10	7.0402e-07
6.93701	0.000250094	0.000250095	1.65357e-10	6.61177e-07
7.06601	0.000195833	0.000195834	1.2308e-10	6.28491e-07
7.19501	0.000153613	0.000153613	9.25804e-11	6.02686e-07
7.32401	0.000120707	0.000120707	7.01382e-11	5.8106e-07
7.45301	9.50201e-05	9.50201e-05	5.33479e-11	5.61438e-07
7.58201	7.49316e-05	7.49316e-05	4.06216e-11	5.42115e-07
7.71101	5.9194e-05	5.9194e-05	3.08885e-11	5.21819e-07
7.84001	4.6842e-05	4.68421e-05	2.34053e-11	4.99664e-07
7.96901	3.71305e-05	3.71305e-05	1.76414e-11	4.75119e-07
8.09801	2.94811e-05	2.94811e-05	1.32063e-11	4.47959e-07
8.22701	2.34452e-05	2.34452e-05	9.80535e-12	4.18224e-07
8.35601	1.86744e-05	1.86744e-05	7.2116e-12	3.86175e-07
8.48501	1.48973e-05	1.48973e-05	5.24755e-12	3.52249e-07
8.61401	1.19017e-05	1.19017e-05	3.77303e-12	3.17015e-07
8.74301	9.52226e-06	9.52227e-06	2.67697e-12	2.81128e-07
8.87201	7.62921e-06	7.62921e-06	1.8714e-12	2.45294e-07
9.00101	6.12081e-06	6.12081e-06	1.28679e-12	2.10232e-07
9.13001	4.91707e-06	4.91707e-06	8.68552e-13	1.7664e-07
9.25901	3.95513e-06	3.95513e-06	5.74151e-13	1.45166e-07
9.38801	3.18532e-06	3.18532e-06	3.70732e-13	1.16388e-07
9.51701	2.56842e-06	2.56842e-06	2.33178e-13	9.07868e-08
9.64601	2.0734e-06	2.0734e-06	1.42511e-13	6.8733e-08
9.77501	1.67569e-06	1.67569e-06	8.45724e-14	5.04702e-08
9.90401	1.35575e-06	1.35575e-06	4.89499e-14	3.61054e-08
10.033	1.09805e-06	1.09805e-06	2.81127e-14	2.56023e-08
10.162	8.90253e-07	8.90253e-07	1.67204e-14	1.87817e-08
10.291	7.22502e-07	7.22502e-07	1.10738e-14	1.5327e-08
10.42	5.86929e-07	5.86929e-07	8.68536e-15	1.4798e-08
10.549	4.77243e-07	4.77243e-07	7.947e-15	1.66519e-08
10.678	3.88411e-07	3.88411e-07	7.87426e-15	2.0273e-08
10.807	3.16395e-07	3.16395e-07	7.91232e-15	2.50077e-08
10.936	2.57953e-07	2.57953e-07	7.79152e-15	3.02052e-08
11.065	2.10482e-07	2.10482e-07	7.42111e-15	3.52578e-08
11.194	1.71886e-07	1.71886e-07	6.81339e-15	3.96389e-08
11.323	1.40479e-07	1.40479e-07	6.03138e-15	4.29344e-08
11.452	1.14899e-07	1.14899e-07	5.15456e-15	4.48618e-08
11.581	9.40468e-08	9.40468e-08	4.25822e-15	4.52777e-08
11.71	7.7035e-08	7.7035e-08	3.40266e-15	4.41703e-08
11.839	6.31454e-08	6.31454e-08	2.6294e-15	4.16404e-08
11.968	5.17957e-08	5.17957e-08	1.9617e-15	3.78739e-08
12.097	4.25145e-08	4.25145e-08	1.40775e-15	3.31123e-08
12.226	3.4919e-08	3.4919e-08	9.64742e-16	2.7628e-08
12.355	2.86988e-08	2.86988e-08	6.2306e-16	2.17103e-08
12.484	2.36014e-08	2.36014e-08	3.69845e-16	1.56705e-08
12.613	1.94211e-08	1.94211e-08	1.9169e-16	9.87019e-09
12.742	1.59905e-08	1.59905e-08	7.65524e-17	4.78735e-09
12.871	1.31736e-08	1.31736e-08	1.51163e-17	1.14747e-09
