# r(fm)	Density(fm-3)	Target_density	Difference	Relative diff.
0.1	0.0639436	0.0646042	0.000660604	0.0102254
0.229	0.0637633	0.063392	-0.000371361	-0.00585816
0.358	0.0634623	0.0634319	-3.04082e-05	-0.000479383
0.487	0.0630456	0.0630431	-2.47317e-06	-3.92298e-05
0.616001	0.0625312	0.0625312	-5.05797e-08	-8.08871e-07
0.745001	0.0619407	0.0619408	1.75607e-07	2.83508e-06
0.874001	0.0612983	0.0612986	2.29967e-07	3.7516e-06
1.003	0.0606308	0.0606311	2.84913e-07	4.69912e-06
1.132	0.0599646	0.059965	3.50441e-07	5.8441e-06
1.261	0.0593244	0.0593248	4.24742e-07	7.1596e-06
1.39	0.0587309	0.0587314	5.06504e-07	8.62407e-06
1.519	0.058199	0.0581995	5.95234e-07	1.02275e-05
1.648	0.0577354	0.0577361	6.90859e-07	1.19658e-05
1.777	0.057338	0.0573388	7.93422e-07	1.38374e-05
1.906	0.0569951	0.056996	9.02829e-07	1.58402e-05
2.035	0.0566855	0.0566865	1.01861e-06	1.79693e-05
2.164	0.0563801	0.0563812	1.13975e-06	2.0215e-05
2.293	0.0560427	0.056044	1.26442e-06	2.25612e-05
2.422	0.0556333	0.0556347	1.38997e-06	2.49838e-05
2.551	0.0551091	0.0551106	1.51276e-06	2.74495e-05
2.68	0.054428	0.0544296	1.62828e-06	2.99153e-05
2.809	0.0535498	0.0535515	1.73126e-06	3.23288e-05
2.938	0.0524388	0.0524406	1.81595e-06	3.46286e-05
3.067	0.0510653	0.0510672	1.8765e-06	3.67457e-05
3.196	0.0494071	0.049409	1.90747e-06	3.86058e-05
3.325	0.0474513	0.0474532	1.90441e-06	4.01323e-05
3.454	0.0451956	0.0451975	1.86442e-06	4.12506e-05
3.583	0.0426498	0.0426516	1.78677e-06	4.18922e-05
3.712	0.0398369	0.0398386	1.67327e-06	4.20012e-05
3.841	0.0367936	0.0367951	1.52845e-06	4.15396e-05
3.97	0.0335704	0.0335718	1.35943e-06	4.04932e-05
4.099	0.0302307	0.0302318	1.17532e-06	3.88771e-05
4.228	0.0268473	0.0268483	9.86346e-07	3.67378e-05
4.357	0.0234991	0.0234999	8.02592e-07	3.4153e-05
4.486	0.0202649	0.0202655	6.32846e-07	3.12278e-05
4.615	0.0172174	0.0172178	4.83577e-07	2.80858e-05
4.744	0.0144166	0.0144169	3.58372e-07	2.48577e-05
4.87301	0.0119055	0.0119057	2.5798e-07	2.16686e-05
5.00201	0.00970727	0.00970745	1.80815e-07	1.86264e-05
5.13101	0.0078255	0.00782562	1.23747e-07	1.58131e-05
5.26001	0.00624725	0.00624734	8.2977e-08	1.3282e-05
5.38901	0.00494712	0.00494717	5.47052e-08	1.10579e-05
5.51801	0.00389245	0.00389248	3.55866e-08	9.1424e-06
5.64701	0.00304771	0.00304774	2.29189e-08	7.51998e-06
5.77601	0.00237798	0.00237799	1.46584e-08	6.1642e-06
5.90501	0.00185115	0.00185116	9.33595e-09	5.0433e-06
6.03401	0.00143914	0.00143914	5.9353e-09	4.12419e-06
6.16301	0.00111825	0.00111825	3.77438e-09	3.37524e-06
6.29201	0.000869016	0.000869019	2.40515e-09	2.76766e-06
6.42101	0.000675744	0.000675745	1.53816e-09	2.27625e-06
6.55001	0.000525972	0.000525973	9.8856e-10	1.87949e-06
6.67901	0.000409913	0.000409913	6.39195e-10	1.55934e-06
6.80801	0.000319928	0.000319928	4.1619e-10	1.30088e-06
6.93701	0.000250094	0.000250095	2.7308e-10	1.09191e-06
7.06601	0.000195833	0.000195834	1.80656e-10	9.22496e-07
7.19501	0.000153613	0.000153613	1.20533e-10	7.84652e-07
7.32401	0.000120707	0.000120707	8.11081e-11	6.7194e-07
7.45301	9.50201e-05	9.50201e-05	5.50382e-11	5.79227e-07
7.58201	7.49316e-05	7.49316e-05	3.76467e-11	5.02414e-07
7.71101	5.9194e-05	5.9194e-05	2.59422e-11	4.38257e-07
7.84001	4.6842e-05	4.68421e-05	1.79962e-11	3.84189e-07
7.96901	3.71305e-05	3.71305e-05	1.25573e-11	3.38195e-07
8.09801	2.94811e-05	2.94811e-05	8.80569e-12	2.98689e-07
8.22701	2.34452e-05	2.34452e-05	6.19963e-12	2.64431e-07
8.35601	1.86744e-05	1.86744e-05	4.37821e-12	2.34449e-07
8.48501	1.48973e-05	1.48973e-05	3.09838e-12	2.07983e-07
8.61401	1.19017e-05	1.19017e-05	2.19504e-12	1.8443e-07
8.74301	9.52226e-06	9.52227e-06	1.55506e-12	1.63308e-07
8.87201	7.62921e-06	7.62921e-06	1.10037e-12	1.44231e-07
9.00101	6.12081e-06	6.12081e-06	7.76602e-13	1.26879e-07
9.13001	4.91707e-06	4.91707e-06	5.45712e-13	1.10983e-07
9.25901	3.95513e-06	3.95513e-06	3.80943e-13	9.63161e-08
9.38801	3.18532e-06	3.18532e-06	2.63367e-13	8.26816e-08
9.51701	2.56842e-06	2.56842e-06	1.79559e-13	6.99105e-08
9.64601	2.0734e-06	2.0734e-06	1.19965e-13	5.78588e-08
9.77501	1.67569e-06	1.67569e-06	7.77657e-14	4.64082e-08
9.90401	1.35575e-06	1.35575e-06	4.8083e-14	3.5466e-08
10.033	1.09805e-06	1.09805e-06	2.74158e-14	2.49676e-08
10.162	8.90253e-07	8.90253e-07	1.32454e-14	1.48782e-08
10.291	7.22502e-07	7.22502e-07	3.75222e-15	5.19337e-09
10.42	5.86929e-07	5.86929e-07	-2.38353e-15	-4.06102e-09
10.549	4.77243e-07	4.77243e-07	-6.12327e-15	-1.28305e-08
10.678	3.88411e-07	3.88411e-07	-8.17033e-15	-2.10352e-08
10.807	3.16395e-07	3.16395e-07	-9.04109e-15	-2.85753e-08
10.936	2.57953e-07	2.57953e-07	-9.11549e-15	-3.53379e-08
11.065	2.10482e-07	2.10482e-07	-8.67282e-15	-4.12047e-08
11.194	1.71886e-07	1.71886e-07	-7.91726e-15	-4.60611e-08
11.323	1.40479e-07	1.40479e-07	-6.99645e-15	-4.98042e-08
11.452	1.14899e-07	1.14899e-07	-6.01504e-15	-5.23509e-08
11.581	9.40468e-08	9.40468e-08	-5.04494e-15	-5.36429e-08
11.71	7.7035e-08	7.7035e-08	-4.13298e-15	-5.36507e-08
11.839	6.31454e-08	6.31454e-08	-3.30723e-15	-5.23747e-08
11.968	5.17957e-08	5.17956e-08	-2.58169e-15	-4.98437e-08
12.097	4.25145e-08	4.25145e-08	-1.96044e-15	-4.61123e-08
12.226	3.4919e-08	3.4919e-08	-1.44067e-15	-4.12575e-08
12.355	2.86988e-08	2.86988e-08	-1.01527e-15	-3.53767e-08
12.484	2.36014e-08	2.36014e-08	-6.74669e-16	-2.8586e-08
12.613	1.94211e-08	1.94211e-08	-4.08015e-16	-2.10089e-08
12.742	1.59905e-08	1.59905e-08	-2.03786e-16	-1.27441e-08
12.871	1.31736e-08	1.31736e-08	-5.45054e-17	-4.13747e-09
