# r(fm)	Density(fm-3)	Target_density	Difference	Relative diff.
0.1	0.0639436	0.0639718	2.823e-05	0.000441287
0.229	0.0637633	0.0637647	1.34767e-06	2.11351e-05
0.358	0.0634623	0.0634625	2.15034e-07	3.38836e-06
0.487	0.0630456	0.0630457	6.15666e-08	9.7654e-07
0.616001	0.0625312	0.0625313	4.39159e-08	7.02303e-07
0.745001	0.0619407	0.0619407	5.33936e-08	8.62011e-07
0.874001	0.0612983	0.0612984	7.04276e-08	1.14893e-06
1.003	0.0606308	0.0606309	9.07153e-08	1.49619e-06
1.132	0.0599646	0.0599647	1.1317e-07	1.88728e-06
1.261	0.0593244	0.0593245	1.37517e-07	2.31805e-06
1.39	0.0587309	0.0587311	1.63738e-07	2.78793e-06
1.519	0.058199	0.0581991	1.91919e-07	3.29762e-06
1.648	0.0577354	0.0577356	2.2218e-07	3.84824e-06
1.777	0.057338	0.0573383	2.54627e-07	4.4408e-06
1.906	0.0569951	0.0569954	2.89288e-07	5.07563e-06
2.035	0.0566855	0.0566858	3.26047e-07	5.75183e-06
2.164	0.0563801	0.0563804	3.64592e-07	6.46665e-06
2.293	0.0560427	0.0560431	4.04347e-07	7.21492e-06
2.422	0.0556333	0.0556337	4.44444e-07	7.98875e-06
2.551	0.0551091	0.0551096	4.83704e-07	8.77713e-06
2.68	0.054428	0.0544285	5.20659e-07	9.56592e-06
2.809	0.0535498	0.0535504	5.536e-07	1.03379e-05
2.938	0.0524388	0.0524394	5.8067e-07	1.10732e-05
3.067	0.0510653	0.0510659	5.99995e-07	1.17494e-05
3.196	0.0494071	0.0494077	6.09832e-07	1.23428e-05
3.325	0.0474513	0.0474519	6.08763e-07	1.28291e-05
3.454	0.0451956	0.0451962	5.95882e-07	1.31843e-05
3.583	0.0426498	0.0426504	5.70962e-07	1.3387e-05
3.712	0.0398369	0.0398374	5.34597e-07	1.34195e-05
3.841	0.0367936	0.0367941	4.88247e-07	1.32697e-05
3.97	0.0335704	0.0335709	4.34188e-07	1.29335e-05
4.099	0.0302307	0.030231	3.75341e-07	1.24158e-05
4.228	0.0268473	0.0268476	3.14966e-07	1.17316e-05
4.357	0.0234991	0.0234993	2.56283e-07	1.0906e-05
4.486	0.0202649	0.0202651	2.02095e-07	9.97256e-06
4.615	0.0172174	0.0172175	1.54459e-07	8.97104e-06
4.744	0.0144166	0.0144167	1.14515e-07	7.94324e-06
4.87301	0.0119055	0.0119055	8.24965e-08	6.92925e-06
5.00201	0.00970727	0.00970733	5.78918e-08	5.96372e-06
5.13101	0.0078255	0.00782554	3.96983e-08	5.07292e-06
5.26001	0.00624725	0.00624728	2.6701e-08	4.27403e-06
5.38901	0.00494712	0.00494714	1.76866e-08	3.57512e-06
5.51801	0.00389245	0.00389246	1.15872e-08	2.97683e-06
5.64701	0.00304771	0.00304772	7.54092e-09	2.47428e-06
5.77601	0.00237798	0.00237798	4.89644e-09	2.05907e-06
5.90501	0.00185115	0.00185115	3.18588e-09	1.72102e-06
6.03401	0.00143914	0.00143914	2.08595e-09	1.44944e-06
6.16301	0.00111825	0.00111825	1.37991e-09	1.23399e-06
6.29201	0.000869016	0.000869017	9.25623e-10	1.06514e-06
6.42101	0.000675744	0.000675744	6.31398e-10	9.34374e-07
6.55001	0.000525972	0.000525973	4.38799e-10	8.34262e-07
6.67901	0.000409913	0.000409913	3.10873e-10	7.58388e-07
6.80801	0.000319928	0.000319928	2.24354e-10	7.01263e-07
6.93701	0.000250094	0.000250095	1.64621e-10	6.58237e-07
7.06601	0.000195833	0.000195834	1.22472e-10	6.25387e-07
7.19501	0.000153613	0.000153613	9.20824e-11	5.99444e-07
7.32401	0.000120707	0.000120707	6.97342e-11	5.77713e-07
7.45301	9.50201e-05	9.50201e-05	5.30233e-11	5.58022e-07
7.58201	7.49316e-05	7.49316e-05	4.03635e-11	5.3867e-07
7.71101	5.9194e-05	5.9194e-05	3.06854e-11	5.18386e-07
7.84001	4.6842e-05	4.68421e-05	2.32471e-11	4.96286e-07
7.96901	3.71305e-05	3.71305e-05	1.75195e-11	4.71837e-07
8.09801	2.94811e-05	2.94811e-05	1.31135e-11	4.4481e-07
8.22701	2.34452e-05	2.34452e-05	9.73547e-12	4.15244e-07
8.35601	1.86744e-05	1.86744e-05	7.15965e-12	3.83393e-07
8.48501	1.48973e-05	1.48973e-05	5.20942e-12	3.4969e-07
8.61401	1.19017e-05	1.19017e-05	3.74543e-12	3.14696e-07
8.74301	9.52226e-06	9.52227e-06	2.6573e-12	2.79061e-07
8.87201	7.62921e-06	7.62921e-06	1.8576e-12	2.43485e-07
9.00101	6.12081e-06	6.12081e-06	1.27728e-12	2.08678e-07
9.13001	4.91707e-06	4.91707e-06	8.62125e-13	1.75333e-07
9.25901	3.95513e-06	3.95513e-06	5.69904e-13	1.44092e-07
9.38801	3.18532e-06	3.18532e-06	3.67995e-13	1.15529e-07
9.51701	2.56842e-06	2.56842e-06	2.31463e-13	9.01191e-08
9.64601	2.0734e-06	2.0734e-06	1.41469e-13	6.82306e-08
9.77501	1.67569e-06	1.67569e-06	8.39601e-14	5.01048e-08
9.90401	1.35575e-06	1.35575e-06	4.86001e-14	3.58474e-08
10.033	1.09805e-06	1.09805e-06	2.79152e-14	2.54224e-08
10.162	8.90253e-07	8.90253e-07	1.66047e-14	1.86517e-08
10.291	7.22502e-07	7.22502e-07	1.09973e-14	1.52212e-08
10.42	5.86929e-07	5.86929e-07	8.62429e-15	1.46939e-08
10.549	4.77243e-07	4.77243e-07	7.88948e-15	1.65314e-08
10.678	3.88411e-07	3.88411e-07	7.81579e-15	2.01224e-08
10.807	3.16395e-07	3.16395e-07	7.85252e-15	2.48187e-08
10.936	2.57953e-07	2.57953e-07	7.73197e-15	2.99744e-08
11.065	2.10482e-07	2.10482e-07	7.36399e-15	3.49864e-08
11.194	1.71886e-07	1.71886e-07	6.76071e-15	3.93325e-08
11.323	1.40479e-07	1.40479e-07	5.98462e-15	4.26015e-08
11.452	1.14899e-07	1.14899e-07	5.11451e-15	4.45133e-08
11.581	9.40468e-08	9.40468e-08	4.2251e-15	4.49254e-08
11.71	7.7035e-08	7.7035e-08	3.37616e-15	4.38263e-08
11.839	6.31454e-08	6.31454e-08	2.60891e-15	4.13159e-08
11.968	5.17957e-08	5.17957e-08	1.94641e-15	3.75787e-08
12.097	4.25145e-08	4.25145e-08	1.39678e-15	3.28542e-08
12.226	3.4919e-08	3.4919e-08	9.57221e-16	2.74126e-08
12.355	2.86988e-08	2.86988e-08	6.18205e-16	2.15411e-08
12.484	2.36014e-08	2.36014e-08	3.66965e-16	1.55484e-08
12.613	1.94211e-08	1.94211e-08	1.902e-16	9.79348e-09
12.742	1.59905e-08	1.59905e-08	7.59607e-17	4.75035e-09
12.871	1.31736e-08	1.31736e-08	1.50033e-17	1.13889e-09
