# r(fm)	Density(fm-3)	Target_density	Difference	Relative diff.
0.1	0.0639436	0.0646638	0.000720238	0.0111382
0.229	0.0637633	0.0633804	-0.000382931	-0.0060418
0.358	0.0634623	0.0634309	-3.14115e-05	-0.000495207
0.487	0.0630456	0.063043	-2.5585e-06	-4.05834e-05
0.616001	0.0625312	0.0625312	-5.46483e-08	-8.73937e-07
0.745001	0.0619407	0.0619408	1.786e-07	2.8834e-06
0.874001	0.0612983	0.0612986	2.33944e-07	3.81647e-06
1.003	0.0606308	0.0606311	2.89711e-07	4.77826e-06
1.132	0.0599646	0.059965	3.56278e-07	5.94144e-06
1.261	0.0593244	0.0593248	4.31793e-07	7.27846e-06
1.39	0.0587309	0.0587315	5.14908e-07	8.76715e-06
1.519	0.058199	0.0581996	6.05111e-07	1.03972e-05
1.648	0.0577354	0.0577361	7.02328e-07	1.21645e-05
1.777	0.057338	0.0573388	8.06597e-07	1.40672e-05
1.906	0.0569951	0.056996	9.17824e-07	1.61033e-05
2.035	0.0566855	0.0566865	1.03553e-06	1.82677e-05
2.164	0.0563801	0.0563812	1.15868e-06	2.05508e-05
2.293	0.0560427	0.056044	1.28542e-06	2.29359e-05
2.422	0.0556333	0.0556347	1.41305e-06	2.53987e-05
2.551	0.0551091	0.0551106	1.53788e-06	2.79053e-05
2.68	0.054428	0.0544297	1.65532e-06	3.0412e-05
2.809	0.0535498	0.0535516	1.76e-06	3.28656e-05
2.938	0.0524388	0.0524407	1.8461e-06	3.52035e-05
3.067	0.0510653	0.0510672	1.90766e-06	3.73558e-05
3.196	0.0494071	0.049409	1.93914e-06	3.92468e-05
3.325	0.0474513	0.0474532	1.93603e-06	4.07987e-05
3.454	0.0451956	0.0451975	1.89538e-06	4.19355e-05
3.583	0.0426498	0.0426517	1.81644e-06	4.25879e-05
3.712	0.0398369	0.0398386	1.70106e-06	4.26987e-05
3.841	0.0367936	0.0367952	1.55384e-06	4.22294e-05
3.97	0.0335704	0.0335718	1.38201e-06	4.11657e-05
4.099	0.0302307	0.0302319	1.19485e-06	3.95228e-05
4.228	0.0268473	0.0268483	1.00273e-06	3.7348e-05
4.357	0.0234991	0.0234999	8.15925e-07	3.47203e-05
4.486	0.0202649	0.0202655	6.43359e-07	3.17465e-05
4.615	0.0172174	0.0172178	4.91612e-07	2.85524e-05
4.744	0.0144166	0.014417	3.64328e-07	2.52708e-05
4.87301	0.0119055	0.0119057	2.62268e-07	2.20287e-05
5.00201	0.00970727	0.00970745	1.83821e-07	1.89361e-05
5.13101	0.0078255	0.00782562	1.25806e-07	1.60761e-05
5.26001	0.00624725	0.00624734	8.43579e-08	1.3503e-05
5.38901	0.00494712	0.00494717	5.56163e-08	1.1242e-05
5.51801	0.00389245	0.00389248	3.61799e-08	9.29482e-06
5.64701	0.00304771	0.00304774	2.33015e-08	7.64552e-06
5.77601	0.00237798	0.00237799	1.49036e-08	6.2673e-06
5.90501	0.00185115	0.00185116	9.49248e-09	5.12786e-06
6.03401	0.00143914	0.00143914	6.03512e-09	4.19355e-06
6.16301	0.00111825	0.00111825	3.83811e-09	3.43223e-06
6.29201	0.000869016	0.000869019	2.44596e-09	2.81462e-06
6.42101	0.000675744	0.000675745	1.56442e-09	2.31511e-06
6.55001	0.000525972	0.000525973	1.00556e-09	1.91181e-06
6.67901	0.000409913	0.000409913	6.50283e-10	1.58639e-06
6.80801	0.000319928	0.000319928	4.23481e-10	1.32367e-06
6.93701	0.000250094	0.000250095	2.77919e-10	1.11125e-06
7.06601	0.000195833	0.000195834	1.83897e-10	9.39045e-07
7.19501	0.000153613	0.000153613	1.22724e-10	7.9892e-07
7.32401	0.000120707	0.000120707	8.2604e-11	6.84332e-07
7.45301	9.50201e-05	9.50201e-05	5.60682e-11	5.90067e-07
7.58201	7.49316e-05	7.49316e-05	3.83617e-11	5.11956e-07
7.71101	5.9194e-05	5.9194e-05	2.64422e-11	4.46705e-07
7.84001	4.6842e-05	4.68421e-05	1.83481e-11	3.91701e-07
7.96901	3.71305e-05	3.71305e-05	1.28062e-11	3.44898e-07
8.09801	2.94811e-05	2.94811e-05	8.98248e-12	3.04686e-07
8.22701	2.34452e-05	2.34452e-05	6.32559e-12	2.69803e-07
8.35601	1.86744e-05	1.86744e-05	4.46814e-12	2.39265e-07
8.48501	1.48973e-05	1.48973e-05	3.16265e-12	2.12298e-07
8.61401	1.19017e-05	1.19017e-05	2.24097e-12	1.88289e-07
8.74301	9.52226e-06	9.52227e-06	1.58786e-12	1.66752e-07
8.87201	7.62921e-06	7.62921e-06	1.12373e-12	1.47292e-07
9.00101	6.12081e-06	6.12081e-06	7.93171e-13	1.29586e-07
9.13001	4.91707e-06	4.91707e-06	5.57402e-13	1.1336e-07
9.25901	3.95513e-06	3.95513e-06	3.89123e-13	9.83845e-08
9.38801	3.18532e-06	3.18532e-06	2.69028e-13	8.44587e-08
9.51701	2.56842e-06	2.56842e-06	1.83413e-13	7.14109e-08
9.64601	2.0734e-06	2.0734e-06	1.22528e-13	5.9095e-08
9.77501	1.67569e-06	1.67569e-06	7.94117e-14	4.73905e-08
9.90401	1.35575e-06	1.35575e-06	4.90825e-14	3.62032e-08
10.033	1.09805e-06	1.09805e-06	2.79648e-14	2.54676e-08
10.162	8.90253e-07	8.90253e-07	1.34859e-14	1.51484e-08
10.291	7.22502e-07	7.22502e-07	3.78699e-15	5.24149e-09
10.42	5.86929e-07	5.86929e-07	-2.48058e-15	-4.22637e-09
10.549	4.77243e-07	4.77243e-07	-6.2992e-15	-1.31992e-08
10.678	3.88411e-07	3.88411e-07	-8.3877e-15	-2.15949e-08
10.807	3.16395e-07	3.16395e-07	-9.27389e-15	-2.93111e-08
10.936	2.57953e-07	2.57953e-07	-9.34617e-15	-3.62321e-08
11.065	2.10482e-07	2.10482e-07	-8.89004e-15	-4.22367e-08
11.194	1.71886e-07	1.71886e-07	-8.11427e-15	-4.72072e-08
11.323	1.40479e-07	1.40479e-07	-7.16983e-15	-5.10384e-08
11.452	1.14899e-07	1.14899e-07	-6.16369e-15	-5.36447e-08
11.581	9.40468e-08	9.40468e-08	-5.16941e-15	-5.49664e-08
11.71	7.7035e-08	7.7035e-08	-4.23485e-15	-5.49731e-08
11.839	6.31454e-08	6.31454e-08	-3.3887e-15	-5.3665e-08
11.968	5.17957e-08	5.17956e-08	-2.64527e-15	-5.10713e-08
12.097	4.25145e-08	4.25145e-08	-2.00871e-15	-4.72478e-08
12.226	3.4919e-08	3.4919e-08	-1.47614e-15	-4.22731e-08
12.355	2.86988e-08	2.86988e-08	-1.04025e-15	-3.6247e-08
12.484	2.36014e-08	2.36014e-08	-6.91239e-16	-2.92881e-08
12.613	1.94211e-08	1.94211e-08	-4.17996e-16	-2.15228e-08
12.742	1.59905e-08	1.59905e-08	-2.08723e-16	-1.30529e-08
12.871	1.31736e-08	1.31736e-08	-5.57903e-17	-4.23501e-09
