# r(fm)	Density(fm-3)	Target_density	Difference	Relative diff.
0.1	0.0639436	0.0639716	2.80242e-05	0.000438072
0.229	0.0637633	0.0637647	1.3376e-06	2.09771e-05
0.358	0.0634623	0.0634625	2.13502e-07	3.36422e-06
0.487	0.0630456	0.0630457	6.12689e-08	9.71818e-07
0.616001	0.0625312	0.0625313	4.38495e-08	7.01242e-07
0.745001	0.0619407	0.0619407	5.33717e-08	8.61658e-07
0.874001	0.0612983	0.0612984	7.04099e-08	1.14864e-06
1.003	0.0606308	0.0606309	9.06926e-08	1.49581e-06
1.132	0.0599646	0.0599647	1.13141e-07	1.88679e-06
1.261	0.0593244	0.0593245	1.37481e-07	2.31744e-06
1.39	0.0587309	0.0587311	1.63695e-07	2.7872e-06
1.519	0.058199	0.0581991	1.91869e-07	3.29677e-06
1.648	0.0577354	0.0577356	2.22124e-07	3.84726e-06
1.777	0.057338	0.0573383	2.54564e-07	4.43969e-06
1.906	0.0569951	0.0569954	2.89217e-07	5.07439e-06
2.035	0.0566855	0.0566858	3.25969e-07	5.75045e-06
2.164	0.0563801	0.0563804	3.64505e-07	6.46511e-06
2.293	0.0560427	0.0560431	4.04252e-07	7.21322e-06
2.422	0.0556333	0.0556337	4.4434e-07	7.98688e-06
2.551	0.0551091	0.0551096	4.83591e-07	8.77509e-06
2.68	0.054428	0.0544285	5.20539e-07	9.56371e-06
2.809	0.0535498	0.0535504	5.53472e-07	1.03355e-05
2.938	0.0524388	0.0524394	5.80537e-07	1.10706e-05
3.067	0.0510653	0.0510659	5.99858e-07	1.17467e-05
3.196	0.0494071	0.0494077	6.09693e-07	1.234e-05
3.325	0.0474513	0.0474519	6.08625e-07	1.28262e-05
3.454	0.0451956	0.0451962	5.95748e-07	1.31814e-05
3.583	0.0426498	0.0426504	5.70834e-07	1.3384e-05
3.712	0.0398369	0.0398374	5.34477e-07	1.34164e-05
3.841	0.0367936	0.0367941	4.88138e-07	1.32667e-05
3.97	0.0335704	0.0335709	4.34091e-07	1.29306e-05
4.099	0.0302307	0.030231	3.75258e-07	1.2413e-05
4.228	0.0268473	0.0268476	3.14895e-07	1.1729e-05
4.357	0.0234991	0.0234993	2.56226e-07	1.09035e-05
4.486	0.0202649	0.0202651	2.02049e-07	9.97031e-06
4.615	0.0172174	0.0172175	1.54424e-07	8.96898e-06
4.744	0.0144166	0.0144167	1.14488e-07	7.94138e-06
4.87301	0.0119055	0.0119055	8.24764e-08	6.92757e-06
5.00201	0.00970727	0.00970733	5.78769e-08	5.96219e-06
5.13101	0.0078255	0.00782554	3.96873e-08	5.07151e-06
5.26001	0.00624725	0.00624728	2.66928e-08	4.2727e-06
5.38901	0.00494712	0.00494714	1.76803e-08	3.57384e-06
5.51801	0.00389245	0.00389246	1.15823e-08	2.97557e-06
5.64701	0.00304771	0.00304772	7.53699e-09	2.47299e-06
5.77601	0.00237798	0.00237798	4.89321e-09	2.05772e-06
5.90501	0.00185115	0.00185115	3.18318e-09	1.71957e-06
6.03401	0.00143914	0.00143914	2.08366e-09	1.44785e-06
6.16301	0.00111825	0.00111825	1.37797e-09	1.23225e-06
6.29201	0.000869016	0.000869017	9.23957e-10	1.06322e-06
6.42101	0.000675744	0.000675744	6.29975e-10	9.32268e-07
6.55001	0.000525972	0.000525972	4.37587e-10	8.31959e-07
6.67901	0.000409913	0.000409913	3.09848e-10	7.55886e-07
6.80801	0.000319928	0.000319928	2.23492e-10	6.98569e-07
6.93701	0.000250094	0.000250095	1.63903e-10	6.55363e-07
7.06601	0.000195833	0.000195834	1.21878e-10	6.22354e-07
7.19501	0.000153613	0.000153613	9.15959e-11	5.96277e-07
7.32401	0.000120707	0.000120707	6.93395e-11	5.74443e-07
7.45301	9.50201e-05	9.50201e-05	5.27062e-11	5.54685e-07
7.58201	7.49316e-05	7.49316e-05	4.01113e-11	5.35305e-07
7.71101	5.9194e-05	5.9194e-05	3.04869e-11	5.15033e-07
7.84001	4.6842e-05	4.68421e-05	2.30925e-11	4.92986e-07
7.96901	3.71305e-05	3.71305e-05	1.74004e-11	4.6863e-07
8.09801	2.94811e-05	2.94811e-05	1.30228e-11	4.41734e-07
8.22701	2.34452e-05	2.34452e-05	9.6672e-12	4.12332e-07
8.35601	1.86744e-05	1.86744e-05	7.10889e-12	3.80675e-07
8.48501	1.48973e-05	1.48973e-05	5.17217e-12	3.47189e-07
8.61401	1.19017e-05	1.19017e-05	3.71847e-12	3.12431e-07
8.74301	9.52226e-06	9.52227e-06	2.63807e-12	2.77043e-07
8.87201	7.62921e-06	7.62921e-06	1.84411e-12	2.41717e-07
9.00101	6.12081e-06	6.12081e-06	1.26799e-12	2.0716e-07
9.13001	4.91707e-06	4.91707e-06	8.55846e-13	1.74056e-07
9.25901	3.95513e-06	3.95513e-06	5.65755e-13	1.43043e-07
9.38801	3.18532e-06	3.18532e-06	3.65321e-13	1.14689e-07
9.51701	2.56842e-06	2.56842e-06	2.29788e-13	8.94668e-08
9.64601	2.0734e-06	2.0734e-06	1.40452e-13	6.77399e-08
9.77501	1.67569e-06	1.67569e-06	8.33619e-14	4.97478e-08
9.90401	1.35575e-06	1.35575e-06	4.82584e-14	3.55954e-08
10.033	1.09805e-06	1.09805e-06	2.77222e-14	2.52466e-08
10.162	8.90253e-07	8.90253e-07	1.64917e-14	1.85247e-08
10.291	7.22502e-07	7.22502e-07	1.09227e-14	1.51178e-08
10.42	5.86929e-07	5.86929e-07	8.56464e-15	1.45923e-08
10.549	4.77243e-07	4.77243e-07	7.83327e-15	1.64136e-08
10.678	3.88411e-07	3.88411e-07	7.75866e-15	1.99754e-08
10.807	3.16395e-07	3.16395e-07	7.7941e-15	2.46341e-08
10.936	2.57953e-07	2.57953e-07	7.67379e-15	2.97488e-08
11.065	2.10482e-07	2.10482e-07	7.30819e-15	3.47213e-08
11.194	1.71886e-07	1.71886e-07	6.70925e-15	3.90331e-08
11.323	1.40479e-07	1.40479e-07	5.93893e-15	4.22762e-08
11.452	1.14899e-07	1.14899e-07	5.07538e-15	4.41727e-08
11.581	9.40468e-08	9.40468e-08	4.19273e-15	4.45813e-08
11.71	7.7035e-08	7.7035e-08	3.35028e-15	4.34903e-08
11.839	6.31454e-08	6.31454e-08	2.5889e-15	4.0999e-08
11.968	5.17957e-08	5.17957e-08	1.93147e-15	3.72902e-08
12.097	4.25145e-08	4.25145e-08	1.38606e-15	3.2602e-08
12.226	3.4919e-08	3.4919e-08	9.49874e-16	2.72022e-08
12.355	2.86988e-08	2.86988e-08	6.13461e-16	2.13758e-08
12.484	2.36014e-08	2.36014e-08	3.64151e-16	1.54292e-08
12.613	1.94211e-08	1.94211e-08	1.88744e-16	9.71853e-09
12.742	1.59905e-08	1.59905e-08	7.53826e-17	4.7142e-09
12.871	1.31736e-08	1.31736e-08	1.48928e-17	1.13051e-09
