# r(fm)	Density(fm-3)	Target_density	Difference	Relative diff.
0.1	0.0639436	0.0706421	0.00669853	0.0948235
0.229	0.0637633	0.0639203	0.000157007	0.00245629
0.358	0.0634623	0.0634808	1.8504e-05	0.00029149
0.487	0.0630456	0.0630483	2.67013e-06	4.23505e-05
0.616001	0.0625312	0.0625317	4.57427e-07	7.31512e-06
0.745001	0.0619407	0.0619408	1.17446e-07	1.89611e-06
0.874001	0.0612983	0.0612984	7.72698e-08	1.26055e-06
1.003	0.0606308	0.0606309	9.03794e-08	1.49065e-06
1.132	0.0599646	0.0599647	1.13605e-07	1.89453e-06
1.261	0.0593244	0.0593246	1.39139e-07	2.34539e-06
1.39	0.0587309	0.0587311	1.65858e-07	2.82403e-06
1.519	0.058199	0.0581991	1.9392e-07	3.332e-06
1.648	0.0577354	0.0577356	2.2367e-07	3.87404e-06
1.777	0.057338	0.0573383	2.55402e-07	4.4543e-06
1.906	0.0569951	0.0569954	2.89275e-07	5.07542e-06
2.035	0.0566855	0.0566858	3.2526e-07	5.73794e-06
2.164	0.0563801	0.0563804	3.63084e-07	6.4399e-06
2.293	0.0560427	0.0560431	4.02189e-07	7.17641e-06
2.422	0.0556333	0.0556337	4.41699e-07	7.93942e-06
2.551	0.0551091	0.0551096	4.8042e-07	8.71753e-06
2.68	0.054428	0.0544285	5.16864e-07	9.49619e-06
2.809	0.0535498	0.0535504	5.49308e-07	1.02578e-05
2.938	0.0524388	0.0524394	5.75896e-07	1.09821e-05
3.067	0.0510653	0.0510659	5.94763e-07	1.1647e-05
3.196	0.0494071	0.0494077	6.0419e-07	1.22287e-05
3.325	0.0474513	0.0474519	6.02794e-07	1.27033e-05
3.454	0.0451956	0.0451962	5.89704e-07	1.30476e-05
3.583	0.0426498	0.0426504	5.64728e-07	1.32409e-05
3.712	0.0398369	0.0398374	5.28484e-07	1.3266e-05
3.841	0.0367936	0.0367941	4.82443e-07	1.3112e-05
3.97	0.0335704	0.0335709	4.28876e-07	1.27752e-05
4.099	0.0302307	0.030231	3.70675e-07	1.22614e-05
4.228	0.0268473	0.0268476	3.11061e-07	1.15862e-05
4.357	0.0234991	0.0234993	2.53204e-07	1.0775e-05
4.486	0.0202649	0.0202651	1.9985e-07	9.86178e-06
4.615	0.0172174	0.0172175	1.53005e-07	8.88662e-06
4.744	0.0144166	0.0144167	1.1377e-07	7.89154e-06
4.87301	0.0119055	0.0119055	8.23497e-08	6.91692e-06
5.00201	0.00970727	0.00970733	5.8222e-08	5.99773e-06
5.13101	0.0078255	0.00782554	4.03854e-08	5.16072e-06
5.26001	0.00624725	0.00624728	2.76353e-08	4.42357e-06
5.38901	0.00494712	0.00494714	1.87742e-08	3.79496e-06
5.51801	0.00389245	0.00389246	1.2752e-08	3.27608e-06
5.64701	0.00304771	0.00304772	8.72398e-09	2.86246e-06
5.77601	0.00237798	0.00237798	6.05417e-09	2.54593e-06
5.90501	0.00185115	0.00185115	4.28761e-09	2.31618e-06
6.03401	0.00143914	0.00143914	3.11143e-09	2.16201e-06
6.16301	0.00111825	0.00111825	2.31708e-09	2.07205e-06
6.29201	0.000869016	0.000869018	1.76866e-09	2.03523e-06
6.42101	0.000675744	0.000675745	1.37918e-09	2.04097e-06
6.55001	0.000525972	0.000525973	1.09363e-09	2.07924e-06
6.67901	0.000409913	0.000409914	8.77461e-10	2.1406e-06
6.80801	0.000319928	0.000319929	7.09018e-10	2.21618e-06
6.93701	0.000250094	0.000250095	5.74655e-10	2.29775e-06
7.06601	0.000195833	0.000195834	4.65646e-10	2.37776e-06
7.19501	0.000153613	0.000153613	3.76266e-10	2.44944e-06
7.32401	0.000120707	0.000120708	3.02599e-10	2.50687e-06
7.45301	9.50201e-05	9.50203e-05	2.41842e-10	2.54516e-06
7.58201	7.49316e-05	7.49318e-05	1.91859e-10	2.56046e-06
7.71101	5.9194e-05	5.91941e-05	1.5095e-10	2.55008e-06
7.84001	4.6842e-05	4.68422e-05	1.17692e-10	2.51252e-06
7.96901	3.71305e-05	3.71306e-05	9.08766e-11	2.44749e-06
8.09801	2.94811e-05	2.94811e-05	6.94512e-11	2.35578e-06
8.22701	2.34452e-05	2.34452e-05	5.25002e-11	2.23927e-06
8.35601	1.86744e-05	1.86745e-05	3.92297e-11	2.10072e-06
8.48501	1.48973e-05	1.48973e-05	2.89551e-11	1.94365e-06
8.61401	1.19017e-05	1.19018e-05	2.1092e-11	1.77217e-06
8.74301	9.52226e-06	9.52228e-06	1.5148e-11	1.59079e-06
8.87201	7.62921e-06	7.62922e-06	1.0713e-11	1.40421e-06
9.00101	6.12081e-06	6.12081e-06	7.4501e-12	1.21717e-06
9.13001	4.91707e-06	4.91708e-06	5.08558e-12	1.03427e-06
9.25901	3.95513e-06	3.95513e-06	3.40058e-12	8.59789e-07
9.38801	3.18532e-06	3.18532e-06	2.22206e-12	6.97596e-07
9.51701	2.56842e-06	2.56842e-06	1.41517e-12	5.50988e-07
9.64601	2.0734e-06	2.0734e-06	8.76225e-13	4.22602e-07
9.77501	1.67569e-06	1.67569e-06	5.2672e-13	3.1433e-07
9.90401	1.35575e-06	1.35575e-06	3.08103e-13	2.27257e-07
10.033	1.09805e-06	1.09805e-06	1.7747e-13	1.61622e-07
10.162	8.90253e-07	8.90253e-07	1.03999e-13	1.1682e-07
10.291	7.22502e-07	7.22502e-07	6.60577e-14	9.14291e-08
10.42	5.86929e-07	5.86929e-07	4.88824e-14	8.3285e-08
10.549	4.77243e-07	4.77243e-07	4.2757e-14	8.95917e-08
10.678	3.88411e-07	3.88412e-07	4.15908e-14	1.07079e-07
10.807	3.16395e-07	3.16395e-07	4.18249e-14	1.32192e-07
10.936	2.57953e-07	2.57953e-07	4.16089e-14	1.61304e-07
11.065	2.10482e-07	2.10482e-07	4.01894e-14	1.9094e-07
11.194	1.71886e-07	1.71886e-07	3.74685e-14	2.17985e-07
11.323	1.40479e-07	1.40479e-07	3.3695e-14	2.39858e-07
11.452	1.14899e-07	1.14899e-07	2.92583e-14	2.54645e-07
11.581	9.40468e-08	9.40468e-08	2.45604e-14	2.61151e-07
11.71	7.7035e-08	7.7035e-08	1.99445e-14	2.58901e-07
11.839	6.31454e-08	6.31455e-08	1.56641e-14	2.48063e-07
11.968	5.17957e-08	5.17957e-08	1.18786e-14	2.29336e-07
12.097	4.25145e-08	4.25145e-08	8.6651e-15	2.03815e-07
12.226	3.4919e-08	3.4919e-08	6.03656e-15	1.72873e-07
12.355	2.86988e-08	2.86988e-08	3.96312e-15	1.38093e-07
12.484	2.36014e-08	2.36014e-08	2.39101e-15	1.01308e-07
12.613	1.94211e-08	1.94211e-08	1.25848e-15	6.47996e-08
12.742	1.59905e-08	1.59905e-08	5.08414e-16	3.17947e-08
12.871	1.31736e-08	1.31736e-08	9.86374e-17	7.48751e-09
