# r(fm)	Density(fm-3)	Target_density	Difference	Relative diff.
0.1	0.0703218	0.0702909	-3.08788e-05	-0.000439301
0.226	0.0701195	0.0701198	3.30165e-07	4.70858e-06
0.352	0.0697801	0.0697802	4.76132e-08	6.82332e-07
0.478	0.0693127	0.0693128	5.21549e-08	7.52456e-07
0.604001	0.0687373	0.0687374	1.09054e-07	1.58654e-06
0.730001	0.068078	0.0680782	1.71457e-07	2.51854e-06
0.856001	0.0673629	0.0673631	2.37837e-07	3.53067e-06
0.982001	0.0666218	0.0666221	3.09379e-07	4.64378e-06
1.108	0.0658846	0.0658849	3.86675e-07	5.86895e-06
1.234	0.0651787	0.0651792	4.70041e-07	7.21152e-06
1.36	0.064527	0.0645276	5.59793e-07	8.67524e-06
1.486	0.0639454	0.063946	6.56334e-07	1.02639e-05
1.612	0.0634404	0.0634412	7.60104e-07	1.19812e-05
1.738	0.0630085	0.0630093	8.71433e-07	1.38302e-05
1.864	0.0626348	0.0626358	9.90359e-07	1.58114e-05
1.99	0.0622944	0.0622955	1.1164e-06	1.7921e-05
2.116	0.061953	0.0619542	1.24835e-06	2.01495e-05
2.242	0.0615692	0.0615706	1.38407e-06	2.24794e-05
2.368	0.061097	0.0610985	1.52039e-06	2.48842e-05
2.494	0.0604883	0.0604899	1.65306e-06	2.73278e-05
2.62	0.0596958	0.0596976	1.77684e-06	2.97641e-05
2.746	0.0586749	0.0586768	1.88571e-06	3.21372e-05
2.872	0.0573867	0.0573887	1.97319e-06	3.43829e-05
2.998	0.0557992	0.0558012	2.03284e-06	3.64301e-05
3.124	0.0538893	0.0538913	2.05882e-06	3.82032e-05
3.25	0.0516451	0.0516472	2.04655e-06	3.96255e-05
3.376	0.049067	0.049069	1.99335e-06	4.06234e-05
3.502	0.0461693	0.0461712	1.89906e-06	4.11309e-05
3.628	0.0429816	0.0429834	1.76645e-06	4.1096e-05
3.754	0.0395495	0.0395511	1.60129e-06	4.04866e-05
3.88	0.0359335	0.0359349	1.41209e-06	3.92956e-05
4.006	0.0322085	0.0322097	1.20937e-06	3.75467e-05
4.132	0.028459	0.02846	1.00451e-06	3.52953e-05
4.258	0.0247744	0.0247752	8.0836e-07	3.26278e-05
4.384	0.0212424	0.021243	6.29982e-07	2.9656e-05
4.51	0.0179413	0.0179417	4.75589e-07	2.65074e-05
4.636	0.0149333	0.0149336	3.48141e-07	2.33126e-05
4.762	0.0122598	0.0122601	2.47565e-07	2.01927e-05
4.888	0.00993978	0.00993995	1.71447e-07	1.72483e-05
5.014	0.00797044	0.00797055	1.15987e-07	1.45519e-05
5.14001	0.0063319	0.00633198	7.69158e-08	1.21472e-05
5.26601	0.00499201	0.00499206	5.01717e-08	1.00503e-05
5.39201	0.00391232	0.00391235	3.23004e-08	8.25601e-06
5.51801	0.00305263	0.00305265	2.05875e-08	6.74416e-06
5.64401	0.00237454	0.00237455	1.30264e-08	5.48583e-06
5.77001	0.00184351	0.00184352	8.20088e-09	4.44849e-06
5.89601	0.00142982	0.00142983	5.14659e-09	3.59945e-06
6.02201	0.00110869	0.00110869	3.22427e-09	2.90817e-06
6.14801	0.000859975	0.000859977	2.01871e-09	2.34739e-06
6.27401	0.000667589	0.000667591	1.26414e-09	1.89359e-06
6.40001	0.000518827	0.000518828	7.92154e-10	1.52681e-06
6.52601	0.000403767	0.000403768	4.96839e-10	1.23051e-06
6.65201	0.000314711	0.000314712	3.11904e-10	9.91079e-07
6.77801	0.000245708	0.000245709	1.95944e-10	7.97465e-07
6.90401	0.000192169	0.000192169	1.23124e-10	6.40704e-07
7.03001	0.000150564	0.000150564	7.73279e-11	5.13587e-07
7.15601	0.00011818	0.00011818	4.84934e-11	4.10335e-07
7.28201	9.29292e-05	9.29292e-05	3.03246e-11	3.2632e-07
7.40801	7.32043e-05	7.32044e-05	1.88749e-11	2.57838e-07
7.53401	5.77681e-05	5.77681e-05	1.16652e-11	2.01932e-07
7.66001	4.56661e-05	4.56661e-05	7.13461e-12	1.56234e-07
7.78601	3.6161e-05	3.6161e-05	4.2976e-12	1.18846e-07
7.91201	2.86818e-05	2.86818e-05	2.53082e-12	8.8238e-08
8.03801	2.27862e-05	2.27862e-05	1.43952e-12	6.31748e-08
8.16401	1.81311e-05	1.81311e-05	7.73403e-13	4.26562e-08
8.29001	1.44491e-05	1.44491e-05	3.73774e-13	2.58683e-08
8.41601	1.15319e-05	1.15319e-05	1.40094e-13	1.21484e-08
8.54201	9.21695e-06	9.21695e-06	8.83912e-15	9.59007e-10
8.66801	7.37702e-06	7.37702e-06	-6.00117e-14	-8.13495e-09
8.79401	5.91241e-06	5.91241e-06	-9.15417e-14	-1.5483e-08
8.92001	4.74479e-06	4.74479e-06	-1.01369e-13	-2.13644e-08
9.04601	3.81262e-06	3.81262e-06	-9.9128e-14	-2.6e-08
9.17201	3.06737e-06	3.06737e-06	-9.06887e-14	-2.95656e-08
9.29801	2.47076e-06	2.47076e-06	-7.95615e-14	-3.22012e-08
9.42401	1.9925e-06	1.9925e-06	-6.77886e-14	-3.4022e-08
9.55001	1.60862e-06	1.60862e-06	-5.65027e-14	-3.51249e-08
9.67601	1.30012e-06	1.30012e-06	-4.62808e-14	-3.55973e-08
9.80201	1.0519e-06	1.0519e-06	-3.73635e-14	-3.55201e-08
9.92801	8.51932e-07	8.51932e-07	-2.97943e-14	-3.49727e-08
10.054	6.90672e-07	6.90672e-07	-2.35057e-14	-3.40331e-08
10.18	5.60476e-07	5.60476e-07	-1.83725e-14	-3.27802e-08
10.306	4.5525e-07	4.5525e-07	-1.42457e-14	-3.12921e-08
10.432	3.70115e-07	3.70115e-07	-1.09723e-14	-2.96456e-08
10.558	3.01167e-07	3.01167e-07	-8.40694e-15	-2.79146e-08
10.684	2.45274e-07	2.45274e-07	-6.41846e-15	-2.61685e-08
10.81	1.9992e-07	1.9992e-07	-4.89218e-15	-2.44706e-08
10.936	1.63085e-07	1.63085e-07	-3.73075e-15	-2.28761e-08
11.062	1.33141e-07	1.33141e-07	-2.85331e-15	-2.14307e-08
11.188	1.08779e-07	1.08779e-07	-2.19402e-15	-2.01695e-08
11.314	8.89402e-08	8.89402e-08	-1.70015e-15	-1.91156e-08
11.44	7.27727e-08	7.27727e-08	-1.33022e-15	-1.82791e-08
11.566	5.95859e-08	5.95859e-08	-1.05202e-15	-1.76555e-08
11.692	4.88221e-08	4.88221e-08	-8.40846e-16	-1.72226e-08
11.818	4.00295e-08	4.00295e-08	-6.7784e-16	-1.69335e-08
11.944	3.28416e-08	3.28416e-08	-5.49002e-16	-1.67166e-08
12.07	2.69616e-08	2.69616e-08	-4.4596e-16	-1.65405e-08
12.196	2.21482e-08	2.21482e-08	-3.66728e-16	-1.6558e-08
12.322	1.82049e-08	1.82049e-08	-2.92788e-16	-1.60829e-08
12.448	1.49724e-08	1.49724e-08	-2.05727e-16	-1.37404e-08
12.574	1.2321e-08	1.2321e-08	-2.8302e-17	-2.29705e-09
