# r(fm)	Density(fm-3)	Target_density	Difference	Relative diff.
0.1	0.0780797	0.0799692	0.00188949	0.0236277
0.222	0.0778517	0.0779245	7.28177e-05	0.000934465
0.344	0.0774682	0.0774777	9.47919e-06	0.000122347
0.466	0.0769435	0.0769451	1.5945e-06	2.07226e-05
0.588	0.0762988	0.0762992	3.55943e-07	4.6651e-06
0.710001	0.0755617	0.0755618	1.4737e-07	1.95032e-06
0.832001	0.0747636	0.0747637	1.31431e-07	1.75795e-06
0.954001	0.073938	0.0739382	1.58131e-07	2.1387e-06
1.076	0.0731182	0.0731184	1.96395e-07	2.68599e-06
1.198	0.0723349	0.0723351	2.39199e-07	3.30682e-06
1.32	0.0716132	0.0716134	2.85076e-07	3.98077e-06
1.442	0.0709703	0.0709706	3.3397e-07	4.70575e-06
1.564	0.0704131	0.0704135	3.86166e-07	5.48426e-06
1.686	0.0699367	0.0699372	4.41948e-07	6.31921e-06
1.808	0.0695241	0.0695246	5.01429e-07	7.21225e-06
1.93	0.0691462	0.0691468	5.64423e-07	8.16268e-06
2.052	0.0687644	0.0687651	6.30342e-07	9.16661e-06
2.174	0.0683318	0.0683325	6.98096e-07	1.02162e-05
2.296	0.0677966	0.0677974	7.66053e-07	1.12991e-05
2.418	0.0671049	0.0671058	8.32019e-07	1.23986e-05
2.54	0.0662041	0.066205	8.9331e-07	1.34931e-05
2.662	0.0650445	0.0650455	9.46846e-07	1.45567e-05
2.784	0.0635832	0.0635842	9.89358e-07	1.55598e-05
2.906	0.061785	0.061786	1.0176e-06	1.64698e-05
3.028	0.0596254	0.0596264	1.02869e-06	1.72523e-05
3.15	0.057092	0.0570931	1.02043e-06	1.7873e-05
3.272	0.0541867	0.0541877	9.91557e-07	1.82986e-05
3.394	0.0509271	0.050928	9.42206e-07	1.85007e-05
3.516	0.0473481	0.047349	8.73876e-07	1.84561e-05
3.638	0.0435023	0.0435031	7.89681e-07	1.81523e-05
3.76	0.0394595	0.0394601	6.93997e-07	1.75873e-05
3.882	0.0353046	0.0353052	5.92207e-07	1.67739e-05
4.004	0.0311332	0.0311337	4.90024e-07	1.57393e-05
4.126	0.0270457	0.027046	3.92824e-07	1.45243e-05
4.248	0.0231392	0.0231395	3.04999e-07	1.31809e-05
4.37	0.0194998	0.0195	2.29468e-07	1.17676e-05
4.492	0.0161943	0.0161945	1.6751e-07	1.03436e-05
4.614	0.0132664	0.0132665	1.18912e-07	8.96333e-06
4.736	0.0107338	0.0107339	8.23394e-08	7.67096e-06
4.858	0.00859083	0.00859088	5.5824e-08	6.49806e-06
4.98	0.006813	0.00681303	3.72191e-08	5.46293e-06
5.102	0.00536308	0.00536311	2.45187e-08	4.57174e-06
5.224	0.00419749	0.0041975	1.60399e-08	3.82129e-06
5.346	0.00327131	0.00327132	1.04744e-08	3.20189e-06
5.468	0.00254208	0.00254209	6.86404e-09	2.70016e-06
5.59	0.00197188	0.00197188	4.53762e-09	2.30116e-06
5.71201	0.00152823	0.00152823	3.04104e-09	1.98991e-06
5.83401	0.00118422	0.00118422	2.07505e-09	1.75225e-06
5.95601	0.000918031	0.000918032	1.44623e-09	1.57535e-06
6.07801	0.000712292	0.000712293	1.03126e-09	1.4478e-06
6.20001	0.000553312	0.000553313	7.52258e-10	1.35955e-06
6.32201	0.000430422	0.000430422	5.60348e-10	1.30186e-06
6.44401	0.000335355	0.000335355	4.24924e-10	1.26708e-06
6.56601	0.000261729	0.000261729	3.26807e-10	1.24865e-06
6.68801	0.000204627	0.000204628	2.53904e-10	1.24081e-06
6.81001	0.000160272	0.000160272	1.98519e-10	1.23864e-06
6.93201	0.000125759	0.000125759	1.55684e-10	1.23796e-06
7.05401	9.88575e-05	9.88576e-05	1.22123e-10	1.23535e-06
7.17601	7.78504e-05	7.78505e-05	9.56098e-11	1.22812e-06
7.29801	6.1416e-05	6.14161e-05	7.45752e-11	1.21426e-06
7.42001	4.85352e-05	4.85352e-05	5.7876e-11	1.19245e-06
7.54201	3.84211e-05	3.84211e-05	4.46466e-11	1.16203e-06
7.66401	3.04652e-05	3.04653e-05	3.42119e-11	1.12298e-06
7.78601	2.4196e-05	2.4196e-05	2.60298e-11	1.07579e-06
7.90801	1.9247e-05	1.9247e-05	1.96587e-11	1.02139e-06
8.03001	1.53337e-05	1.53337e-05	1.47363e-11	9.61038e-07
8.15201	1.22342e-05	1.22342e-05	1.09648e-11	8.96243e-07
8.27401	9.77532e-06	9.77533e-06	8.09997e-12	8.28613e-07
8.39601	7.82156e-06	7.82157e-06	5.94224e-12	7.59725e-07
8.51801	6.26675e-06	6.26675e-06	4.33071e-12	6.91062e-07
8.64001	5.02761e-06	5.02761e-06	3.1368e-12	6.23914e-07
8.76201	4.03862e-06	4.03863e-06	2.25909e-12	5.59371e-07
8.88401	3.24819e-06	3.24819e-06	1.61843e-12	4.98257e-07
9.00601	2.61558e-06	2.61558e-06	1.15385e-12	4.41144e-07
9.12801	2.10862e-06	2.10862e-06	8.18966e-13	3.88389e-07
9.25001	1.70183e-06	1.70183e-06	5.78914e-13	3.40171e-07
9.37201	1.37502e-06	1.37502e-06	4.07761e-13	2.96549e-07
9.49401	1.11213e-06	1.11213e-06	2.8638e-13	2.57505e-07
9.61601	9.0043e-07	9.0043e-07	2.00797e-13	2.23002e-07
9.73801	7.29753e-07	7.29753e-07	1.4086e-13	1.93024e-07
9.86001	5.91996e-07	5.91996e-07	9.92281e-14	1.67616e-07
9.98201	4.80696e-07	4.80696e-07	7.06041e-14	1.46879e-07
10.104	3.90674e-07	3.90674e-07	5.11634e-14	1.30962e-07
10.226	3.17791e-07	3.17791e-07	3.8143e-14	1.20025e-07
10.348	2.58726e-07	2.58726e-07	2.95409e-14	1.14178e-07
10.47	2.10814e-07	2.10814e-07	2.39054e-14	1.13395e-07
10.592	1.71915e-07	1.71915e-07	2.01849e-14	1.17413e-07
10.714	1.40302e-07	1.40302e-07	1.76261e-14	1.2563e-07
10.836	1.1459e-07	1.1459e-07	1.57009e-14	1.37018e-07
10.958	9.36597e-08	9.36597e-08	1.40558e-14	1.50073e-07
11.08	7.66082e-08	7.66082e-08	1.24729e-14	1.62814e-07
11.202	6.27049e-08	6.27049e-08	1.08397e-14	1.72869e-07
11.324	5.13599e-08	5.13599e-08	9.12447e-15	1.77657e-07
11.446	4.20956e-08	4.20956e-08	7.35323e-15	1.74679e-07
11.568	3.45248e-08	3.45248e-08	5.59091e-15	1.61939e-07
11.69	2.83336e-08	2.83337e-08	3.92502e-15	1.38529e-07
11.812	2.3267e-08	2.3267e-08	2.45299e-15	1.05428e-07
11.934	1.91178e-08	1.91178e-08	1.27087e-15	6.64756e-08
12.056	1.57178e-08	1.57178e-08	4.58979e-16	2.92013e-08
12.178	1.29298e-08	1.29298e-08	6.1154e-17	4.72969e-09
