# r(fm)	Density(fm-3)	Target_density	Difference	Relative diff.
0.1	0.0703218	0.0703188	-2.98099e-06	-4.23925e-05
0.226	0.0701195	0.0700816	-3.79412e-05	-0.000541386
0.352	0.0697801	0.0697771	-2.99637e-06	-4.2942e-05
0.478	0.0693127	0.0693125	-2.12934e-07	-3.07209e-06
0.604001	0.0687373	0.0687373	5.26927e-08	7.66581e-07
0.730001	0.068078	0.0680781	1.00358e-07	1.47416e-06
0.856001	0.0673629	0.067363	1.33066e-07	1.97536e-06
0.982001	0.0666218	0.066622	1.69147e-07	2.5389e-06
1.108	0.0658846	0.0658848	2.09603e-07	3.18135e-06
1.234	0.0651787	0.0651789	2.5411e-07	3.89866e-06
1.36	0.064527	0.0645273	3.02501e-07	4.68795e-06
1.486	0.0639454	0.0639457	3.548e-07	5.54846e-06
1.612	0.0634404	0.0634409	4.11133e-07	6.48056e-06
1.738	0.0630085	0.0630089	4.71608e-07	7.48478e-06
1.864	0.0626348	0.0626354	5.362e-07	8.56066e-06
1.99	0.0622944	0.062295	6.0462e-07	9.70575e-06
2.116	0.061953	0.0619537	6.76195e-07	1.09145e-05
2.242	0.0615692	0.0615699	7.49763e-07	1.21774e-05
2.368	0.061097	0.0610978	8.23611e-07	1.34802e-05
2.494	0.0604883	0.0604892	8.95445e-07	1.48034e-05
2.62	0.0596958	0.0596968	9.62447e-07	1.61223e-05
2.746	0.0586749	0.058676	1.02136e-06	1.74068e-05
2.872	0.0573867	0.0573878	1.0687e-06	1.86224e-05
2.998	0.0557992	0.0558003	1.10098e-06	1.97307e-05
3.124	0.0538893	0.0538904	1.11504e-06	2.06908e-05
3.25	0.0516451	0.0516462	1.10839e-06	2.14612e-05
3.376	0.049067	0.0490681	1.07959e-06	2.20019e-05
3.502	0.0461693	0.0461703	1.02855e-06	2.22773e-05
3.628	0.0429816	0.0429826	9.56741e-07	2.22588e-05
3.754	0.0395495	0.0395503	8.67311e-07	2.19293e-05
3.88	0.0359335	0.0359343	7.64852e-07	2.12847e-05
4.006	0.0322085	0.0322092	6.55071e-07	2.0338e-05
4.132	0.028459	0.0284595	5.44123e-07	1.91192e-05
4.258	0.0247744	0.0247748	4.37893e-07	1.76749e-05
4.384	0.0212424	0.0212427	3.41282e-07	1.60659e-05
4.51	0.0179413	0.0179415	2.57659e-07	1.43611e-05
4.636	0.0149333	0.0149334	1.88629e-07	1.26313e-05
4.762	0.0122598	0.01226	1.34151e-07	1.09422e-05
4.888	0.00993978	0.00993987	9.29185e-08	9.34806e-06
5.014	0.00797044	0.0079705	6.28746e-08	7.88841e-06
5.14001	0.0063319	0.00633194	4.1707e-08	6.58677e-06
5.26601	0.00499201	0.00499204	2.72159e-08	5.45186e-06
5.39201	0.00391232	0.00391234	1.75307e-08	4.48088e-06
5.51801	0.00305263	0.00305264	1.11815e-08	3.66288e-06
5.64401	0.00237454	0.00237455	7.08138e-09	2.9822e-06
5.77001	0.00184351	0.00184352	4.46356e-09	2.42122e-06
5.89601	0.00142982	0.00142983	2.80567e-09	1.96225e-06
6.02201	0.00110869	0.00110869	1.76146e-09	1.58878e-06
6.14801	0.000859975	0.000859976	1.106e-09	1.28608e-06
6.27401	0.000667589	0.00066759	6.95265e-10	1.04145e-06
6.40001	0.000518827	0.000518828	4.37966e-10	8.44146e-07
6.52601	0.000403767	0.000403768	2.76671e-10	6.85222e-07
6.65201	0.000314711	0.000314711	1.75406e-10	5.57354e-07
6.77801	0.000245708	0.000245709	1.11689e-10	4.5456e-07
6.90401	0.000192169	0.000192169	7.14834e-11	3.71981e-07
7.03001	0.000150564	0.000150564	4.60252e-11	3.05685e-07
7.15601	0.00011818	0.00011818	2.98399e-11	2.52495e-07
7.28201	9.29292e-05	9.29292e-05	1.95009e-11	2.09846e-07
7.40801	7.32043e-05	7.32044e-05	1.28592e-11	1.75662e-07
7.53401	5.77681e-05	5.77681e-05	8.56503e-12	1.48266e-07
7.66001	4.56661e-05	4.56661e-05	5.76818e-12	1.26312e-07
7.78601	3.6161e-05	3.6161e-05	3.93126e-12	1.08716e-07
7.91201	2.86818e-05	2.86818e-05	2.71343e-12	9.46045e-08
8.03801	2.27862e-05	2.27862e-05	1.89773e-12	8.3284e-08
8.16401	1.81311e-05	1.81311e-05	1.34536e-12	7.4202e-08
8.29001	1.44491e-05	1.44491e-05	9.66902e-13	6.69178e-08
8.41601	1.15319e-05	1.15319e-05	7.04326e-13	6.10762e-08
8.54201	9.21695e-06	9.21695e-06	5.19765e-13	5.63923e-08
8.66801	7.37702e-06	7.37702e-06	3.88259e-13	5.26309e-08
8.79401	5.91241e-06	5.91241e-06	2.93207e-13	4.95919e-08
8.92001	4.74479e-06	4.74479e-06	2.23478e-13	4.70997e-08
9.04601	3.81262e-06	3.81262e-06	1.71575e-13	4.50019e-08
9.17201	3.06737e-06	3.06737e-06	1.32399e-13	4.31637e-08
9.29801	2.47076e-06	2.47076e-06	1.02455e-13	4.14672e-08
9.42401	1.9925e-06	1.9925e-06	7.93246e-14	3.98117e-08
9.55001	1.60862e-06	1.60862e-06	6.13239e-14	3.8122e-08
9.67601	1.30012e-06	1.30012e-06	4.72517e-14	3.6344e-08
9.80201	1.0519e-06	1.0519e-06	3.62333e-14	3.44456e-08
9.92801	8.51932e-07	8.51932e-07	2.76154e-14	3.2415e-08
10.054	6.90672e-07	6.90672e-07	2.09019e-14	3.02632e-08
10.18	5.60476e-07	5.60476e-07	1.57017e-14	2.80149e-08
10.306	4.5525e-07	4.5525e-07	1.17031e-14	2.57069e-08
10.432	3.70115e-07	3.70115e-07	8.65474e-15	2.3384e-08
10.558	3.01167e-07	3.01167e-07	6.35376e-15	2.10971e-08
10.684	2.45274e-07	2.45274e-07	4.63515e-15	1.88978e-08
10.81	1.9992e-07	1.9992e-07	3.36555e-15	1.68345e-08
10.936	1.63085e-07	1.63085e-07	2.43828e-15	1.49509e-08
11.062	1.33141e-07	1.33141e-07	1.76866e-15	1.32841e-08
11.188	1.08779e-07	1.08779e-07	1.2902e-15	1.18607e-08
11.314	8.89402e-08	8.89402e-08	9.51298e-16	1.06959e-08
11.44	7.27727e-08	7.27727e-08	7.12675e-16	9.79316e-09
11.566	5.95859e-08	5.95859e-08	5.44781e-16	9.1428e-09
11.692	4.88221e-08	4.88221e-08	4.25807e-16	8.72159e-09
11.818	4.00295e-08	4.00295e-08	3.39808e-16	8.48895e-09
11.944	3.28416e-08	3.28416e-08	2.75059e-16	8.37531e-09
12.07	2.69616e-08	2.69616e-08	2.22586e-16	8.25567e-09
12.196	2.21482e-08	2.21482e-08	1.77e-16	7.99163e-09
12.322	1.82049e-08	1.82049e-08	1.43696e-16	7.89328e-09
12.448	1.49724e-08	1.49724e-08	1.12524e-16	7.51541e-09
12.574	1.2321e-08	1.2321e-08	2.44969e-17	1.98822e-09
