# r(fm)	Density(fm-3)	Target_density	Difference	Relative diff.
0.1	0.0703218	0.0797374	0.0094156	0.118083
0.226	0.0701195	0.0702967	0.000177217	0.00252099
0.352	0.0697801	0.0698012	2.10915e-05	0.000302165
0.478	0.0693127	0.0693159	3.12949e-06	4.51483e-05
0.604001	0.0687373	0.0687379	5.99847e-07	8.72659e-06
0.730001	0.068078	0.0680782	1.94697e-07	2.85991e-06
0.856001	0.0673629	0.067363	1.43516e-07	2.13048e-06
0.982001	0.0666218	0.066622	1.63141e-07	2.44875e-06
1.108	0.0658846	0.0658848	2.00186e-07	3.03842e-06
1.234	0.0651787	0.0651789	2.43285e-07	3.73257e-06
1.36	0.064527	0.0645273	2.89997e-07	4.49417e-06
1.486	0.0639454	0.0639457	3.40006e-07	5.3171e-06
1.612	0.0634404	0.0634408	3.93513e-07	6.20283e-06
1.738	0.0630085	0.0630089	4.50763e-07	7.15395e-06
1.864	0.0626348	0.0626354	5.11848e-07	8.17187e-06
1.99	0.0622944	0.062295	5.76573e-07	9.25553e-06
2.116	0.061953	0.0619536	6.44343e-07	1.04004e-05
2.242	0.0615692	0.0615699	7.1407e-07	1.15977e-05
2.368	0.061097	0.0610978	7.84121e-07	1.28339e-05
2.494	0.0604883	0.0604891	8.523e-07	1.40901e-05
2.62	0.0596958	0.0596967	9.15907e-07	1.53427e-05
2.746	0.0586749	0.0586759	9.7183e-07	1.65627e-05
2.872	0.0573867	0.0573878	1.01674e-06	1.77171e-05
2.998	0.0557992	0.0558002	1.04733e-06	1.87692e-05
3.124	0.0538893	0.0538903	1.06058e-06	1.96803e-05
3.25	0.0516451	0.0516462	1.05416e-06	2.04111e-05
3.376	0.049067	0.049068	1.02668e-06	2.09237e-05
3.502	0.0461693	0.0461703	9.78096e-07	2.11845e-05
3.628	0.0429816	0.0429825	9.09797e-07	2.11667e-05
3.754	0.0395495	0.0395503	8.24772e-07	2.08538e-05
3.88	0.0359335	0.0359343	7.27386e-07	2.02421e-05
4.006	0.0322085	0.0322091	6.2305e-07	1.93439e-05
4.132	0.028459	0.0284595	5.17608e-07	1.81875e-05
4.258	0.0247744	0.0247748	4.16643e-07	1.68172e-05
4.384	0.0212424	0.0212427	3.24809e-07	1.52904e-05
4.51	0.0179413	0.0179415	2.45305e-07	1.36725e-05
4.636	0.0149333	0.0149334	1.7966e-07	1.20307e-05
4.762	0.0122598	0.01226	1.27843e-07	1.04277e-05
4.888	0.00993978	0.00993987	8.86206e-08	8.91567e-06
5.014	0.00797044	0.0079705	6.0043e-08	7.53315e-06
5.14001	0.0063319	0.00633194	3.99177e-08	6.30418e-06
5.26601	0.00499201	0.00499204	2.61553e-08	5.2394e-06
5.39201	0.00391232	0.00391234	1.69766e-08	4.33924e-06
5.51801	0.00305263	0.00305264	1.09807e-08	3.59712e-06
5.64401	0.00237454	0.00237455	7.12972e-09	3.00256e-06
5.77001	0.00184351	0.00184352	4.68908e-09	2.54355e-06
5.89601	0.00142982	0.00142983	3.15689e-09	2.20788e-06
6.02201	0.00110869	0.00110869	2.19938e-09	1.98376e-06
6.14801	0.000859975	0.000859977	1.5993e-09	1.85971e-06
6.27401	0.000667589	0.000667591	1.21767e-09	1.82397e-06
6.40001	0.000518827	0.000518828	9.66973e-10	1.86376e-06
6.52601	0.000403767	0.000403768	7.93248e-10	1.96461e-06
6.65201	0.000314711	0.000314712	6.63994e-10	2.10985e-06
6.77801	0.000245708	0.000245709	5.60369e-10	2.28062e-06
6.90401	0.000192169	0.00019217	4.72028e-10	2.45631e-06
7.03001	0.000150564	0.000150565	3.9382e-10	2.61562e-06
7.15601	0.00011818	0.00011818	3.23584e-10	2.73805e-06
7.28201	9.29292e-05	9.29294e-05	2.60752e-10	2.80591e-06
7.40801	7.32043e-05	7.32046e-05	2.05418e-10	2.80609e-06
7.53401	5.77681e-05	5.77682e-05	1.57821e-10	2.73197e-06
7.66001	4.56661e-05	4.56662e-05	1.18026e-10	2.58455e-06
7.78601	3.6161e-05	3.6161e-05	8.58121e-11	2.37305e-06
7.91201	2.86818e-05	2.86818e-05	6.06412e-11	2.11427e-06
8.03801	2.27862e-05	2.27863e-05	4.17237e-11	1.83109e-06
8.16401	1.81311e-05	1.81311e-05	2.81047e-11	1.55008e-06
8.29001	1.44491e-05	1.44491e-05	1.87626e-11	1.29853e-06
8.41601	1.15319e-05	1.15319e-05	1.26979e-11	1.10111e-06
8.54201	9.21695e-06	9.21696e-06	9.00389e-12	9.76882e-07
8.66801	7.37702e-06	7.37703e-06	6.91193e-12	9.36953e-07
8.79401	5.91241e-06	5.91241e-06	5.81239e-12	9.83083e-07
8.92001	4.74479e-06	4.7448e-06	5.25515e-12	1.10756e-06
9.04601	3.81262e-06	3.81262e-06	4.93451e-12	1.29426e-06
9.17201	3.06737e-06	3.06738e-06	4.66491e-12	1.52081e-06
9.29801	2.47076e-06	2.47076e-06	4.35205e-12	1.76142e-06
9.42401	1.9925e-06	1.9925e-06	3.96522e-12	1.99007e-06
9.55001	1.60862e-06	1.60863e-06	3.51238e-12	2.18346e-06
9.67601	1.30012e-06	1.30013e-06	3.0209e-12	2.32354e-06
9.80201	1.0519e-06	1.0519e-06	2.52347e-12	2.39896e-06
9.92801	8.51932e-07	8.51934e-07	2.04955e-12	2.40576e-06
10.054	6.90672e-07	6.90673e-07	1.62092e-12	2.34686e-06
10.18	5.60476e-07	5.60477e-07	1.25044e-12	2.23103e-06
10.306	4.5525e-07	4.55251e-07	9.42796e-13	2.07094e-06
10.432	3.70115e-07	3.70115e-07	6.96309e-13	1.88133e-06
10.558	3.01167e-07	3.01167e-07	5.05072e-13	1.67705e-06
10.684	2.45274e-07	2.45274e-07	3.6094e-13	1.47158e-06
10.81	1.9992e-07	1.9992e-07	2.55069e-13	1.27585e-06
10.936	1.63085e-07	1.63085e-07	1.79031e-13	1.09777e-06
11.062	1.33141e-07	1.33141e-07	1.25437e-13	9.42134e-07
11.188	1.08779e-07	1.08779e-07	8.82163e-14	8.10967e-07
11.314	8.89402e-08	8.89403e-08	6.26239e-14	7.04112e-07
11.44	7.27727e-08	7.27727e-08	4.5107e-14	6.19834e-07
11.566	5.95859e-08	5.95859e-08	3.30954e-14	5.55423e-07
11.692	4.88221e-08	4.88222e-08	2.47761e-14	5.07476e-07
11.818	4.00295e-08	4.00295e-08	1.88902e-14	4.71906e-07
11.944	3.28416e-08	3.28417e-08	1.45886e-14	4.4421e-07
12.07	2.69616e-08	2.69617e-08	1.14182e-14	4.23496e-07
12.196	2.21482e-08	2.21482e-08	9.42117e-15	4.2537e-07
12.322	1.82049e-08	1.82049e-08	8.46466e-15	4.64967e-07
12.448	1.49724e-08	1.49725e-08	7.46532e-15	4.98603e-07
12.574	1.2321e-08	1.2321e-08	1.26955e-14	1.03039e-06
