# r(fm)	Density(fm-3)	Target_density	Difference	Relative diff.
0.1	0.0689689	0.0876287	0.0186598	0.212942
0.226	0.0687726	0.0688359	6.33306e-05	0.000920022
0.352	0.068444	0.068457	1.29459e-05	0.00018911
0.478	0.067991	0.0679936	2.58289e-06	3.79872e-05
0.604001	0.0674329	0.0674335	6.39096e-07	9.47743e-06
0.730001	0.0667928	0.0667931	2.72917e-07	4.086e-06
0.856001	0.0660976	0.0660978	2.33691e-07	3.53553e-06
0.982001	0.065376	0.0653763	2.71594e-07	4.15431e-06
1.108	0.0646567	0.064657	3.31671e-07	5.1297e-06
1.234	0.0639664	0.0639668	4.01007e-07	6.26898e-06
1.36	0.0633273	0.0633278	4.76657e-07	7.52683e-06
1.486	0.0627552	0.0627557	5.58259e-07	8.89574e-06
1.612	0.0622573	0.0622579	6.46101e-07	1.03778e-05
1.738	0.0618306	0.0618314	7.405e-07	1.19761e-05
1.864	0.0614622	0.0614631	8.41509e-07	1.36913e-05
1.99	0.0611286	0.0611296	9.48719e-07	1.55198e-05
2.116	0.0607979	0.060799	1.06111e-06	1.74528e-05
2.242	0.0604307	0.0604319	1.1769e-06	1.94749e-05
2.368	0.0599832	0.0599845	1.29349e-06	2.15637e-05
2.494	0.0594092	0.0594106	1.40737e-06	2.36889e-05
2.62	0.0586631	0.0586646	1.51426e-06	2.58122e-05
2.746	0.0577014	0.057703	1.60918e-06	2.78872e-05
2.872	0.0564858	0.0564874	1.68673e-06	2.98602e-05
2.998	0.0549844	0.0549861	1.74147e-06	3.16712e-05
3.124	0.0531737	0.0531755	1.7684e-06	3.32559e-05
3.25	0.0510405	0.0510422	1.76344e-06	3.45486e-05
3.376	0.048583	0.0485847	1.72402e-06	3.54849e-05
3.502	0.0458126	0.0458143	1.64965e-06	3.60074e-05
3.628	0.0427553	0.0427568	1.54211e-06	3.6067e-05
3.754	0.0394519	0.0394533	1.40591e-06	3.56348e-05
3.88	0.0359581	0.0359594	1.24771e-06	3.46978e-05
4.006	0.0323434	0.0323445	1.07619e-06	3.32727e-05
4.132	0.0286877	0.0286886	9.00861e-07	3.14014e-05
4.258	0.0250763	0.025077	7.31069e-07	2.91529e-05
4.384	0.0215947	0.0215952	5.7485e-07	2.66193e-05
4.51	0.0183207	0.0183212	4.38023e-07	2.3908e-05
4.636	0.0153183	0.0153186	3.23702e-07	2.11313e-05
4.762	0.0126322	0.0126324	2.32385e-07	1.8396e-05
4.888	0.0102858	0.010286	1.6245e-07	1.57934e-05
5.014	0.00828136	0.00828147	1.10908e-07	1.33923e-05
5.14001	0.00660353	0.00660361	7.42094e-08	1.12377e-05
5.26601	0.00522384	0.00522389	4.88466e-08	9.35062e-06
5.39201	0.00410643	0.00410646	3.17571e-08	7.73345e-06
5.51801	0.0032127	0.00321272	2.04806e-08	6.37486e-06
5.64401	0.00250498	0.00250499	1.31641e-08	5.25516e-06
5.77001	0.00194885	0.00194886	8.47888e-09	4.35069e-06
5.89601	0.00151432	0.00151433	5.50719e-09	3.63673e-06
6.02201	0.00117615	0.00117615	3.63353e-09	3.08933e-06
6.14801	0.000913656	0.000913658	2.45407e-09	2.68599e-06
6.27401	0.000710215	0.000710217	1.70858e-09	2.40571e-06
6.40001	0.000552636	0.000552637	1.23151e-09	2.22842e-06
6.52601	0.000430571	0.000430572	9.1908e-10	2.13455e-06
6.65201	0.000335963	0.000335963	7.0702e-10	2.10446e-06
6.77801	0.000262567	0.000262567	5.56191e-10	2.11828e-06
6.90401	0.000205554	0.000205554	4.43164e-10	2.15595e-06
7.03001	0.000161202	0.000161202	3.54308e-10	2.19791e-06
7.15601	0.000126645	0.000126645	2.819e-10	2.22591e-06
7.28201	9.96746e-05	9.96748e-05	2.21715e-10	2.22439e-06
7.40801	7.85865e-05	7.85867e-05	1.71456e-10	2.18175e-06
7.53401	6.2069e-05	6.20692e-05	1.29822e-10	2.09157e-06
7.66001	4.91078e-05	4.91079e-05	9.59388e-11	1.95363e-06
7.78601	3.89191e-05	3.89192e-05	6.90485e-11	1.77415e-06
7.91201	3.08953e-05	3.08954e-05	4.83653e-11	1.56545e-06
8.03801	2.45652e-05	2.45653e-05	3.30357e-11	1.34481e-06
8.16401	1.95629e-05	1.95629e-05	2.21573e-11	1.13262e-06
8.29001	1.5603e-05	1.56031e-05	1.48237e-11	9.50052e-07
8.41601	1.24632e-05	1.24632e-05	1.01759e-11	8.16472e-07
8.54201	9.96957e-06	9.96958e-06	7.44727e-12	7.46999e-07
8.66801	7.98605e-06	7.98605e-06	5.99426e-12	7.50591e-07
8.79401	6.40586e-06	6.40586e-06	5.30924e-12	8.28809e-07
8.92001	5.14508e-06	5.14509e-06	5.0195e-12	9.7559e-07
9.04601	4.13773e-06	4.13773e-06	4.87391e-12	1.17792e-06
9.17201	3.33172e-06	3.33172e-06	4.72254e-12	1.41745e-06
9.29801	2.68594e-06	2.68594e-06	4.49233e-12	1.67253e-06
9.42401	2.16784e-06	2.16784e-06	4.16407e-12	1.92084e-06
9.55001	1.75166e-06	1.75166e-06	3.75118e-12	2.1415e-06
9.67601	1.41692e-06	1.41693e-06	3.28364e-12	2.31744e-06
9.80201	1.14737e-06	1.14737e-06	2.79551e-12	2.43645e-06
9.92801	9.30048e-07	9.3005e-07	2.31791e-12	2.49224e-06
10.054	7.54643e-07	7.54645e-07	1.87465e-12	2.48414e-06
10.18	6.12914e-07	6.12916e-07	1.48128e-12	2.41677e-06
10.306	4.9827e-07	4.98271e-07	1.14534e-12	2.29863e-06
10.432	4.05439e-07	4.0544e-07	8.68011e-13	2.14091e-06
10.558	3.30195e-07	3.30196e-07	6.45835e-13	1.95591e-06
10.684	2.69148e-07	2.69148e-07	4.72584e-13	1.75585e-06
10.81	2.1957e-07	2.1957e-07	3.40701e-13	1.55168e-06
10.936	1.79269e-07	1.7927e-07	2.4244e-13	1.35238e-06
11.062	1.46482e-07	1.46482e-07	1.70595e-13	1.16462e-06
11.188	1.19783e-07	1.19783e-07	1.18908e-13	9.92696e-07
11.314	9.80237e-08	9.80237e-08	8.22143e-14	8.38718e-07
11.44	8.0275e-08	8.02751e-08	5.64322e-14	7.02986e-07
11.566	6.5787e-08	6.5787e-08	3.8447e-14	5.84416e-07
11.692	5.39507e-08	5.39507e-08	2.59509e-14	4.81012e-07
11.818	4.42735e-08	4.42736e-08	1.72782e-14	3.9026e-07
11.944	3.63558e-08	3.63559e-08	1.12551e-14	3.0958e-07
12.07	2.98731e-08	2.98731e-08	7.0759e-15	2.36865e-07
12.196	2.45617e-08	2.45617e-08	4.20274e-15	1.71109e-07
12.322	2.02067e-08	2.02067e-08	2.28383e-15	1.13023e-07
12.448	1.66337e-08	1.66337e-08	1.08149e-15	6.50179e-08
12.574	1.37004e-08	1.37004e-08	4.07556e-16	2.97478e-08
