# r(fm)	Density(fm-3)	Target_density	Difference	Relative diff.
0.1	0.0689689	0.069426	0.000457099	0.00658397
0.226	0.0687726	0.0686322	-0.000140433	-0.00204617
0.352	0.068444	0.0684329	-1.10658e-05	-0.000161703
0.478	0.067991	0.0679901	-8.49777e-07	-1.24985e-05
0.604001	0.0674329	0.0674329	6.03442e-08	8.94878e-07
0.730001	0.0667928	0.066793	1.71672e-07	2.57022e-06
0.856001	0.0660976	0.0660978	2.24376e-07	3.3946e-06
0.982001	0.065376	0.0653763	2.82355e-07	4.31892e-06
1.108	0.0646567	0.064657	3.48813e-07	5.39481e-06
1.234	0.0639664	0.0639668	4.22698e-07	6.60808e-06
1.36	0.0633273	0.0633278	5.03406e-07	7.9492e-06
1.486	0.0627552	0.0627558	5.90821e-07	9.4146e-06
1.612	0.0622573	0.0622579	6.8507e-07	1.10037e-05
1.738	0.0618306	0.0618314	7.86291e-07	1.27167e-05
1.864	0.0614622	0.0614631	8.94424e-07	1.45522e-05
1.99	0.0611286	0.0611296	1.00899e-06	1.65058e-05
2.116	0.0607979	0.060799	1.12893e-06	1.85681e-05
2.242	0.0604307	0.060432	1.25236e-06	2.07234e-05
2.368	0.0599832	0.0599846	1.37655e-06	2.29483e-05
2.494	0.0594092	0.0594107	1.4978e-06	2.52109e-05
2.62	0.0586631	0.0586647	1.61157e-06	2.74708e-05
2.746	0.0577014	0.0577031	1.71255e-06	2.96787e-05
2.872	0.0564858	0.0564875	1.79504e-06	3.17776e-05
2.998	0.0549844	0.0549862	1.85324e-06	3.37038e-05
3.124	0.0531737	0.0531756	1.88183e-06	3.5389e-05
3.25	0.0510405	0.0510423	1.87649e-06	3.67634e-05
3.376	0.048583	0.0485848	1.8345e-06	3.77587e-05
3.502	0.0458126	0.0458144	1.75531e-06	3.83135e-05
3.628	0.0427553	0.0427569	1.64085e-06	3.83761e-05
3.754	0.0394519	0.0394534	1.49589e-06	3.79153e-05
3.88	0.0359581	0.0359594	1.32752e-06	3.69171e-05
4.006	0.0323434	0.0323446	1.14499e-06	3.53996e-05
4.132	0.0286877	0.0286886	9.58392e-07	3.34067e-05
4.258	0.0250763	0.0250771	7.77684e-07	3.10117e-05
4.384	0.0215947	0.0215953	6.11417e-07	2.83126e-05
4.51	0.0183207	0.0183212	4.65791e-07	2.54236e-05
4.636	0.0153183	0.0153186	3.44127e-07	2.24646e-05
4.762	0.0126322	0.0126324	2.46957e-07	1.95494e-05
4.888	0.0102858	0.010286	1.72551e-07	1.67753e-05
5.014	0.00828136	0.00828148	1.17723e-07	1.42152e-05
5.14001	0.00660353	0.00660361	7.86871e-08	1.19158e-05
5.26601	0.00522384	0.00522389	5.17049e-08	9.89778e-06
5.39201	0.00410643	0.00410646	3.35138e-08	8.16123e-06
5.51801	0.0032127	0.00321272	2.14958e-08	6.69082e-06
5.64401	0.00250498	0.00250499	1.36821e-08	5.46193e-06
5.77001	0.00194885	0.00194886	8.66358e-09	4.44546e-06
5.89601	0.00151432	0.00151433	5.46886e-09	3.61142e-06
6.02201	0.00117615	0.00117615	3.44761e-09	2.93126e-06
6.14801	0.000913656	0.000913658	2.17377e-09	2.3792e-06
6.27401	0.000710215	0.000710217	1.37267e-09	1.93275e-06
6.40001	0.000552636	0.000552637	8.69141e-10	1.57272e-06
6.52601	0.000430571	0.000430572	5.52425e-10	1.283e-06
6.65201	0.000335963	0.000335963	3.5286e-10	1.05029e-06
6.77801	0.000262567	0.000262567	2.2676e-10	8.63628e-07
6.90401	0.000205554	0.000205554	1.46766e-10	7.14004e-07
7.03001	0.000161202	0.000161202	9.57647e-11	5.94066e-07
7.15601	0.000126645	0.000126645	6.30467e-11	4.97822e-07
7.28201	9.96746e-05	9.96746e-05	4.19034e-11	4.20402e-07
7.40801	7.85865e-05	7.85866e-05	2.81233e-11	3.57864e-07
7.53401	6.2069e-05	6.20691e-05	1.90599e-11	3.07076e-07
7.66001	4.91078e-05	4.91078e-05	1.30419e-11	2.65576e-07
7.78601	3.89191e-05	3.89191e-05	9.00918e-12	2.31485e-07
7.91201	3.08953e-05	3.08953e-05	6.28398e-12	2.03396e-07
8.03801	2.45652e-05	2.45652e-05	4.42914e-12	1.80301e-07
8.16401	1.95629e-05	1.95629e-05	3.15943e-12	1.61501e-07
8.29001	1.5603e-05	1.5603e-05	2.28598e-12	1.46508e-07
8.41601	1.24632e-05	1.24632e-05	1.68204e-12	1.34961e-07
8.54201	9.96957e-06	9.96957e-06	1.26169e-12	1.26554e-07
8.66801	7.98605e-06	7.98605e-06	9.66141e-13	1.20979e-07
8.79401	6.40586e-06	6.40586e-06	7.55038e-13	1.17867e-07
8.92001	5.14508e-06	5.14509e-06	6.00808e-13	1.16773e-07
9.04601	4.13773e-06	4.13773e-06	4.84889e-13	1.17187e-07
9.17201	3.33172e-06	3.33172e-06	3.94953e-13	1.18543e-07
9.29801	2.68594e-06	2.68594e-06	3.23005e-13	1.20258e-07
9.42401	2.16784e-06	2.16784e-06	2.63966e-13	1.21765e-07
9.55001	1.75166e-06	1.75166e-06	2.14713e-13	1.22577e-07
9.67601	1.41692e-06	1.41692e-06	1.73297e-13	1.22305e-07
9.80201	1.14737e-06	1.14737e-06	1.3847e-13	1.20684e-07
9.92801	9.30048e-07	9.30048e-07	1.09356e-13	1.17581e-07
10.054	7.54643e-07	7.54643e-07	8.52767e-14	1.13003e-07
10.18	6.12914e-07	6.12914e-07	6.56223e-14	1.07066e-07
10.306	4.9827e-07	4.9827e-07	4.98151e-14	9.99761e-08
10.432	4.05439e-07	4.05439e-07	3.72994e-14	9.19976e-08
10.558	3.30195e-07	3.30195e-07	2.75479e-14	8.34291e-08
10.684	2.69148e-07	2.69148e-07	2.00703e-14	7.457e-08
10.81	2.1957e-07	2.1957e-07	1.44253e-14	6.56983e-08
10.936	1.79269e-07	1.79269e-07	1.02286e-14	5.70573e-08
11.062	1.46482e-07	1.46482e-07	7.15527e-15	4.88474e-08
11.188	1.19783e-07	1.19783e-07	4.93729e-15	4.12186e-08
11.314	9.80237e-08	9.80237e-08	3.3596e-15	3.42733e-08
11.44	8.0275e-08	8.0275e-08	2.2534e-15	2.8071e-08
11.566	6.5787e-08	6.5787e-08	1.48909e-15	2.2635e-08
11.692	5.39507e-08	5.39507e-08	9.68767e-16	1.79565e-08
11.818	4.42735e-08	4.42735e-08	6.19973e-16	1.40032e-08
11.944	3.63558e-08	3.63558e-08	3.89975e-16	1.07266e-08
12.07	2.98731e-08	2.98731e-08	2.41105e-16	8.07098e-09
12.196	2.45617e-08	2.45617e-08	1.46974e-16	5.98388e-09
12.322	2.02067e-08	2.02067e-08	8.93402e-17	4.42131e-09
12.448	1.66337e-08	1.66337e-08	5.51487e-17	3.31548e-09
12.574	1.37004e-08	1.37004e-08	3.25117e-17	2.37305e-09
