# r(fm)	Density(fm-3)	Target_density	Difference	Relative diff.
0.1	0.0780797	0.078614	0.000534317	0.00679672
0.222	0.0778517	0.0778685	1.68199e-05	0.000216004
0.344	0.0774682	0.0774706	2.34038e-06	3.021e-05
0.466	0.0769435	0.0769439	4.38848e-07	5.70348e-06
0.588	0.0762988	0.076299	1.41485e-07	1.85435e-06
0.710001	0.0755617	0.0755618	1.07183e-07	1.41848e-06
0.832001	0.0747636	0.0747637	1.25954e-07	1.68469e-06
0.954001	0.073938	0.0739382	1.58786e-07	2.14755e-06
1.076	0.0731182	0.0731184	1.97315e-07	2.69856e-06
1.198	0.0723349	0.0723351	2.39586e-07	3.31216e-06
1.32	0.0716132	0.0716134	2.85217e-07	3.98274e-06
1.442	0.0709703	0.0709706	3.34284e-07	4.71018e-06
1.564	0.0704131	0.0704135	3.86986e-07	5.49591e-06
1.686	0.0699367	0.0699372	4.43492e-07	6.34129e-06
1.808	0.0695241	0.0695246	5.03819e-07	7.24663e-06
1.93	0.0691462	0.0691468	5.67708e-07	8.21018e-06
2.052	0.0687644	0.0687651	6.34522e-07	9.22738e-06
2.174	0.0683318	0.0683325	7.03141e-07	1.029e-05
2.296	0.0677966	0.0677974	7.71917e-07	1.13857e-05
2.418	0.0671049	0.0671058	8.38649e-07	1.24974e-05
2.54	0.0662041	0.066205	9.00645e-07	1.36039e-05
2.662	0.0650445	0.0650455	9.54813e-07	1.46792e-05
2.784	0.0635832	0.0635842	9.97867e-07	1.56936e-05
2.906	0.061785	0.0617861	1.02654e-06	1.66145e-05
3.028	0.0596254	0.0596264	1.03793e-06	1.74071e-05
3.15	0.057092	0.0570931	1.02977e-06	1.80366e-05
3.272	0.0541867	0.0541877	1.00082e-06	1.84694e-05
3.394	0.0509271	0.0509281	9.5114e-07	1.86762e-05
3.516	0.0473481	0.047349	8.82283e-07	1.86336e-05
3.638	0.0435023	0.0435031	7.97344e-07	1.83284e-05
3.76	0.0394595	0.0394602	7.0076e-07	1.77587e-05
3.882	0.0353046	0.0353052	5.9796e-07	1.69369e-05
4.004	0.0311332	0.0311337	4.94718e-07	1.58901e-05
4.126	0.0270457	0.027046	3.96477e-07	1.46593e-05
4.248	0.0231392	0.0231395	3.07685e-07	1.32969e-05
4.37	0.0194998	0.0195	2.31304e-07	1.18617e-05
4.492	0.0161943	0.0161945	1.68638e-07	1.04133e-05
4.614	0.0132664	0.0132665	1.19482e-07	9.00628e-06
4.736	0.0107338	0.0107339	8.24925e-08	7.68522e-06
4.858	0.00859083	0.00859088	5.56836e-08	6.48171e-06
4.98	0.006813	0.00681303	3.68859e-08	5.41402e-06
5.102	0.00536308	0.00536311	2.40705e-08	4.48815e-06
5.224	0.00419749	0.0041975	1.55337e-08	3.7007e-06
5.346	0.00327131	0.00327132	9.95047e-09	3.04173e-06
5.468	0.00254208	0.00254209	6.34938e-09	2.4977e-06
5.59	0.00197188	0.00197188	4.04943e-09	2.05359e-06
5.71201	0.00152823	0.00152823	2.58954e-09	1.69447e-06
5.83401	0.00118422	0.00118422	1.66554e-09	1.40645e-06
5.95601	0.000918031	0.000918032	1.08064e-09	1.17713e-06
6.07801	0.000712292	0.000712292	7.09262e-10	9.95745e-07
6.20001	0.000553312	0.000553312	4.72043e-10	8.53121e-07
6.32201	0.000430422	0.000430422	3.19177e-10	7.41543e-07
6.44401	0.000335355	0.000335355	2.19516e-10	6.54577e-07
6.56601	0.000261729	0.000261729	1.53606e-10	5.86891e-07
6.68801	0.000204627	0.000204628	1.09285e-10	5.3407e-07
6.81001	0.000160272	0.000160272	7.89302e-11	4.92476e-07
6.93201	0.000125759	0.000125759	5.77407e-11	4.59137e-07
7.05401	9.88575e-05	9.88575e-05	4.26716e-11	4.31648e-07
7.17601	7.78504e-05	7.78504e-05	3.17703e-11	4.08094e-07
7.29801	6.1416e-05	6.1416e-05	2.37664e-11	3.86973e-07
7.42001	4.85352e-05	4.85352e-05	1.78201e-11	3.67159e-07
7.54201	3.84211e-05	3.84211e-05	1.33646e-11	3.47844e-07
7.66401	3.04652e-05	3.04653e-05	1.00082e-11	3.28511e-07
7.78601	2.4196e-05	2.4196e-05	7.47343e-12	3.08871e-07
7.90801	1.9247e-05	1.9247e-05	5.55899e-12	2.88823e-07
8.03001	1.53337e-05	1.53337e-05	4.11588e-12	2.6842e-07
8.15201	1.22342e-05	1.22342e-05	3.0319e-12	2.47822e-07
8.27401	9.77532e-06	9.77533e-06	2.22153e-12	2.27259e-07
8.39601	7.82156e-06	7.82156e-06	1.61898e-12	2.06989e-07
8.51801	6.26675e-06	6.26675e-06	1.17357e-12	1.8727e-07
8.64001	5.02761e-06	5.02761e-06	8.46325e-13	1.68336e-07
8.76201	4.03862e-06	4.03862e-06	6.07346e-13	1.50384e-07
8.88401	3.24819e-06	3.24819e-06	4.33843e-13	1.33564e-07
9.00601	2.61558e-06	2.61558e-06	3.0856e-13	1.1797e-07
9.12801	2.10862e-06	2.10862e-06	2.1856e-13	1.03651e-07
9.25001	1.70183e-06	1.70183e-06	1.54219e-13	9.06191e-08
9.37201	1.37502e-06	1.37502e-06	1.08438e-13	7.88629e-08
9.49401	1.11213e-06	1.11213e-06	7.60198e-14	6.83549e-08
9.61601	9.0043e-07	9.0043e-07	5.31854e-14	5.90667e-08
9.73801	7.29753e-07	7.29753e-07	3.72021e-14	5.09791e-08
9.86001	5.91996e-07	5.91996e-07	2.61009e-14	4.40896e-08
9.98201	4.80696e-07	4.80696e-07	1.84649e-14	3.84129e-08
10.104	3.90674e-07	3.90674e-07	1.32742e-14	3.39778e-08
10.226	3.17791e-07	3.17791e-07	9.79371e-15	3.08181e-08
10.348	2.58726e-07	2.58726e-07	7.49192e-15	2.8957e-08
10.47	2.10814e-07	2.10814e-07	5.98423e-15	2.83862e-08
10.592	1.71915e-07	1.71915e-07	4.99248e-15	2.90405e-08
10.714	1.40302e-07	1.40302e-07	4.31743e-15	3.07724e-08
10.836	1.1459e-07	1.1459e-07	3.81929e-15	3.333e-08
10.958	9.36597e-08	9.36597e-08	3.40402e-15	3.63446e-08
11.08	7.66082e-08	7.66082e-08	3.01298e-15	3.93298e-08
11.202	6.27049e-08	6.27049e-08	2.61498e-15	4.1703e-08
11.324	5.13599e-08	5.13599e-08	2.19973e-15	4.28298e-08
11.446	4.20956e-08	4.20956e-08	1.772e-15	4.20946e-08
11.568	3.45248e-08	3.45248e-08	1.34669e-15	3.90065e-08
11.69	2.83336e-08	2.83336e-08	9.44702e-16	3.33421e-08
11.812	2.3267e-08	2.3267e-08	5.89623e-16	2.53416e-08
11.934	1.91178e-08	1.91178e-08	3.04833e-16	1.5945e-08
12.056	1.57178e-08	1.57178e-08	1.0983e-16	6.98761e-09
12.178	1.29298e-08	1.29298e-08	1.49924e-17	1.15952e-09
