# r(fm)	Density(fm-3)	Target_density	Difference	Relative diff.
0.1	0.0780797	0.0781111	3.14428e-05	0.000402539
0.222	0.0778517	0.077848	-3.68816e-06	-4.73764e-05
0.344	0.0774682	0.077468	-2.30357e-07	-2.97357e-06
0.466	0.0769435	0.0769435	3.19193e-08	4.1484e-07
0.588	0.0762988	0.0762989	6.80467e-08	8.91844e-07
0.710001	0.0755617	0.0755618	9.42246e-08	1.24699e-06
0.832001	0.0747636	0.0747637	1.24917e-07	1.67083e-06
0.954001	0.073938	0.0739382	1.59982e-07	2.16372e-06
1.076	0.0731182	0.0731184	1.98821e-07	2.71917e-06
1.198	0.0723349	0.0723351	2.41172e-07	3.33409e-06
1.32	0.0716132	0.0716134	2.87004e-07	4.00769e-06
1.442	0.0709703	0.0709706	3.36432e-07	4.74044e-06
1.564	0.0704131	0.0704135	3.89625e-07	5.53339e-06
1.686	0.0699367	0.0699372	4.46716e-07	6.38739e-06
1.808	0.0695241	0.0695246	5.07688e-07	7.30228e-06
1.93	0.0691462	0.0691468	5.72259e-07	8.27599e-06
2.052	0.0687644	0.0687651	6.3977e-07	9.3037e-06
2.174	0.0683318	0.0683325	7.09086e-07	1.0377e-05
2.296	0.0677966	0.0677974	7.78545e-07	1.14834e-05
2.418	0.0671049	0.0671058	8.45928e-07	1.26059e-05
2.54	0.0662041	0.066205	9.08526e-07	1.37229e-05
2.662	0.0650445	0.0650455	9.63226e-07	1.48085e-05
2.784	0.0635832	0.0635842	1.00672e-06	1.58328e-05
2.906	0.061785	0.0617861	1.03571e-06	1.67628e-05
3.028	0.0596254	0.0596265	1.04725e-06	1.75635e-05
3.15	0.057092	0.0570931	1.03908e-06	1.81997e-05
3.272	0.0541867	0.0541877	1.00992e-06	1.86375e-05
3.394	0.0509271	0.0509281	9.59839e-07	1.8847e-05
3.516	0.0473481	0.047349	8.9039e-07	1.88048e-05
3.638	0.0435023	0.0435031	8.04693e-07	1.84974e-05
3.76	0.0394595	0.0394602	7.07229e-07	1.79226e-05
3.882	0.0353046	0.0353052	6.03475e-07	1.70931e-05
4.004	0.0311332	0.0311337	4.99262e-07	1.6036e-05
4.126	0.0270457	0.0270461	4.00085e-07	1.47927e-05
4.248	0.0231392	0.0231395	3.10438e-07	1.34159e-05
4.37	0.0194998	0.0195	2.33317e-07	1.1965e-05
4.492	0.0161943	0.0161945	1.70041e-07	1.04999e-05
4.614	0.0132664	0.0132665	1.20405e-07	9.07582e-06
4.736	0.0107338	0.0107339	8.30547e-08	7.73759e-06
4.858	0.00859083	0.00859088	5.59872e-08	6.51705e-06
4.98	0.006813	0.00681303	3.70122e-08	5.43256e-06
5.102	0.00536308	0.00536311	2.4081e-08	4.49012e-06
5.224	0.00419749	0.0041975	1.54729e-08	3.68621e-06
5.346	0.00327131	0.00327132	9.84928e-09	3.0108e-06
5.468	0.00254208	0.00254209	6.22856e-09	2.45017e-06
5.59	0.00197188	0.00197188	3.92247e-09	1.9892e-06
5.71201	0.00152823	0.00152823	2.46486e-09	1.61289e-06
5.83401	0.00118422	0.00118422	1.54815e-09	1.30732e-06
5.95601	0.000918031	0.000918032	9.7327e-10	1.06017e-06
6.07801	0.000712292	0.000712292	6.13147e-10	8.60809e-07
6.20001	0.000553312	0.000553312	3.87467e-10	7.00269e-07
6.32201	0.000430422	0.000430422	2.4582e-10	5.71113e-07
6.44401	0.000335355	0.000335355	1.56692e-10	4.67243e-07
6.56601	0.000261729	0.000261729	1.00422e-10	3.83688e-07
6.68801	0.000204627	0.000204627	6.47479e-11	3.16418e-07
6.81001	0.000160272	0.000160272	4.20205e-11	2.62182e-07
6.93201	0.000125759	0.000125759	2.74613e-11	2.18364e-07
7.05401	9.88575e-05	9.88575e-05	1.80775e-11	1.82864e-07
7.17601	7.78504e-05	7.78504e-05	1.19889e-11	1.54e-07
7.29801	6.1416e-05	6.1416e-05	8.01004e-12	1.30423e-07
7.42001	4.85352e-05	4.85352e-05	5.39027e-12	1.11059e-07
7.54201	3.84211e-05	3.84211e-05	3.65209e-12	9.50544e-08
7.66401	3.04652e-05	3.04652e-05	2.49e-12	8.17324e-08
7.78601	2.4196e-05	2.4196e-05	1.70723e-12	7.05586e-08
7.90801	1.9247e-05	1.9247e-05	1.17622e-12	6.1112e-08
8.03001	1.53337e-05	1.53337e-05	8.13664e-13	5.30637e-08
8.15201	1.22342e-05	1.22342e-05	5.64696e-13	4.61571e-08
8.27401	9.77532e-06	9.77532e-06	3.92896e-13	4.01926e-08
8.39601	7.82156e-06	7.82156e-06	2.73858e-13	3.50133e-08
8.51801	6.26675e-06	6.26675e-06	1.91109e-13	3.04957e-08
8.64001	5.02761e-06	5.02761e-06	1.33443e-13	2.6542e-08
8.76201	4.03862e-06	4.03862e-06	9.31845e-14	2.30733e-08
8.88401	3.24819e-06	3.24819e-06	6.50421e-14	2.00241e-08
9.00601	2.61558e-06	2.61558e-06	4.53512e-14	1.73389e-08
9.12801	2.10862e-06	2.10862e-06	3.15662e-14	1.49701e-08
9.25001	1.70183e-06	1.70183e-06	2.1914e-14	1.28767e-08
9.37201	1.37502e-06	1.37502e-06	1.51569e-14	1.1023e-08
9.49401	1.11213e-06	1.11213e-06	1.04295e-14	9.37788e-09
9.61601	9.0043e-07	9.0043e-07	7.12682e-15	7.91491e-09
9.73801	7.29753e-07	7.29753e-07	4.82549e-15	6.6125e-09
9.86001	5.91996e-07	5.91996e-07	3.22856e-15	5.45368e-09
9.98201	4.80696e-07	4.80696e-07	2.12752e-15	4.42593e-09
10.104	3.90674e-07	3.90674e-07	1.37546e-15	3.52072e-09
10.226	3.17791e-07	3.17791e-07	8.68548e-16	2.73308e-09
10.348	2.58726e-07	2.58726e-07	5.33093e-16	2.06045e-09
10.47	2.10814e-07	2.10814e-07	3.16529e-16	1.50146e-09
10.592	1.71915e-07	1.71915e-07	1.81243e-16	1.05426e-09
10.714	1.40302e-07	1.40302e-07	1.00326e-16	7.15071e-10
10.836	1.1459e-07	1.1459e-07	5.45878e-17	4.76374e-10
10.958	9.36597e-08	9.36597e-08	3.05357e-17	3.26029e-10
11.08	7.66082e-08	7.66082e-08	1.88951e-17	2.46646e-10
11.202	6.27049e-08	6.27049e-08	1.35641e-17	2.16316e-10
11.324	5.13599e-08	5.13599e-08	1.07994e-17	2.1027e-10
11.446	4.20956e-08	4.20956e-08	8.57038e-18	2.03593e-10
11.568	3.45248e-08	3.45248e-08	6.07094e-18	1.75843e-10
11.69	2.83336e-08	2.83336e-08	3.30363e-18	1.16597e-10
11.812	2.3267e-08	2.3267e-08	7.50081e-19	3.22379e-11
11.934	1.91178e-08	1.91178e-08	-9.15748e-19	-4.79003e-11
12.056	1.57178e-08	1.57178e-08	-1.12033e-18	-7.12782e-11
12.178	1.29298e-08	1.29298e-08	1.61198e-19	1.24671e-11
