# r(fm)	Density(fm-3)	Target_density	Difference	Relative diff.
0.1	0.0780797	0.0780525	-2.72004e-05	-0.000348488
0.222	0.0778517	0.0778514	-2.77037e-07	-3.55854e-06
0.344	0.0774682	0.0774683	7.97194e-08	1.02906e-06
0.466	0.0769435	0.0769435	5.18807e-08	6.74269e-07
0.588	0.0762988	0.0762989	8.07086e-08	1.05779e-06
0.710001	0.0755617	0.0755618	1.19061e-07	1.57568e-06
0.832001	0.0747636	0.0747638	1.62113e-07	2.16833e-06
0.954001	0.073938	0.0739382	2.09467e-07	2.833e-06
1.076	0.0731182	0.0731185	2.61057e-07	3.57033e-06
1.198	0.0723349	0.0723352	3.16898e-07	4.38097e-06
1.32	0.0716132	0.0716135	3.77115e-07	5.26597e-06
1.442	0.0709703	0.0709707	4.41937e-07	6.22703e-06
1.564	0.0704131	0.0704136	5.11634e-07	7.26612e-06
1.686	0.0699367	0.0699373	5.86409e-07	8.38478e-06
1.808	0.0695241	0.0695247	6.66266e-07	9.58315e-06
1.93	0.0691462	0.069147	7.50853e-07	1.08588e-05
2.052	0.0687644	0.0687653	8.39323e-07	1.22056e-05
2.174	0.0683318	0.0683327	9.30196e-07	1.36128e-05
2.296	0.0677966	0.0677976	1.02129e-06	1.50639e-05
2.418	0.0671049	0.067106	1.10971e-06	1.65366e-05
2.54	0.0662041	0.0662053	1.19187e-06	1.80026e-05
2.662	0.0650445	0.0650458	1.26369e-06	1.94276e-05
2.784	0.0635832	0.0635845	1.3208e-06	2.07724e-05
2.906	0.061785	0.0617864	1.35889e-06	2.19934e-05
3.028	0.0596254	0.0596268	1.37408e-06	2.30447e-05
3.15	0.057092	0.0570934	1.36339e-06	2.38799e-05
3.272	0.0541867	0.0541881	1.32515e-06	2.44547e-05
3.394	0.0509271	0.0509284	1.25945e-06	2.47298e-05
3.516	0.0473481	0.0473493	1.16833e-06	2.46747e-05
3.638	0.0435023	0.0435034	1.05588e-06	2.42712e-05
3.76	0.0394595	0.0394604	9.2799e-07	2.3517e-05
3.882	0.0353046	0.0353054	7.91843e-07	2.24284e-05
4.004	0.0311332	0.0311339	6.55092e-07	2.10411e-05
4.126	0.0270457	0.0270462	5.24948e-07	1.94093e-05
4.248	0.0231392	0.0231396	4.07309e-07	1.76022e-05
4.37	0.0194998	0.0195001	3.06106e-07	1.56977e-05
4.492	0.0161943	0.0161946	2.23071e-07	1.37744e-05
4.614	0.0132664	0.0132666	1.57935e-07	1.19047e-05
4.736	0.0107338	0.0107339	1.08923e-07	1.01475e-05
4.858	0.00859083	0.0085909	7.34045e-08	8.54444e-06
4.98	0.006813	0.00681304	4.85065e-08	7.11965e-06
5.102	0.00536308	0.00536312	3.15405e-08	5.881e-06
5.224	0.00419749	0.00419751	2.02482e-08	4.82387e-06
5.346	0.00327131	0.00327132	1.2873e-08	3.93509e-06
5.468	0.00254208	0.00254209	8.12634e-09	3.19671e-06
5.59	0.00197188	0.00197188	5.10502e-09	2.58891e-06
5.71201	0.00152823	0.00152823	3.1971e-09	2.09202e-06
5.83401	0.00118422	0.00118422	1.9988e-09	1.68786e-06
5.95601	0.000918031	0.000918032	1.24878e-09	1.36028e-06
6.07801	0.000712292	0.000712292	7.80247e-10	1.0954e-06
6.20001	0.000553312	0.000553312	4.87752e-10	8.81512e-07
6.32201	0.000430422	0.000430422	3.05133e-10	7.08915e-07
6.44401	0.000335355	0.000335355	1.91043e-10	5.69672e-07
6.56601	0.000261729	0.000261729	1.19695e-10	4.57324e-07
6.68801	0.000204627	0.000204628	7.5025e-11	3.66642e-07
6.81001	0.000160272	0.000160272	4.70262e-11	2.93415e-07
6.93201	0.000125759	0.000125759	2.94599e-11	2.34257e-07
7.05401	9.88575e-05	9.88575e-05	1.84319e-11	1.86449e-07
7.17601	7.78504e-05	7.78504e-05	1.15068e-11	1.47807e-07
7.29801	6.1416e-05	6.1416e-05	7.15957e-12	1.16575e-07
7.42001	4.85352e-05	4.85352e-05	4.43329e-12	9.13419e-08
7.54201	3.84211e-05	3.84211e-05	2.72677e-12	7.09708e-08
7.66401	3.04652e-05	3.04652e-05	1.6617e-12	5.45441e-08
7.78601	2.4196e-05	2.4196e-05	9.99783e-13	4.13202e-08
7.90801	1.9247e-05	1.9247e-05	5.90846e-13	3.06981e-08
8.03001	1.53337e-05	1.53337e-05	3.40259e-13	2.21902e-08
8.15201	1.22342e-05	1.22342e-05	1.8841e-13	1.54003e-08
8.27401	9.77532e-06	9.77532e-06	9.7806e-14	1.00054e-08
8.39601	7.82156e-06	7.82156e-06	4.49169e-14	5.7427e-09
8.51801	6.26675e-06	6.26675e-06	1.50264e-14	2.3978e-09
8.64001	5.02761e-06	5.02761e-06	-1.02361e-15	-2.03598e-10
8.76201	4.03862e-06	4.03862e-06	-8.89898e-15	-2.20347e-09
8.88401	3.24819e-06	3.24819e-06	-1.2073e-14	-3.71684e-09
9.00601	2.61558e-06	2.61558e-06	-1.26502e-14	-4.83649e-09
9.12801	2.10862e-06	2.10862e-06	-1.18861e-14	-5.6369e-09
9.25001	1.70183e-06	1.70183e-06	-1.0513e-14	-6.17744e-09
9.37201	1.37502e-06	1.37502e-06	-8.94471e-15	-6.50516e-09
9.49401	1.11213e-06	1.11213e-06	-7.40325e-15	-6.65679e-09
9.61601	9.0043e-07	9.0043e-07	-5.9977e-15	-6.66092e-09
9.73801	7.29753e-07	7.29753e-07	-4.77229e-15	-6.5396e-09
9.86001	5.91996e-07	5.91996e-07	-3.73553e-15	-6.31007e-09
9.98201	4.80696e-07	4.80696e-07	-2.87747e-15	-5.98605e-09
10.104	3.90674e-07	3.90674e-07	-2.17957e-15	-5.57899e-09
10.226	3.17791e-07	3.17791e-07	-1.62053e-15	-5.09935e-09
10.348	2.58726e-07	2.58726e-07	-1.17917e-15	-4.55761e-09
10.47	2.10814e-07	2.10814e-07	-8.35938e-16	-3.96528e-09
10.592	1.71915e-07	1.71915e-07	-5.73439e-16	-3.33561e-09
10.714	1.40302e-07	1.40302e-07	-3.76596e-16	-2.68418e-09
10.836	1.1459e-07	1.1459e-07	-2.32533e-16	-2.02926e-09
10.958	9.36597e-08	9.36597e-08	-1.30362e-16	-1.39187e-09
11.08	7.66082e-08	7.66082e-08	-6.09408e-17	-7.95487e-10
11.202	6.27049e-08	6.27049e-08	-1.66353e-17	-2.65295e-10
11.324	5.13599e-08	5.13599e-08	8.88068e-18	1.72911e-10
11.446	4.20956e-08	4.20956e-08	2.08168e-17	4.94511e-10
11.568	3.45248e-08	3.45248e-08	2.34393e-17	6.78911e-10
11.69	2.83336e-08	2.83336e-08	2.02399e-17	7.14341e-10
11.812	2.3267e-08	2.3267e-08	1.40952e-17	6.05801e-10
11.934	1.91178e-08	1.91178e-08	7.39288e-18	3.86701e-10
12.056	1.57178e-08	1.57178e-08	2.07713e-18	1.32152e-10
12.178	1.29298e-08	1.29298e-08	-3.87374e-19	-2.99598e-11
