# r(fm)	Density(fm-3)	Target_density	Difference	Relative diff.
0.1	0.0780797	0.0780764	-3.30682e-06	-4.23537e-05
0.222	0.0778517	0.0778464	-5.31317e-06	-6.8252e-05
0.344	0.0774682	0.0774678	-4.24488e-07	-5.47955e-06
0.466	0.0769435	0.0769435	2.69766e-09	3.50603e-08
0.588	0.0762988	0.0762989	6.3141e-08	8.27549e-07
0.710001	0.0755617	0.0755618	9.3596e-08	1.23867e-06
0.832001	0.0747636	0.0747637	1.25153e-07	1.67397e-06
0.954001	0.073938	0.0739382	1.60434e-07	2.16984e-06
1.076	0.0731182	0.0731184	1.99376e-07	2.72676e-06
1.198	0.0723349	0.0723351	2.41826e-07	3.34314e-06
1.32	0.0716132	0.0716134	2.87777e-07	4.01848e-06
1.442	0.0709703	0.0709706	3.37343e-07	4.75328e-06
1.564	0.0704131	0.0704135	3.90694e-07	5.54856e-06
1.686	0.0699367	0.0699372	4.47956e-07	6.40512e-06
1.808	0.0695241	0.0695246	5.09113e-07	7.32278e-06
1.93	0.0691462	0.0691468	5.73879e-07	8.29943e-06
2.052	0.0687644	0.0687651	6.41592e-07	9.33021e-06
2.174	0.0683318	0.0683325	7.11115e-07	1.04067e-05
2.296	0.0677966	0.0677974	7.80778e-07	1.15163e-05
2.418	0.0671049	0.0671058	8.48359e-07	1.26421e-05
2.54	0.0662041	0.066205	9.11141e-07	1.37624e-05
2.662	0.0650445	0.0650455	9.66001e-07	1.48512e-05
2.784	0.0635832	0.0635842	1.00962e-06	1.58785e-05
2.906	0.061785	0.0617861	1.0387e-06	1.68112e-05
3.028	0.0596254	0.0596265	1.05028e-06	1.76143e-05
3.15	0.057092	0.0570931	1.04209e-06	1.82524e-05
3.272	0.0541867	0.0541877	1.01285e-06	1.86915e-05
3.394	0.0509271	0.0509281	9.62625e-07	1.89017e-05
3.516	0.0473481	0.047349	8.92977e-07	1.88595e-05
3.638	0.0435023	0.0435031	8.07032e-07	1.85511e-05
3.76	0.0394595	0.0394602	7.09287e-07	1.79748e-05
3.882	0.0353046	0.0353052	6.0523e-07	1.71428e-05
4.004	0.0311332	0.0311337	5.00713e-07	1.60826e-05
4.126	0.0270457	0.0270461	4.01246e-07	1.48357e-05
4.248	0.0231392	0.0231395	3.11336e-07	1.34547e-05
4.37	0.0194998	0.0195	2.33988e-07	1.19994e-05
4.492	0.0161943	0.0161945	1.70526e-07	1.05299e-05
4.614	0.0132664	0.0132665	1.20744e-07	9.10137e-06
4.736	0.0107338	0.0107339	8.32837e-08	7.75893e-06
4.858	0.00859083	0.00859088	5.61368e-08	6.53446e-06
4.98	0.006813	0.00681303	3.71063e-08	5.44637e-06
5.102	0.00536308	0.00536311	2.41376e-08	4.50067e-06
5.224	0.00419749	0.0041975	1.55049e-08	3.69384e-06
5.346	0.00327131	0.00327132	9.86561e-09	3.01579e-06
5.468	0.00254208	0.00254209	6.23519e-09	2.45278e-06
5.59	0.00197188	0.00197188	3.92335e-09	1.98965e-06
5.71201	0.00152823	0.00152823	2.4625e-09	1.61134e-06
5.83401	0.00118422	0.00118422	1.54413e-09	1.30392e-06
5.95601	0.000918031	0.000918032	9.6855e-10	1.05503e-06
6.07801	0.000712292	0.000712292	6.08318e-10	8.54028e-07
6.20001	0.000553312	0.000553312	3.82859e-10	6.91941e-07
6.32201	0.000430422	0.000430422	2.41609e-10	5.61331e-07
6.44401	0.000335355	0.000335355	1.52958e-10	4.56109e-07
6.56601	0.000261729	0.000261729	9.71837e-11	3.71315e-07
6.68801	0.000204627	0.000204627	6.19893e-11	3.02937e-07
6.81001	0.000160272	0.000160272	3.9706e-11	2.47741e-07
6.93201	0.000125759	0.000125759	2.55453e-11	2.03129e-07
7.05401	9.88575e-05	9.88575e-05	1.65108e-11	1.67016e-07
7.17601	7.78504e-05	7.78504e-05	1.07225e-11	1.37732e-07
7.29801	6.1416e-05	6.1416e-05	6.99746e-12	1.13935e-07
7.42001	4.85352e-05	4.85352e-05	4.58916e-12	9.45533e-08
7.54201	3.84211e-05	3.84211e-05	3.02476e-12	7.87266e-08
7.66401	3.04652e-05	3.04652e-05	2.0036e-12	6.57669e-08
7.78601	2.4196e-05	2.4196e-05	1.33374e-12	5.51222e-08
7.90801	1.9247e-05	1.9247e-05	8.9209e-13	4.63495e-08
8.03001	1.53337e-05	1.53337e-05	5.99456e-13	3.9094e-08
8.15201	1.22342e-05	1.22342e-05	4.04596e-13	3.30709e-08
8.27401	9.77532e-06	9.77532e-06	2.74214e-13	2.80516e-08
8.39601	7.82156e-06	7.82156e-06	1.86557e-13	2.38517e-08
8.51801	6.26675e-06	6.26675e-06	1.27353e-13	2.0322e-08
8.64001	5.02761e-06	5.02761e-06	8.71917e-14	1.73426e-08
8.76201	4.03862e-06	4.03862e-06	5.98359e-14	1.48159e-08
8.88401	3.24819e-06	3.24819e-06	4.11293e-14	1.26622e-08
9.00601	2.61558e-06	2.61558e-06	2.829e-14	1.08159e-08
9.12801	2.10862e-06	2.10862e-06	1.94477e-14	9.22297e-09
9.25001	1.70183e-06	1.70183e-06	1.334e-14	7.83861e-09
9.37201	1.37502e-06	1.37502e-06	9.11e-15	6.62537e-09
9.49401	1.11213e-06	1.11213e-06	6.17431e-15	5.55176e-09
9.61601	9.0043e-07	9.0043e-07	4.13422e-15	4.59139e-09
9.73801	7.29753e-07	7.29753e-07	2.7164e-15	3.72236e-09
9.86001	5.91996e-07	5.91996e-07	1.73256e-15	2.92663e-09
9.98201	4.80696e-07	4.80696e-07	1.05263e-15	2.1898e-09
10.104	3.90674e-07	3.90674e-07	5.86345e-16	1.50085e-09
10.226	3.17791e-07	3.17791e-07	2.70843e-16	8.52266e-10
10.348	2.58726e-07	2.58726e-07	6.20735e-17	2.3992e-10
10.47	2.10814e-07	2.10814e-07	-7.10204e-17	-3.36886e-10
10.592	1.71915e-07	1.71915e-07	-1.50497e-16	-8.75415e-10
10.714	1.40302e-07	1.40302e-07	-1.92137e-16	-1.36945e-09
10.836	1.1459e-07	1.1459e-07	-2.07372e-16	-1.80968e-09
10.958	9.36597e-08	9.36597e-08	-2.04538e-16	-2.18385e-09
11.08	7.66082e-08	7.66082e-08	-1.89787e-16	-2.47737e-09
11.202	6.27049e-08	6.27049e-08	-1.67675e-16	-2.67404e-09
11.324	5.13599e-08	5.13599e-08	-1.41611e-16	-2.75722e-09
11.446	4.20956e-08	4.20956e-08	-1.14155e-16	-2.7118e-09
11.568	3.45248e-08	3.45248e-08	-8.72213e-17	-2.52634e-09
11.69	2.83336e-08	2.83336e-08	-6.22451e-17	-2.19686e-09
11.812	2.3267e-08	2.3267e-08	-4.03217e-17	-1.733e-09
11.934	1.91178e-08	1.91178e-08	-2.23191e-17	-1.16745e-09
12.056	1.57178e-08	1.57178e-08	-8.94885e-18	-5.69347e-10
12.178	1.29298e-08	1.29298e-08	-9.00169e-19	-6.96197e-11
