# r(fm)	Density(fm-3)	Target_density	Difference	Relative diff.
0.1	0.0780797	0.0803862	0.00230649	0.0286927
0.222	0.0778517	0.0779374	8.57432e-05	0.00110015
0.344	0.0774682	0.0774792	1.10148e-05	0.000142164
0.466	0.0769435	0.0769453	1.81275e-06	2.35589e-05
0.588	0.0762988	0.0762992	3.89944e-07	5.11072e-06
0.710001	0.0755617	0.0755618	1.52356e-07	2.0163e-06
0.832001	0.0747636	0.0747637	1.31544e-07	1.75946e-06
0.954001	0.073938	0.0739382	1.5739e-07	2.12867e-06
1.076	0.0731182	0.0731184	1.95435e-07	2.67286e-06
1.198	0.0723349	0.0723351	2.38075e-07	3.29128e-06
1.32	0.0716132	0.0716134	2.83753e-07	3.96229e-06
1.442	0.0709703	0.0709706	3.3241e-07	4.68377e-06
1.564	0.0704131	0.0704135	3.8434e-07	5.45833e-06
1.686	0.0699367	0.0699372	4.39835e-07	6.289e-06
1.808	0.0695241	0.0695246	4.99012e-07	7.1775e-06
1.93	0.0691462	0.0691468	5.61691e-07	8.12316e-06
2.052	0.0687644	0.0687651	6.27284e-07	9.12214e-06
2.174	0.0683318	0.0683325	6.94708e-07	1.01666e-05
2.296	0.0677966	0.0677974	7.62337e-07	1.12443e-05
2.418	0.0671049	0.0671058	8.27986e-07	1.23385e-05
2.54	0.0662041	0.066205	8.88983e-07	1.34277e-05
2.662	0.0650445	0.0650455	9.42259e-07	1.44862e-05
2.784	0.0635832	0.0635842	9.84562e-07	1.54844e-05
2.906	0.061785	0.061786	1.01267e-06	1.63899e-05
3.028	0.0596254	0.0596264	1.0237e-06	1.71685e-05
3.15	0.057092	0.057093	1.01546e-06	1.77861e-05
3.272	0.0541867	0.0541877	9.86728e-07	1.82094e-05
3.394	0.0509271	0.050928	9.3761e-07	1.84105e-05
3.516	0.0473481	0.047349	8.6961e-07	1.8366e-05
3.638	0.0435023	0.0435031	7.85821e-07	1.80636e-05
3.76	0.0394595	0.0394601	6.90601e-07	1.75012e-05
3.882	0.0353046	0.0353052	5.89307e-07	1.66918e-05
4.004	0.0311332	0.0311337	4.87622e-07	1.56622e-05
4.126	0.0270457	0.027046	3.90897e-07	1.4453e-05
4.248	0.0231392	0.0231395	3.03502e-07	1.31162e-05
4.37	0.0194998	0.0195	2.28341e-07	1.17098e-05
4.492	0.0161943	0.0161945	1.66686e-07	1.02928e-05
4.614	0.0132664	0.0132665	1.18327e-07	8.91919e-06
4.736	0.0107338	0.0107339	8.19335e-08	7.63314e-06
4.858	0.00859083	0.00859088	5.55485e-08	6.46598e-06
4.98	0.006813	0.00681303	3.70351e-08	5.43592e-06
5.102	0.00536308	0.00536311	2.43974e-08	4.54911e-06
5.224	0.00419749	0.0041975	1.59604e-08	3.80236e-06
5.346	0.00327131	0.00327132	1.04225e-08	3.18603e-06
5.468	0.00254208	0.00254209	6.83012e-09	2.68681e-06
5.59	0.00197188	0.00197188	4.51531e-09	2.28985e-06
5.71201	0.00152823	0.00152823	3.02623e-09	1.98022e-06
5.83401	0.00118422	0.00118422	2.0651e-09	1.74385e-06
5.95601	0.000918031	0.000918032	1.43944e-09	1.56796e-06
6.07801	0.000712292	0.000712293	1.02657e-09	1.44121e-06
6.20001	0.000553312	0.000553313	7.48963e-10	1.3536e-06
6.32201	0.000430422	0.000430422	5.58005e-10	1.29641e-06
6.44401	0.000335355	0.000335355	4.23239e-10	1.26206e-06
6.56601	0.000261729	0.000261729	3.25587e-10	1.24398e-06
6.68801	0.000204627	0.000204628	2.53015e-10	1.23647e-06
6.81001	0.000160272	0.000160272	1.9787e-10	1.23459e-06
6.93201	0.000125759	0.000125759	1.55212e-10	1.2342e-06
7.05401	9.88575e-05	9.88576e-05	1.21781e-10	1.23189e-06
7.17601	7.78504e-05	7.78505e-05	9.53639e-11	1.22496e-06
7.29801	6.1416e-05	6.14161e-05	7.44002e-11	1.21141e-06
7.42001	4.85352e-05	4.85352e-05	5.77533e-11	1.18992e-06
7.54201	3.84211e-05	3.84211e-05	4.4562e-11	1.15983e-06
7.66401	3.04652e-05	3.04653e-05	3.41547e-11	1.1211e-06
7.78601	2.4196e-05	2.4196e-05	2.59921e-11	1.07423e-06
7.90801	1.9247e-05	1.9247e-05	1.96347e-11	1.02014e-06
8.03001	1.53337e-05	1.53337e-05	1.47217e-11	9.60084e-07
8.15201	1.22342e-05	1.22342e-05	1.09564e-11	8.95558e-07
8.27401	9.77532e-06	9.77533e-06	8.09562e-12	8.28168e-07
8.39601	7.82156e-06	7.82157e-06	5.9404e-12	7.5949e-07
8.51801	6.26675e-06	6.26675e-06	4.33036e-12	6.91006e-07
8.64001	5.02761e-06	5.02761e-06	3.13727e-12	6.24009e-07
8.76201	4.03862e-06	4.03863e-06	2.25996e-12	5.59587e-07
8.88401	3.24819e-06	3.24819e-06	1.61945e-12	4.9857e-07
9.00601	2.61558e-06	2.61558e-06	1.15487e-12	4.41535e-07
9.12801	2.10862e-06	2.10862e-06	8.19926e-13	3.88844e-07
9.25001	1.70183e-06	1.70183e-06	5.79783e-13	3.40681e-07
9.37201	1.37502e-06	1.37502e-06	4.08532e-13	2.9711e-07
9.49401	1.11213e-06	1.11213e-06	2.8706e-13	2.58117e-07
9.61601	9.0043e-07	9.0043e-07	2.01396e-13	2.23666e-07
9.73801	7.29753e-07	7.29753e-07	1.41388e-13	1.93747e-07
9.86001	5.91996e-07	5.91996e-07	9.96939e-14	1.68403e-07
9.98201	4.80696e-07	4.80696e-07	7.10152e-14	1.47734e-07
10.104	3.90674e-07	3.90674e-07	5.15254e-14	1.31888e-07
10.226	3.17791e-07	3.17791e-07	3.846e-14	1.21023e-07
10.348	2.58726e-07	2.58726e-07	2.98162e-14	1.15242e-07
10.47	2.10814e-07	2.10814e-07	2.41419e-14	1.14517e-07
10.592	1.71915e-07	1.71915e-07	2.03855e-14	1.18579e-07
10.714	1.40302e-07	1.40302e-07	1.77936e-14	1.26824e-07
10.836	1.1459e-07	1.1459e-07	1.58386e-14	1.38219e-07
10.958	9.36597e-08	9.36597e-08	1.41669e-14	1.5126e-07
11.08	7.66082e-08	7.66082e-08	1.25609e-14	1.63963e-07
11.202	6.27049e-08	6.27049e-08	1.09081e-14	1.73959e-07
11.324	5.13599e-08	5.13599e-08	9.17629e-15	1.78666e-07
11.446	4.20956e-08	4.20956e-08	7.39143e-15	1.75587e-07
11.568	3.45248e-08	3.45248e-08	5.61814e-15	1.62727e-07
11.69	2.83336e-08	2.83337e-08	3.94369e-15	1.39187e-07
11.812	2.3267e-08	2.3267e-08	2.46532e-15	1.05957e-07
11.934	1.91178e-08	1.91178e-08	1.27867e-15	6.68836e-08
12.056	1.57178e-08	1.57178e-08	4.63345e-16	2.94791e-08
12.178	1.29298e-08	1.29298e-08	6.239e-17	4.82529e-09
