# 1s 1/2
0.10	8.9945979876E-02
0.20	1.7938328289E-01
0.30	2.6700824486E-01
0.40	3.5208321520E-01
0.50	4.3364684123E-01
0.60	5.1064016831E-01
0.70	5.8192826062E-01
0.80	6.4633148842E-01
0.90	7.0267283699E-01
1.00	7.4984156680E-01
1.10	7.8686754647E-01
1.20	8.1299998942E-01
1.30	8.2777129229E-01
1.40	8.3104740208E-01
1.50	8.2304944004E-01
1.60	8.0434579658E-01
1.70	7.7581347800E-01
1.80	7.3857954632E-01
1.90	6.9394756623E-01
2.00	6.4332265186E-01
2.10	5.8813947552E-01
2.20	5.2980544336E-01
2.30	4.6965636394E-01
2.40	4.0892676279E-01
2.50	3.4873269225E-01
2.60	2.9006759670E-01
2.70	2.3380334831E-01
2.80	1.8069203733E-01
2.90	1.3136886923E-01
3.00	8.6354168010E-02
3.10	4.6048327725E-02
3.20	1.0726291171E-02
3.30	-1.9471821431E-02
3.40	-4.4548766091E-02
3.50	-6.4652894069E-02
3.60	-8.0072423473E-02
3.70	-9.1216929108E-02
3.80	-9.8586400705E-02
3.90	-1.0273476542E-01
4.00	-1.0422811922E-01
4.10	-1.0360964963E-01
4.20	-1.0137283300E-01
4.30	-9.7946441564E-02
4.40	-9.3689011829E-02
4.50	-8.8890421649E-02
4.60	-8.3778868725E-02
4.70	-7.8530040749E-02
4.80	-7.3275234229E-02
4.90	-6.8111266115E-02
5.00	-6.3106435939E-02
5.10	-5.8307456772E-02
5.20	-5.3744977216E-02
5.30	-4.9436841075E-02
5.40	-4.5391668088E-02
5.50	-4.1610764370E-02
5.60	-3.8090651356E-02
5.70	-3.4823881934E-02
5.80	-3.1801117860E-02
5.90	-2.9010874192E-02
6.00	-2.6440762672E-02
6.10	-2.4077703000E-02
6.20	-2.1908687732E-02
6.30	-1.9920711992E-02
6.40	-1.8101003793E-02
6.50	-1.6437138654E-02
6.60	-1.4917406889E-02
6.70	-1.3530604697E-02
6.80	-1.2266170770E-02
6.90	-1.1114124561E-02
7.00	-1.0065133362E-02
7.10	-9.1104600285E-03
7.20	-8.2420761626E-03
7.30	-7.4524833816E-03
7.40	-6.7347498433E-03
7.50	-6.0824415499E-03
7.60	-5.4896528589E-03
7.70	-4.9509740237E-03
7.80	-4.4614167680E-03
7.90	-4.0163733618E-03
8.00	-3.6116404378E-03
8.10	-3.2433017748E-03
8.20	-2.9078092443E-03
8.30	-2.6018427667E-03
8.40	-2.3223624445E-03
8.50	-2.0665117635E-03
8.60	-1.8316006131E-03
8.70	-1.6150854907E-03
8.80	-1.4144937071E-03
8.90	-1.2273955681E-03
9.00	-1.0513388722E-03
9.10	-8.8382007877E-04
9.20	-7.2226923353E-04
9.30	-5.6433201175E-04
9.40	-4.1074864128E-04
# 1p 3/2
0.10	3.0890578210E-03
0.20	1.2340155720E-02
0.30	2.7638240896E-02
0.40	4.8818576713E-02
0.50	7.5621889095E-02
0.60	1.0768549106E-01
0.70	1.4452898366E-01
0.80	1.8554488274E-01
0.90	2.2999420426E-01
1.00	2.7701677258E-01
1.10	3.2564996168E-01
1.20	3.7486215365E-01
1.30	4.2359752086E-01
1.40	4.7082388501E-01
1.50	5.1558275037E-01
1.60	5.5702980667E-01
1.70	5.9446540777E-01
1.80	6.2734947743E-01
1.90	6.5529537436E-01
2.00	6.7806352224E-01
2.10	6.9553385235E-01
2.20	7.0767853508E-01
2.30	7.1453730268E-01
2.40	7.1619461317E-01
2.50	7.1276034972E-01
2.60	7.0436324352E-01
2.70	6.9115483549E-01
2.80	6.7331410584E-01
2.90	6.5106456228E-01
3.00	6.2469666519E-01
3.10	5.9458640535E-01
3.20	5.6121493508E-01
3.30	5.2517680359E-01
3.40	4.8717818883E-01
3.50	4.4800799090E-01
3.60	4.0850193018E-01
3.70	3.6948564652E-01
3.80	3.3170768988E-01
3.90	2.9579940165E-01
4.00	2.6223298266E-01
4.10	2.3131530696E-01
4.20	2.0319562687E-01
4.30	1.7789060776E-01
4.40	1.5531655517E-01
4.50	1.3531934927E-01
4.60	1.1770255191E-01
4.70	1.0225077083E-01
4.80	8.8743269262E-02
4.90	7.6966479171E-02
5.00	6.6718423532E-02
5.10	5.7813558271E-02
5.20	5.0084533215E-02
5.30	4.3381563068E-02
5.40	3.7571898601E-02
5.50	3.2538448889E-02
5.60	2.8178880959E-02
5.70	2.4403608371E-02
5.80	2.1134894980E-02
5.90	1.8304928817E-02
6.00	1.5854904039E-02
6.10	1.3733736093E-02
6.20	1.1897309428E-02
6.30	1.0307355581E-02
6.40	8.9307420136E-03
6.50	7.7387391647E-03
6.60	6.7065755406E-03
6.70	5.8127821553E-03
6.80	5.0388058800E-03
6.90	4.3685963133E-03
7.00	3.7882508868E-03
7.10	3.2857360126E-03
7.20	2.8506850380E-03
7.30	2.4741011300E-03
7.40	2.1482167761E-03
7.50	1.8662998310E-03
7.60	1.6225445568E-03
7.70	1.4119366706E-03
7.80	1.2301467184E-03
7.90	1.0734355752E-03
8.00	9.3858300308E-04
8.10	8.2280736315E-04
8.20	7.2373037972E-04
8.30	6.3929703177E-04
8.40	5.6775649643E-04
8.50	5.0760486000E-04
8.60	4.5755435653E-04
8.70	4.1650280055E-04
8.80	3.8349331383E-04
8.90	3.5767806685E-04
9.00	3.3827195346E-04
9.10	3.2448911429E-04
9.20	3.1545481530E-04
9.30	3.1008479177E-04
9.40	3.0691299594E-04
# 1p 1/2
0.10	3.0939570814E-03
0.20	1.2332782092E-02
0.30	2.7632010639E-02
0.40	4.8813758670E-02
0.50	7.5618037521E-02
0.60	1.0768237306E-01
0.70	1.4452652133E-01
0.80	1.8554280116E-01
0.90	2.2999269703E-01
1.00	2.7701544060E-01
1.10	3.2564874091E-01
1.20	3.7486142013E-01
1.30	4.2359712091E-01
1.40	4.7082307650E-01
1.50	5.1558215195E-01
1.60	5.5703000966E-01
1.70	5.9446616325E-01
1.80	6.2734986130E-01
1.90	6.5529627814E-01
2.00	6.7806483531E-01
2.10	6.9553563510E-01
2.20	7.0768078667E-01
2.30	7.1454036117E-01
2.40	7.1619740600E-01
2.50	7.1276319145E-01
2.60	7.0436613008E-01
2.70	6.9115782363E-01
2.80	6.7331822062E-01
2.90	6.5106954436E-01
3.00	6.2470294894E-01
3.10	5.9459296511E-01
3.20	5.6122178572E-01
3.30	5.2518414750E-01
3.40	4.8718497174E-01
3.50	4.4801519301E-01
3.60	4.0850908415E-01
3.70	3.6949218830E-01
3.80	3.3171433760E-01
3.90	2.9580607849E-01
4.00	2.6223942496E-01
4.10	2.3132111263E-01
4.20	2.0320036588E-01
4.30	1.7789452743E-01
4.40	1.5531964857E-01
4.50	1.3532192288E-01
4.60	1.1770488625E-01
4.70	1.0225301903E-01
4.80	8.8745435126E-02
4.90	7.6968453217E-02
5.00	6.6720048364E-02
5.10	5.7815008046E-02
5.20	5.0085789408E-02
5.30	4.3382542178E-02
5.40	3.7572650986E-02
5.50	3.2538970831E-02
5.60	2.8179179032E-02
5.70	2.4403681882E-02
5.80	2.1134747887E-02
5.90	1.8304534395E-02
6.00	1.5854235275E-02
6.10	1.3732793981E-02
6.20	1.1896071925E-02
6.30	1.0305789661E-02
6.40	8.9288031478E-03
6.50	7.7363789845E-03
6.60	6.7037399662E-03
6.70	5.8094180044E-03
6.80	5.0348456226E-03
6.90	4.3639634636E-03
7.00	3.7828484943E-03
7.10	3.2794517875E-03
7.20	2.8433840693E-03
7.30	2.4656342593E-03
7.40	2.1384118505E-03
7.50	1.8549577882E-03
7.60	1.6094330548E-03
7.70	1.3967891205E-03
7.80	1.2126533174E-03
7.90	1.0532387153E-03
8.00	9.1527125983E-04
8.10	7.9590758833E-04
8.20	6.9269522341E-04
8.30	6.0349975697E-04
8.40	5.2647565946E-04
8.50	4.6001364128E-04
8.60	4.0270614761E-04
8.70	3.5332006416E-04
8.80	3.1075760627E-04
8.90	2.7402741485E-04
9.00	2.4221062730E-04
9.10	2.1442512592E-04
9.20	1.8978563712E-04
9.30	1.6736022070E-04
9.40	1.4615715368E-04
# 1d 5/2
0.10	1.3169190115E-04
0.20	1.0498819517E-03
0.30	3.5217774755E-03
0.40	8.2780311246E-03
0.50	1.5989600564E-02
0.60	2.7244655840E-02
0.70	4.2523136866E-02
0.80	6.2171069179E-02
0.90	8.6377198814E-02
1.00	1.1515441608E-01
1.10	1.4832967542E-01
1.20	1.8554518826E-01
1.30	2.2627237293E-01
1.40	2.6983744776E-01
1.50	3.1545836832E-01
1.60	3.6228394919E-01
1.70	4.0943310499E-01
1.80	4.5603268400E-01
1.90	5.0124553006E-01
2.00	5.4428612185E-01
2.10	5.8442839495E-01
2.20	6.2101076186E-01
2.30	6.5342485418E-01
2.40	6.8111796721E-01
2.50	7.0358736920E-01
2.60	7.2038285796E-01
2.70	7.3111527791E-01
2.80	7.3547460762E-01
2.90	7.3325478364E-01
3.00	7.2438354337E-01
3.10	7.0895908266E-01
3.20	6.8728014532E-01
3.30	6.5986689243E-01
3.40	6.2746739027E-01
3.50	5.9102766572E-01
3.60	5.5164362169E-01
3.70	5.1048719666E-01
3.80	4.6870618993E-01
3.90	4.2735051519E-01
4.00	3.8729675830E-01
4.10	3.4921690893E-01
4.20	3.1357094545E-01
4.30	2.8062549650E-01
4.40	2.5048674517E-01
4.50	2.2313950421E-01
4.60	1.9848119534E-01
4.70	1.7635680508E-01
4.80	1.5657898927E-01
4.90	1.3894864619E-01
5.00	1.2326404574E-01
5.10	1.0933091141E-01
5.20	9.6966858099E-02
5.30	8.6003018937E-02
5.40	7.6285500095E-02
5.50	6.7674558801E-02
5.60	6.0045344372E-02
5.70	5.3285847896E-02
5.80	4.7296860463E-02
5.90	4.1989912544E-02
6.00	3.7286566993E-02
6.10	3.3117368742E-02
6.20	2.9421090059E-02
6.30	2.6143427560E-02
6.40	2.3236440661E-02
6.50	2.0657586434E-02
6.60	1.8369454119E-02
6.70	1.6338922340E-02
6.80	1.4536751640E-02
6.90	1.2937073264E-02
7.00	1.1516984484E-02
7.10	1.0256209936E-02
7.20	9.1369115163E-03
7.30	8.1432620871E-03
7.40	7.2612922759E-03
7.50	6.4785821833E-03
7.60	5.7841720097E-03
7.70	5.1683957107E-03
7.80	4.6226876148E-03
7.90	4.1394497987E-03
8.00	3.7119940747E-03
8.10	3.3343614691E-03
8.20	3.0013267021E-03
8.30	2.7082042982E-03
8.40	2.4508841267E-03
8.50	2.2256612374E-03
8.60	2.0292071901E-03
8.70	1.8584811473E-03
8.80	1.7106329113E-03
8.90	1.5828826559E-03
9.00	1.4723850651E-03
9.10	1.3760216934E-03
9.20	1.2901197485E-03
9.30	1.2100429624E-03
9.40	1.1291267625E-03
# 2s 1/2
0.10	4.3789224178E-02
0.20	8.5750202204E-02
0.30	1.2566425025E-01
0.40	1.6200239358E-01
0.50	1.9355260474E-01
0.60	2.1916400887E-01
0.70	2.3775526014E-01
0.80	2.4835348526E-01
0.90	2.5014388329E-01
1.00	2.4252217412E-01
1.10	2.2514554140E-01
1.20	1.9797320280E-01
1.30	1.6128701451E-01
1.40	1.1569469804E-01
1.50	6.2105794195E-02
1.60	1.6867298605E-03
1.70	-6.4198157263E-02
1.80	-1.3405340010E-01
1.90	-2.0631858215E-01
2.00	-2.7942576003E-01
2.10	-3.5184456200E-01
2.20	-4.2211561594E-01
2.30	-4.8887023759E-01
2.40	-5.5084220074E-01
2.50	-6.0687611364E-01
2.60	-6.5593225771E-01
2.70	-6.9710323429E-01
2.80	-7.2963081852E-01
2.90	-7.5293162775E-01
3.00	-7.6663883804E-01
3.10	-7.7062742418E-01
3.20	-7.6507292630E-01
3.30	-7.5046758870E-01
3.40	-7.2763308313E-01
3.50	-6.9769226422E-01
3.60	-6.6201171250E-01
3.70	-6.2210490539E-01
3.80	-5.7950921965E-01
3.90	-5.3568218737E-01
4.00	-4.9189626634E-01
4.10	-4.4918434416E-01
4.20	-4.0831671418E-01
4.30	-3.6981701021E-01
4.40	-3.3399185958E-01
4.50	-3.0097512440E-01
4.60	-2.7077346311E-01
4.70	-2.4330683926E-01
4.80	-2.1843546524E-01
4.90	-1.9598929699E-01
5.00	-1.7577989309E-01
5.10	-1.5761639535E-01
5.20	-1.4131314557E-01
5.30	-1.2669251661E-01
5.40	-1.1358914161E-01
5.50	-1.0184940265E-01
5.60	-9.1333853415E-02
5.70	-8.1915313519E-02
5.80	-7.3479609682E-02
5.90	-6.5923345009E-02
6.00	-5.9153994424E-02
6.10	-5.3088151881E-02
6.20	-4.7651855707E-02
6.30	-4.2778805404E-02
6.40	-3.8409462347E-02
6.50	-3.4490572783E-02
6.60	-3.0974835640E-02
6.70	-2.7819882090E-02
6.80	-2.4987958607E-02
6.90	-2.2445139611E-02
7.00	-2.0161201888E-02
7.10	-1.8108946515E-02
7.20	-1.6264263227E-02
7.30	-1.4605430740E-02
7.40	-1.3113080360E-02
7.50	-1.1769683401E-02
7.60	-1.0559614635E-02
7.70	-9.4688616851E-03
7.80	-8.4848055064E-03
7.90	-7.5960611652E-03
8.00	-6.7923710355E-03
8.10	-6.0643921832E-03
8.20	-5.4037497989E-03
8.30	-4.8027263725E-03
8.40	-4.2542761269E-03
8.50	-3.7518537279E-03
8.60	-3.2893195664E-03
8.70	-2.8608904199E-03
8.80	-2.4609794516E-03
8.90	-2.0841041783E-03
9.00	-1.7248235332E-03
9.10	-1.3776819661E-03
9.20	-1.0372779033E-03
9.30	-6.9858600716E-04
9.40	-3.5876516862E-04
# 1d 3/2
0.10	1.3173621994E-04
0.20	1.0498629132E-03
0.30	3.5218844544E-03
0.40	8.2783552503E-03
0.50	1.5990283140E-02
0.60	2.7245871960E-02
0.70	4.2525144243E-02
0.80	6.2174169036E-02
0.90	8.6381478641E-02
1.00	1.1516000025E-01
1.10	1.4833678273E-01
1.20	1.8555398274E-01
1.30	2.2628277637E-01
1.40	2.6984978231E-01
1.50	3.1547291947E-01
1.60	3.6229980799E-01
1.70	4.0944973073E-01
1.80	4.5604981916E-01
1.90	5.0126232292E-01
2.00	5.4430222803E-01
2.10	5.8444485791E-01
2.20	6.2102462421E-01
2.30	6.5343588232E-01
2.40	6.8112592111E-01
2.50	7.0359213602E-01
2.60	7.2038464986E-01
2.70	7.3111437413E-01
2.80	7.3547247318E-01
2.90	7.3325082126E-01
3.00	7.2437890522E-01
3.10	7.0895369678E-01
3.20	6.8727500930E-01
3.30	6.5986177611E-01
3.40	6.2746231129E-01
3.50	5.9102299496E-01
3.60	5.5164047794E-01
3.70	5.1048530789E-01
3.80	4.6870498730E-01
3.90	4.2734989882E-01
4.00	3.8729667588E-01
4.10	3.4921737112E-01
4.20	3.1357188813E-01
4.30	2.8062643094E-01
4.40	2.5048828358E-01
4.50	2.2314134744E-01
4.60	1.9848306918E-01
4.70	1.7635841054E-01
4.80	1.5658005117E-01
4.90	1.3894945354E-01
5.00	1.2326462569E-01
5.10	1.0933127720E-01
5.20	9.6966851752E-02
5.30	8.6002731130E-02
5.40	7.6284811051E-02
5.50	6.7673444559E-02
5.60	6.0043820501E-02
5.70	5.3283861404E-02
5.80	4.7294368048E-02
5.90	4.1986898579E-02
6.00	3.7283076909E-02
6.10	3.3113340705E-02
6.20	2.9416402713E-02
6.30	2.6138001048E-02
6.40	2.3230158408E-02
6.50	2.0650364721E-02
6.60	1.8361230546E-02
6.70	1.6329598354E-02
6.80	1.4526179199E-02
6.90	1.2925110376E-02
7.00	1.1503449516E-02
7.10	1.0240915635E-02
7.20	9.1196486881E-03
7.30	8.1238013311E-03
7.40	7.2393487135E-03
7.50	6.4538609469E-03
7.60	5.7563310722E-03
7.70	5.1370525082E-03
7.80	4.5874050617E-03
7.90	4.0997521890E-03
8.00	3.6673416866E-03
8.10	3.2841531764E-03
8.20	2.9448937730E-03
8.30	2.6448011021E-03
8.40	2.3796712986E-03
8.50	2.1457082960E-03
8.60	1.9394782997E-03
8.70	1.7578444089E-03
8.80	1.5978531661E-03
8.90	1.4566435469E-03
9.00	1.3313170956E-03
9.10	1.2187801141E-03
9.20	1.1155298201E-03
9.30	1.0174308612E-03
9.40	9.1968390631E-04
