1.000000000000000056e-01 -2.044702283802091927e+02
2.000000000000000111e-01 -2.040009114299605528e+02
3.000000000000000444e-01 -2.033810182526827930e+02
4.000000000000000222e-01 -2.023197386946951326e+02
5.000000000000001110e-01 -2.010406795266929691e+02
6.000000000000000888e-01 -1.995983985389369479e+02
7.000000000000000666e-01 -1.980558221509594148e+02
8.000000000000001554e-01 -1.964368686252157090e+02
9.000000000000001332e-01 -1.948457040360046051e+02
1.000000000000000222e+00 -1.932641209580769157e+02
1.100000000000000311e+00 -1.917843120399028294e+02
1.200000000000000400e+00 -1.904019709574135959e+02
1.300000000000000266e+00 -1.891749490972289323e+02
1.400000000000000355e+00 -1.880860800921488192e+02
1.500000000000000444e+00 -1.871580147909717482e+02
1.600000000000000311e+00 -1.863498851679889015e+02
1.700000000000000400e+00 -1.857267769244054705e+02
1.800000000000000488e+00 -1.851925698445021737e+02
1.900000000000000355e+00 -1.848144947518101446e+02
2.000000000000000444e+00 -1.844998628377236116e+02
2.100000000000000533e+00 -1.842610248713696421e+02
2.200000000000000622e+00 -1.840218158157639152e+02
2.300000000000000711e+00 -1.837175998303202675e+02
2.400000000000000355e+00 -1.833800460409569837e+02
2.500000000000000444e+00 -1.828602442251905416e+02
2.600000000000000533e+00 -1.821152992321754027e+02
2.700000000000000622e+00 -1.810774026339010163e+02
2.800000000000000711e+00 -1.797245766576893686e+02
2.900000000000000799e+00 -1.779187840657771176e+02
3.000000000000000444e+00 -1.757914363482350097e+02
3.100000000000000533e+00 -1.732203384387376559e+02
3.200000000000000622e+00 -1.703640486427670169e+02
3.300000000000000711e+00 -1.672633720179556747e+02
3.400000000000000799e+00 -1.641264528834762189e+02
3.500000000000000888e+00 -1.609578541723535920e+02
3.600000000000000977e+00 -1.579485248422259644e+02
3.700000000000000622e+00 -1.552016247024687061e+02
3.800000000000000711e+00 -1.527114804541108128e+02
3.900000000000000799e+00 -1.505086162499003137e+02
4.000000000000000888e+00 -1.486790630279405434e+02
4.100000000000000533e+00 -1.471314994584390092e+02
4.200000000000000178e+00 -1.458652456980308898e+02
4.300000000000000711e+00 -1.447892577127348659e+02
4.400000000000000355e+00 -1.439543129207455365e+02
4.500000000000000888e+00 -1.433060788959782030e+02
4.600000000000000533e+00 -1.427603274918421903e+02
4.700000000000000178e+00 -1.423465321601933340e+02
4.800000000000000711e+00 -1.420585752010093188e+02
4.900000000000000355e+00 -1.418226411278744479e+02
5.000000000000000888e+00 -1.416292112089953719e+02
5.100000000000000533e+00 -1.414750982997980486e+02
5.200000000000001066e+00 -1.413976929901286894e+02
5.300000000000000711e+00 -1.413065684848876629e+02
5.400000000000000355e+00 -1.412811125788000197e+02
5.500000000000000888e+00 -1.412470829678809991e+02
5.600000000000000533e+00 -1.412624309188758218e+02
5.700000000000001066e+00 -1.412586114325076494e+02
5.800000000000000711e+00 -1.412834602991262898e+02
5.900000000000000355e+00 -1.412856263392242226e+02
6.000000000000000888e+00 -1.413320364215358609e+02
6.100000000000000533e+00 -1.413543121584773417e+02
6.200000000000001066e+00 -1.413990092956239835e+02
6.300000000000000711e+00 -1.414336333571820319e+02
6.400000000000001243e+00 -1.414788935886907950e+02
6.500000000000000888e+00 -1.415111611567565433e+02
6.600000000000000533e+00 -1.415460385769675327e+02
6.700000000000001066e+00 -1.415885868178259841e+02
6.800000000000000711e+00 -1.416634281406865625e+02
6.900000000000001243e+00 -1.417032858370624240e+02
7.000000000000000888e+00 -1.417414424990062400e+02
7.100000000000001421e+00 -1.417799662100053695e+02
7.200000000000001066e+00 -1.418566682004313577e+02
7.300000000000000711e+00 -1.418567498897515122e+02
7.400000000000001243e+00 -1.419395821343606201e+02
7.500000000000000888e+00 -1.419583511430299438e+02
7.600000000000001421e+00 -1.420148328607511417e+02
7.700000000000001066e+00 -1.420355999386334247e+02
7.800000000000000711e+00 -1.421146056626921848e+02
7.900000000000001243e+00 -1.421420134934928683e+02
8.000000000000001776e+00 -1.421984539609615013e+02
8.100000000000001421e+00 -1.422203919999543018e+02
8.200000000000001066e+00 -1.422724565450182013e+02
8.300000000000000711e+00 -1.423248913204173505e+02
8.400000000000002132e+00 -1.423778853876100925e+02
8.500000000000001776e+00 -1.424221664319370007e+02
8.600000000000001421e+00 -1.424681906361777806e+02
8.700000000000001066e+00 -1.425257836409860204e+02
8.800000000000000711e+00 -1.425794838014589345e+02
8.900000000000002132e+00 -1.426202017190931599e+02
9.000000000000001776e+00 -1.426773052104194619e+02
9.100000000000001421e+00 -1.427360110012484711e+02
9.200000000000001066e+00 -1.428107342084520610e+02
9.300000000000000711e+00 -1.429231844293618963e+02
9.400000000000002132e+00 -1.429674002933218446e+02
9.500000000000001776e+00 1.420509602052028129e+02
9.600000000000001421e+00 -1.383051546135131957e+02
9.700000000000001066e+00 1.545585944474137614e+04
