1.000000000000000056e-01 -1.257972939817182692e+02
2.000000000000000111e-01 -1.253839476569715856e+02
3.000000000000000444e-01 -1.252567206194718068e+02
4.000000000000000222e-01 -1.250891744192468593e+02
5.000000000000000000e-01 -1.248744129918928252e+02
5.999999999999999778e-01 -1.246118115022591013e+02
7.000000000000000666e-01 -1.243171548184891151e+02
8.000000000000000444e-01 -1.239919975820039895e+02
9.000000000000000222e-01 -1.236395807837763670e+02
1.000000000000000000e+00 -1.232667770227200208e+02
1.100000000000000089e+00 -1.228809070599258604e+02
1.200000000000000178e+00 -1.224848391851238318e+02
1.300000000000000266e+00 -1.220851497987099066e+02
1.400000000000000133e+00 -1.216874259160847060e+02
1.500000000000000222e+00 -1.212935953757427257e+02
1.600000000000000089e+00 -1.209104536829545395e+02
1.700000000000000178e+00 -1.205404074203071048e+02
1.800000000000000266e+00 -1.201851269630102337e+02
1.900000000000000133e+00 -1.198498658518136892e+02
2.000000000000000000e+00 -1.195341938084774256e+02
2.100000000000000089e+00 -1.192403728942574048e+02
2.200000000000000178e+00 -1.189705381913409354e+02
2.300000000000000266e+00 -1.187232113154797446e+02
2.400000000000000355e+00 -1.185001677770947026e+02
2.500000000000000444e+00 -1.183016968167498817e+02
2.600000000000000089e+00 -1.181246154925112108e+02
2.700000000000000178e+00 -1.179704584883497347e+02
2.800000000000000266e+00 -1.178379762834892261e+02
2.900000000000000355e+00 -1.177224368200468518e+02
3.000000000000000444e+00 -1.176259180254359222e+02
3.100000000000000089e+00 -1.175436534814298994e+02
3.200000000000000178e+00 -1.174711902721665950e+02
3.300000000000000266e+00 -1.174095359894925821e+02
3.400000000000000355e+00 -1.173507738943143295e+02
3.500000000000000444e+00 -1.172915526661997632e+02
3.600000000000000089e+00 -1.172303390213846654e+02
3.700000000000000178e+00 -1.171555830038676476e+02
3.800000000000000266e+00 -1.170667831678413364e+02
3.900000000000000355e+00 -1.169563766386107346e+02
4.000000000000000000e+00 -1.168153726852692103e+02
4.099999999999999645e+00 -1.166411414286781394e+02
4.200000000000000178e+00 -1.164230823960437675e+02
4.299999999999999822e+00 -1.161587115529919032e+02
4.399999999999999467e+00 -1.158391776665374238e+02
4.500000000000000000e+00 -1.154599543357461897e+02
4.599999999999999645e+00 -1.150259452984410018e+02
4.700000000000000178e+00 -1.145190939882720187e+02
4.799999999999999822e+00 -1.139597026768607719e+02
4.900000000000000355e+00 -1.133428057382115952e+02
5.000000000000000000e+00 -1.126610701830057621e+02
5.099999999999999645e+00 -1.119545904004325934e+02
5.200000000000000178e+00 -1.112007027462112774e+02
5.299999999999999822e+00 -1.104218292637802250e+02
5.400000000000000355e+00 -1.096492992100945543e+02
5.500000000000000000e+00 -1.088583154832951294e+02
5.599999999999999645e+00 -1.080932982918187548e+02
5.700000000000000178e+00 -1.073508418551803345e+02
5.799999999999999822e+00 -1.066341783587169232e+02
5.900000000000000355e+00 -1.059670226780303324e+02
6.000000000000000000e+00 -1.053338277965982854e+02
6.099999999999999645e+00 -1.047609909113190270e+02
6.200000000000000178e+00 -1.042261340763952404e+02
6.299999999999999822e+00 -1.037416935954415749e+02
6.400000000000000355e+00 -1.033224568428463357e+02
6.500000000000000000e+00 -1.029188350099544920e+02
6.599999999999999645e+00 -1.025838163954689861e+02
6.700000000000000178e+00 -1.022889834172863601e+02
6.799999999999999822e+00 -1.020013070175194372e+02
6.900000000000000355e+00 -1.017898483956419824e+02
7.000000000000000000e+00 -1.015810307834493784e+02
7.099999999999999645e+00 -1.013896827243867449e+02
7.200000000000000178e+00 -1.012665700433319955e+02
7.299999999999999822e+00 -1.011145866590103850e+02
7.400000000000000355e+00 -1.009994866967513474e+02
7.500000000000000000e+00 -1.009307819426194044e+02
7.599999999999999645e+00 -1.008183078640248169e+02
7.700000000000000178e+00 -1.007620206406709258e+02
7.799999999999999822e+00 -1.007187666468530409e+02
7.900000000000000355e+00 -1.006397865220483396e+02
8.000000000000000000e+00 -1.006239461957462282e+02
8.099999999999999645e+00 -1.005888760562238105e+02
8.199999999999999289e+00 -1.005403391992409894e+02
8.300000000000000711e+00 -1.005487931435331461e+02
8.400000000000000355e+00 -1.005143658140911498e+02
8.500000000000000000e+00 -1.004927882663560439e+02
8.599999999999999645e+00 -1.005120671708899778e+02
8.699999999999999289e+00 -1.004776427876696943e+02
8.800000000000000711e+00 -1.004794691840529310e+02
8.900000000000000355e+00 -1.004975479241637544e+02
9.000000000000000000e+00 -1.004676337429486921e+02
9.099999999999999645e+00 -1.004873560142132476e+02
9.199999999999999289e+00 -1.004963248922529715e+02
9.300000000000000711e+00 -1.004766588088458690e+02
9.400000000000000355e+00 -1.005075624452281318e+02
9.500000000000000000e+00 -1.005048476357823972e+02
9.599999999999999645e+00 -1.004985558550251881e+02
9.700000000000001066e+00 -1.005332339497408043e+02
9.800000000000000711e+00 -1.005211299194780281e+02
9.900000000000000355e+00 -1.005291884177014339e+02
1.000000000000000000e+01 -1.005603792843876221e+02
1.009999999999999964e+01 -1.005442419278648316e+02
1.020000000000000107e+01 -1.005650844556648735e+02
1.030000000000000071e+01 -1.005868218615818250e+02
1.040000000000000036e+01 -1.005732649573241844e+02
1.050000000000000000e+01 -1.006033523102961169e+02
1.059999999999999964e+01 -1.006128327842095302e+02
1.070000000000000107e+01 -1.006071192623563206e+02
1.080000000000000071e+01 -1.006416563561554369e+02
1.090000000000000036e+01 -1.006395554156112553e+02
1.100000000000000000e+01 -1.006443547856769527e+02
1.109999999999999964e+01 -1.006777650030300180e+02
1.120000000000000107e+01 -1.006680198199869665e+02
1.130000000000000071e+01 -1.006839835052009420e+02
1.140000000000000036e+01 -1.007109371398466493e+02
1.150000000000000000e+01 -1.006997197169644949e+02
1.159999999999999964e+01 -1.007246049637527108e+02
1.170000000000000107e+01 -1.007410709709545529e+02
1.180000000000000071e+01 -1.007341303106854724e+02
1.190000000000000036e+01 -1.007650054470803695e+02
1.200000000000000000e+01 -1.007699412344484244e+02
1.209999999999999964e+01 -1.007714028989634016e+02
1.220000000000000107e+01 -1.008039012285959046e+02
1.230000000000000071e+01 -1.008004612892315635e+02
1.240000000000000036e+01 -1.008118244009043565e+02
1.250000000000000000e+01 -1.008417334750678549e+02
1.259999999999999964e+01 -1.008346046059727144e+02
1.270000000000000107e+01 -1.008563191019860881e+02
1.280000000000000071e+01 -1.008796520117182922e+02
1.290000000000000036e+01 -1.008759763164251808e+02
1.300000000000000000e+01 -1.009071155546344016e+02
1.309999999999999964e+01 -1.009239934165494361e+02
1.320000000000000107e+01 -1.009299465048877806e+02
1.330000000000000071e+01 -1.009700458765489799e+02
1.340000000000000036e+01 -1.009843510944145919e+02
1.350000000000000000e+01 -1.010075376575476866e+02
1.359999999999999964e+01 -1.010584935244789051e+02
1.370000000000000107e+01 -1.010806159372217792e+02
1.380000000000000071e+01 -1.011310529584160633e+02
1.390000000000000036e+01 -1.012015978624363015e+02
1.400000000000000000e+01 -1.012693408229211514e+02
1.409999999999999964e+01 2.057989791440141687e+02
1.420000000000000107e+01 -1.116742658126161558e+02
1.430000000000000071e+01 1.536390909642351835e+04
