1.000000000000000056e-01 -1.949391796621524975e+01
2.000000000000000111e-01 -1.907230659873907896e+01
3.000000000000000444e-01 -1.889747181797743991e+01
4.000000000000000222e-01 -1.858411294614669629e+01
5.000000000000001110e-01 -1.817932275485609850e+01
6.000000000000000888e-01 -1.770755021925607053e+01
7.000000000000000666e-01 -1.718068063398362355e+01
8.000000000000001554e-01 -1.660290860491038600e+01
9.000000000000001332e-01 -1.599774176709154716e+01
1.000000000000000222e+00 -1.536590577641524646e+01
1.100000000000000311e+00 -1.471208565005452407e+01
1.200000000000000400e+00 -1.407051679828646407e+01
1.300000000000000266e+00 -1.343823110345752347e+01
1.400000000000000355e+00 -1.283386263873298638e+01
1.500000000000000444e+00 -1.225649357838893749e+01
1.600000000000000311e+00 -1.169288051091586134e+01
1.700000000000000400e+00 -1.118984327399071610e+01
1.800000000000000488e+00 -1.069530461894180817e+01
1.900000000000000355e+00 -1.027832612700641057e+01
2.000000000000000444e+00 -9.902136215866258695e+00
2.100000000000000533e+00 -9.559528317996425884e+00
2.200000000000000622e+00 -9.265945236149866204e+00
2.300000000000000711e+00 -9.013630369559518130e+00
2.400000000000000355e+00 -8.794263050625755085e+00
2.500000000000000444e+00 -8.629342330999270061e+00
2.600000000000000533e+00 -8.465787987938121262e+00
2.700000000000000622e+00 -8.345239066155507146e+00
2.800000000000000711e+00 -8.262786392189013895e+00
2.900000000000000799e+00 -8.150631883446097348e+00
3.000000000000000444e+00 -8.061208413147870289e+00
3.100000000000000533e+00 -7.937232958367756552e+00
3.200000000000000622e+00 -7.834381749933319483e+00
3.300000000000000711e+00 -7.649248545530432430e+00
3.400000000000000799e+00 -7.453744181515460809e+00
3.500000000000000888e+00 -7.171337959374252335e+00
3.600000000000000977e+00 -6.805504879192486811e+00
3.700000000000000622e+00 -6.362007644020202690e+00
3.800000000000000711e+00 -5.812975904568924435e+00
3.900000000000000799e+00 -5.136298986606854022e+00
4.000000000000000888e+00 -4.365655065449945305e+00
4.100000000000000533e+00 -3.451359474742182964e+00
4.200000000000000178e+00 -2.453397922494789274e+00
4.300000000000000711e+00 -1.330518305237837318e+00
4.400000000000000355e+00 -1.800899836011725652e-01
4.500000000000000888e+00 1.071820000144770191e+00
4.600000000000000533e+00 2.327980315642770304e+00
4.700000000000000178e+00 3.586564524820748279e+00
4.800000000000000711e+00 4.823623367125117412e+00
4.900000000000000355e+00 6.011767156950939217e+00
5.000000000000000888e+00 7.116392416030108414e+00
5.100000000000000533e+00 8.137876238168294307e+00
5.200000000000001066e+00 9.090315965193205727e+00
5.300000000000000711e+00 9.944817654723768996e+00
5.400000000000000355e+00 1.069707309140819618e+01
5.500000000000000888e+00 1.138413385555597301e+01
5.600000000000000533e+00 1.194454600622421303e+01
5.700000000000001066e+00 1.248217399853998977e+01
5.800000000000000711e+00 1.290684855534916942e+01
5.900000000000000355e+00 1.327647769253745302e+01
6.000000000000000888e+00 1.354872064327122416e+01
6.100000000000000533e+00 1.387457682447528740e+01
6.200000000000001066e+00 1.408153832922483595e+01
6.300000000000000711e+00 1.425371614864035408e+01
6.400000000000001243e+00 1.440776895857129603e+01
6.500000000000000888e+00 1.456333743378900536e+01
6.600000000000000533e+00 1.466425240134818964e+01
6.700000000000001066e+00 1.473524855405996625e+01
6.800000000000000711e+00 1.479709989204070908e+01
6.900000000000001243e+00 1.487333733640481626e+01
7.000000000000000888e+00 1.493072529089864808e+01
7.100000000000001421e+00 1.494281148788645375e+01
7.200000000000001066e+00 1.496777074183166789e+01
7.300000000000000711e+00 1.500349106929566112e+01
7.400000000000001243e+00 1.501836555399207462e+01
7.500000000000000888e+00 1.500684575140908272e+01
7.600000000000001421e+00 1.498941360917339516e+01
7.700000000000001066e+00 1.502340936929329729e+01
7.800000000000000711e+00 1.501396564177604098e+01
7.900000000000001243e+00 1.501080287254487367e+01
8.000000000000001776e+00 1.498357460147628117e+01
8.100000000000001421e+00 1.499975047090374858e+01
8.200000000000001066e+00 1.497345303070339284e+01
8.300000000000000711e+00 1.497119470283957909e+01
8.400000000000002132e+00 1.493352123475351156e+01
8.500000000000001776e+00 1.494764202771786010e+01
8.600000000000001421e+00 1.490991971285607853e+01
8.700000000000001066e+00 1.489353761895692152e+01
8.800000000000000711e+00 1.487831899224266152e+01
8.900000000000002132e+00 1.485918807225643334e+01
9.000000000000001776e+00 1.486322519511523943e+01
9.100000000000001421e+00 1.483561664761596077e+01
9.200000000000001066e+00 1.479467360173284618e+01
9.300000000000000711e+00 1.478703015034336943e+01
9.400000000000002132e+00 1.478378563228988263e+01
9.500000000000001776e+00 1.475655706041551873e+01
9.600000000000001421e+00 1.473225072502397026e+01
9.700000000000001066e+00 1.472300512838860875e+01
9.800000000000000711e+00 1.473104149656144557e+01
9.900000000000002132e+00 1.467398971387054551e+01
1.000000000000000178e+01 1.464847117000867627e+01
1.010000000000000142e+01 1.465255407239038554e+01
1.020000000000000107e+01 1.462833358517471360e+01
1.030000000000000249e+01 1.459478274760082606e+01
1.040000000000000213e+01 1.456325307168684802e+01
1.050000000000000178e+01 1.456669472456527714e+01
1.060000000000000142e+01 1.454817273067670413e+01
1.070000000000000107e+01 1.451698526698083924e+01
1.080000000000000249e+01 1.448860262408303434e+01
1.090000000000000213e+01 1.446772411230749711e+01
1.100000000000000178e+01 1.445660738233712905e+01
1.110000000000000142e+01 1.440490562789215723e+01
1.120000000000000107e+01 1.436525986445068703e+01
1.130000000000000249e+01 1.432659144583354482e+01
1.140000000000000213e+01 1.427818497492616778e+01
1.150000000000000178e+01 1.422619366581608880e+01
1.160000000000000142e+01 1.413740354204893990e+01
1.170000000000000107e+01 1.406131006764093172e+01
1.180000000000000249e+01 1.393202947804810243e+01
1.190000000000000213e+01 1.378236353045712903e+01
1.200000000000000178e+01 1.358136270803634993e+01
1.210000000000000142e+01 1.333978147531279568e+01
1.220000000000000284e+01 1.301609700338026521e+01
1.230000000000000249e+01 1.261619984397047745e+01
1.240000000000000213e+01 1.208681145998125395e+01
1.250000000000000178e+01 1.142111098123257307e+01
1.260000000000000142e+01 1.053242839017066323e+01
1.270000000000000284e+01 9.369596301002410144e+00
1.280000000000000249e+01 7.875237671654875982e+00
1.290000000000000213e+01 5.927637584834625883e+00
1.300000000000000178e+01 3.385617756242188303e+00
1.310000000000000142e+01 6.543920321444074428e-02
1.320000000000000284e+01 -4.261556228161205162e+00
1.330000000000000249e+01 -9.889105351742111694e+00
1.340000000000000213e+01 -1.721965639506000656e+01
1.350000000000000178e+01 -2.680173675641891151e+01
1.360000000000000142e+01 -3.928974992176385683e+01
1.370000000000000284e+01 -5.553068833948056948e+01
1.380000000000000249e+01 -7.672267246764697290e+01
1.390000000000000213e+01 -1.043881811872736165e+02
1.400000000000000178e+01 -1.418385973441042722e+02
1.410000000000000142e+01 -1.894311016268496530e+02
