# 1s 1/2
0.10	8.5377170459E-02
0.20	1.6913935447E-01
0.30	2.4979768121E-01
0.40	3.2601915175E-01
0.50	3.9671198453E-01
0.60	4.6104924730E-01
0.70	5.1848825133E-01
0.80	5.6872893182E-01
0.90	6.1172243308E-01
1.00	6.4756205265E-01
1.10	6.7648391759E-01
1.20	6.9882326034E-01
1.30	7.1485490980E-01
1.40	7.2500030757E-01
1.50	7.2953015957E-01
1.60	7.2880594618E-01
1.70	7.2309758678E-01
1.80	7.1258549487E-01
1.90	6.9748530475E-01
2.00	6.7805167969E-01
2.10	6.5452318193E-01
2.20	6.2717001791E-01
2.30	5.9634248692E-01
2.40	5.6249113466E-01
2.50	5.2619512345E-01
2.60	4.8812135375E-01
2.70	4.4902026625E-01
2.80	4.0968935532E-01
2.90	3.7091135118E-01
3.00	3.3338342869E-01
3.10	2.9773923412E-01
3.20	2.6440339232E-01
3.30	2.3367064110E-01
3.40	2.0569862430E-01
3.50	1.8048092271E-01
3.60	1.5793812462E-01
3.70	1.3792154205E-01
3.80	1.2024788853E-01
3.90	1.0471006814E-01
4.00	9.1093507703E-02
4.10	7.9193227300E-02
4.20	6.8814350686E-02
4.30	5.9773390752E-02
4.40	5.1907978944E-02
4.50	4.5066753670E-02
4.60	3.9124348290E-02
4.70	3.3963947352E-02
4.80	2.9482763574E-02
4.90	2.5594571205E-02
5.00	2.2218397111E-02
5.10	1.9289839125E-02
5.20	1.6749560198E-02
5.30	1.4544669145E-02
5.40	1.2631958216E-02
5.50	1.0972182923E-02
5.60	9.5311104949E-03
5.70	8.2799856760E-03
5.80	7.1937292366E-03
5.90	6.2508055402E-03
6.00	5.4320882462E-03
6.10	4.7210947080E-03
6.20	4.1036127265E-03
6.30	3.5673232184E-03
6.40	3.1014979354E-03
6.50	2.6967626104E-03
6.60	2.3451006666E-03
6.70	2.0395250985E-03
6.80	1.7738714257E-03
6.90	1.5429747721E-03
7.00	1.3422175872E-03
7.10	1.1676249536E-03
7.20	1.0157547529E-03
7.30	8.8361004769E-04
7.40	7.6860267739E-04
7.50	6.6858471144E-04
7.60	5.8152824359E-04
7.70	5.0570400929E-04
7.80	4.3961775630E-04
7.90	3.8201585217E-04
8.00	3.3176399105E-04
8.10	2.8789249664E-04
8.20	2.4953762603E-04
8.30	2.1597815160E-04
8.40	1.8655071927E-04
8.50	1.6069760114E-04
8.60	1.3791839506E-04
8.70	1.1775660573E-04
8.80	9.9837089863E-05
8.90	8.3818746475E-05
9.00	6.9383518535E-05
9.10	5.6265216834E-05
9.20	4.4212973166E-05
9.30	3.3001070906E-05
9.40	2.2415612139E-05
9.50	1.2275149153E-05
9.60	2.6208961614E-06
9.70	-3.7132661828E-06
9.80	2.1714185374E-05
# 1p 3/2
0.10	4.4355606062E-03
0.20	1.7590800597E-02
0.30	3.9029091317E-02
0.40	6.8084472141E-02
0.50	1.0387679209E-01
0.60	1.4538936632E-01
0.70	1.9150847556E-01
0.80	2.4110238407E-01
0.90	2.9301836976E-01
1.00	3.4617512759E-01
1.10	3.9950828742E-01
1.20	4.5201258622E-01
1.30	5.0278518693E-01
1.40	5.5090295620E-01
1.50	5.9557120085E-01
1.60	6.3597208516E-01
1.70	6.7134369191E-01
1.80	7.0102139356E-01
1.90	7.2437190095E-01
2.00	7.4083588668E-01
2.10	7.4999068224E-01
2.20	7.5155510631E-01
2.30	7.4548341735E-01
2.40	7.3194278053E-01
2.50	7.1133718847E-01
2.60	6.8440288335E-01
2.70	6.5207718990E-01
2.80	6.1549136045E-01
2.90	5.7591343802E-01
3.00	5.3461964702E-01
3.10	4.9280824083E-01
3.20	4.5152811584E-01
3.30	4.1160016193E-01
3.40	3.7361954620E-01
3.50	3.3801005756E-01
3.60	3.0498330812E-01
3.70	2.7463144301E-01
3.80	2.4692453256E-01
3.90	2.2176437827E-01
4.00	1.9900343763E-01
4.10	1.7848005424E-01
4.20	1.6001608320E-01
4.30	1.4343387804E-01
4.40	1.2855881389E-01
4.50	1.1522783776E-01
4.60	1.0328661892E-01
4.70	9.2591122505E-02
4.80	8.3014381423E-02
4.90	7.4441920880E-02
5.00	6.6768371936E-02
5.10	5.9896622820E-02
5.20	5.3742989962E-02
5.30	4.8233993438E-02
5.40	4.3299018777E-02
5.50	3.8877676106E-02
5.60	3.4915927036E-02
5.70	3.1365613247E-02
5.80	2.8183122682E-02
5.90	2.5328220563E-02
6.00	2.2767519143E-02
6.10	2.0469957355E-02
6.20	1.8408219651E-02
6.30	1.6557863629E-02
6.40	1.4896368997E-02
6.50	1.3404786238E-02
6.60	1.2065156421E-02
6.70	1.0861471615E-02
6.80	9.7801121811E-03
6.90	8.8082291299E-03
7.00	7.9344744603E-03
7.10	7.1488473241E-03
7.20	6.4422008656E-03
7.30	5.8064934477E-03
7.40	5.2343506075E-03
7.50	4.7193713002E-03
7.60	4.2558679979E-03
7.70	3.8386271389E-03
7.80	3.4629481864E-03
7.90	3.1246732351E-03
8.00	2.8199864448E-03
8.10	2.5454263982E-03
8.20	2.2979892056E-03
8.30	2.0750898310E-03
8.40	1.8742067099E-03
8.50	1.6931391452E-03
8.60	1.5299175162E-03
8.70	1.3827871615E-03
8.80	1.2502056731E-03
8.90	1.1307134168E-03
9.00	1.0230514813E-03
9.10	9.2603257741E-04
9.20	8.3862355992E-04
9.30	7.5988247012E-04
9.40	6.8896296812E-04
9.50	6.2508393748E-04
9.60	5.6750408533E-04
9.70	5.1477702929E-04
9.80	-4.7030582708E-04
# 1p 1/2
0.10	4.4272279438E-03
0.20	1.7570238585E-02
0.30	3.8989277396E-02
0.40	6.8014789514E-02
0.50	1.0377007517E-01
0.60	1.4524101746E-01
0.70	1.9131886677E-01
0.80	2.4086841563E-01
0.90	2.9273908660E-01
1.00	3.4582229157E-01
1.10	3.9908740240E-01
1.20	4.5153029092E-01
1.30	5.0226553167E-01
1.40	5.5038644203E-01
1.50	5.9506323147E-01
1.60	6.3548032307E-01
1.70	6.7092015625E-01
1.80	7.0067980660E-01
1.90	7.2412162541E-01
2.00	7.4068639558E-01
2.10	7.4993870110E-01
2.20	7.5164475680E-01
2.30	7.4568699266E-01
2.40	7.3222698452E-01
2.50	7.1172919452E-01
2.60	6.8482248019E-01
2.70	6.5248505039E-01
2.80	6.1589508680E-01
2.90	5.7630283368E-01
3.00	5.3500207291E-01
3.10	4.9316742073E-01
3.20	4.5183442748E-01
3.30	4.1185659344E-01
3.40	3.7386700060E-01
3.50	3.3823505118E-01
3.60	3.0520367230E-01
3.70	2.7483014998E-01
3.80	2.4709812622E-01
3.90	2.2191346275E-01
4.00	1.9914525802E-01
4.10	1.7861323252E-01
4.20	1.6014008820E-01
4.30	1.4354613578E-01
4.40	1.2865929534E-01
4.50	1.1531400776E-01
4.60	1.0335708039E-01
4.70	9.2653990266E-02
4.80	8.3073528070E-02
4.90	7.4494642696E-02
5.00	6.6813966028E-02
5.10	5.9940779339E-02
5.20	5.3787769650E-02
5.30	4.8274016088E-02
5.40	4.3335939389E-02
5.50	3.8912059163E-02
5.60	3.4947723071E-02
5.70	3.1393515537E-02
5.80	2.8206487961E-02
5.90	2.5350769374E-02
6.00	2.2789337578E-02
6.10	2.0491610353E-02
6.20	1.8429536213E-02
6.30	1.6578126042E-02
6.40	1.4916380029E-02
6.50	1.3423162443E-02
6.60	1.2081570000E-02
6.70	1.0876382903E-02
6.80	9.7926460622E-03
6.90	8.8183161657E-03
7.00	7.9423245342E-03
7.10	7.1544264565E-03
7.20	6.4458203090E-03
7.30	5.8083160902E-03
7.40	5.2349125820E-03
7.50	4.7189318363E-03
7.60	4.2543213639E-03
7.70	3.8358688269E-03
7.80	3.4589416732E-03
7.90	3.1192565235E-03
8.00	2.8131433368E-03
8.10	2.5373820367E-03
8.20	2.2888893956E-03
8.30	2.0646669427E-03
8.40	1.8624227985E-03
8.50	1.6799634074E-03
8.60	1.5153011341E-03
8.70	1.3666178815E-03
8.80	1.2322078341E-03
8.90	1.1106881511E-03
9.00	1.0007032923E-03
9.10	9.0113944265E-04
9.20	8.1091820682E-04
9.30	7.2908676650E-04
9.40	6.5477536759E-04
9.50	5.8723076431E-04
9.60	5.2584086711E-04
9.70	4.7178693668E-04
9.80	-4.1532306666E-04
