# 1s 1/2
0.10	7.0339139597E-02
0.20	1.4025085002E-01
0.30	2.0862381255E-01
0.40	2.7472194115E-01
0.50	3.3785043896E-01
0.60	3.9736793722E-01
0.70	4.5269729017E-01
0.80	5.0333477348E-01
0.90	5.4885748432E-01
1.00	5.8892879803E-01
1.10	6.2330179599E-01
1.21	6.5182064047E-01
1.31	6.7441993221E-01
1.41	6.9112214320E-01
1.51	7.0203326870E-01
1.61	7.0733688747E-01
1.71	7.0728685584E-01
1.81	7.0219888903E-01
1.91	6.9244130120E-01
2.01	6.7842518428E-01
2.11	6.6059430441E-01
2.21	6.3941498529E-01
2.31	6.1536622974E-01
2.41	5.8893030624E-01
2.51	5.6058399751E-01
2.61	5.3079067391E-01
2.71	4.9999331851E-01
2.81	4.6860859278E-01
2.91	4.3702199540E-01
3.01	4.0558413104E-01
3.11	3.7460807352E-01
3.22	3.4436777889E-01
3.32	3.1509747897E-01
3.42	2.8699196645E-01
3.52	2.6020766696E-01
3.62	2.3486438380E-01
3.72	2.1104759521E-01
3.82	1.8881118317E-01
3.92	1.6818047519E-01
4.02	1.4915548697E-01
4.12	1.3171426221E-01
4.22	1.1581621690E-01
4.32	1.0140540770E-01
4.42	8.8413656890E-02
4.52	7.6763479884E-02
4.62	6.6370774246E-02
4.72	5.7147241757E-02
4.82	4.9002526402E-02
4.92	4.1846061514E-02
5.02	3.5588628193E-02
5.12	3.0143634530E-02
5.23	2.5428131141E-02
5.33	2.1363583042E-02
5.43	1.7876421039E-02
5.53	1.4898397751E-02
5.63	1.2366774227E-02
5.73	1.0224363051E-02
5.83	8.4194529420E-03
5.93	6.9056384942E-03
6.03	5.6415767484E-03
6.13	4.5906901775E-03
6.23	3.7208332975E-03
6.33	3.0039377292E-03
6.43	2.4156481707E-03
6.53	1.9349594781E-03
6.63	1.5438629459E-03
6.73	1.2270079661E-03
6.83	9.7138355079E-04
6.93	7.6602273191E-04
7.03	6.0173160694E-04
7.13	4.7084377519E-04
7.23	3.6700008506E-04
7.34	2.8495297581E-04
7.44	2.2039422429E-04
7.54	1.6980457632E-04
7.64	1.3032353231E-04
7.74	9.9637445512E-05
7.84	7.5884059774E-05
7.94	5.7571643564E-05
8.04	4.3510952687E-05
8.14	3.2758362189E-05
8.24	2.4568636643E-05
8.34	1.8355948424E-05
8.44	1.3661898106E-05
8.54	1.0129434241E-05
8.64	7.4817072605E-06
8.74	5.5050212290E-06
8.84	4.0351658738E-06
8.94	2.9465186220E-06
9.04	2.1434020718E-06
9.14	1.5532664865E-06
9.24	1.1213400655E-06
9.35	8.0645266955E-07
9.45	5.7779223636E-07
9.55	4.1239829139E-07
9.65	2.9323471204E-07
9.75	2.0771519386E-07
9.85	1.4658059575E-07
9.95	1.0304833241E-07
10.05	7.2170984805E-08
10.15	5.0354971499E-08
10.25	3.5001043563E-08
10.35	2.4237028762E-08
10.45	1.6720078676E-08
10.55	1.1491020304E-08
10.65	7.8675763412E-09
10.75	5.3664387580E-09
10.85	3.6466572587E-09
10.95	2.4686980442E-09
11.05	1.6649681732E-09
11.15	1.1186893357E-09
11.25	7.4882321970E-10
11.36	4.9936255879E-10
11.46	3.3175702692E-10
11.56	2.1957978622E-10
11.66	1.4478822301E-10
11.76	9.5113756556E-11
11.86	6.2247683936E-11
11.96	4.0585729937E-11
12.06	2.6362970811E-11
12.16	1.7060300207E-11
12.26	1.0998939637E-11
12.36	7.0645951977E-12
12.46	4.5206046886E-12
12.56	2.8819008024E-12
12.66	1.8303545466E-12
12.76	1.1581519799E-12
12.86	7.3008000070E-13
12.96	4.5851160819E-13
13.06	2.8688352831E-13
13.16	1.7882848067E-13
13.26	1.1105649068E-13
13.37	6.8711237910E-14
13.47	4.2353425495E-14
13.57	2.6009177362E-14
13.67	1.5912644289E-14
13.77	9.6992042707E-15
13.87	5.8899039356E-15
13.97	3.5633542979E-15
14.07	2.1477751601E-15
14.17	1.2897275011E-15
14.27	7.7159029141E-16
14.37	4.5989162826E-16
14.47	2.7308918975E-16
14.57	1.6156008150E-16
14.67	9.5223569203E-17
14.77	5.5915983447E-17
14.87	3.2712133910E-17
14.97	1.9066169503E-17
15.07	1.1071334080E-17
15.17	6.4049929199E-18
15.27	3.6916438743E-18
15.37	2.1198427210E-18
15.48	1.2127475979E-18
15.58	6.9122651281E-19
15.68	3.9251275090E-19
15.78	2.2206023733E-19
15.88	1.2516177246E-19
15.98	7.0284038355E-20
16.08	3.9321133162E-20
16.18	2.1916937657E-20
16.28	1.2170781321E-20
16.38	6.7335174856E-21
16.48	3.7115103290E-21
16.58	2.0381901663E-21
16.68	1.1151268492E-21
16.78	6.0784042111E-22
16.88	3.3009641198E-22
16.98	1.7859863583E-22
17.08	9.6272391335E-23
17.18	5.1702536346E-23
17.28	2.7663592582E-23
17.38	1.4746607652E-23
17.49	7.8318192332E-24
17.59	4.1440056063E-24
17.69	2.1845667896E-24
17.79	1.1473549513E-24
17.89	6.0036849393E-25
17.99	3.1298662571E-25
18.09	1.6256296320E-25
18.19	8.4121212610E-26
18.29	4.3368827412E-26
18.39	2.2276051801E-26
18.49	1.1399538892E-26
18.59	5.8119921232E-27
18.69	2.9522392834E-27
18.79	1.4940565435E-27
18.89	7.5330628069E-28
18.99	3.7841239196E-28
19.09	1.8938625152E-28
19.19	9.4432396429E-29
19.29	4.6911915231E-29
19.39	2.3218546578E-29
19.50	1.1449241939E-29
19.60	5.6248169088E-30
19.70	2.7531515721E-30
19.80	1.3425857791E-30
19.90	6.5229532820E-31
20.00	3.1574531151E-31
20.10	1.5227201016E-31
20.20	7.3163401589E-32
20.30	3.5023411131E-32
20.40	1.6703744831E-32
20.50	7.9370699515E-33
# 1p 3/2
0.10	3.4672252917E-03
0.20	1.3860818723E-02
0.30	3.0952380846E-02
0.40	5.4367570666E-02
0.50	8.3596413201E-02
0.60	1.1800713085E-01
0.70	1.5686311693E-01
0.80	1.9934248535E-01
0.90	2.4455955287E-01
1.00	2.9158755856E-01
1.10	3.3948190008E-01
1.21	3.8730316893E-01
1.31	4.3413929568E-01
1.41	4.7912616996E-01
1.51	5.2146617468E-01
1.61	5.6044416669E-01
1.71	5.9544054203E-01
1.81	6.2594113772E-01
1.91	6.5154383991E-01
2.01	6.7196188391E-01
2.11	6.8702394157E-01
2.21	6.9667119146E-01
2.31	7.0095165352E-01
2.41	7.0001214047E-01
2.51	6.9408823102E-01
2.61	6.8349270421E-01
2.71	6.6860289037E-01
2.81	6.4984739220E-01
2.91	6.2769261203E-01
3.01	6.0262948955E-01
3.11	5.7516081077E-01
3.22	5.4578939722E-01
3.32	5.1500742621E-01
3.42	4.8328707198E-01
3.52	4.5107259594E-01
3.62	4.1877395487E-01
3.72	3.8676194031E-01
3.82	3.5536481280E-01
3.92	3.2486635197E-01
4.02	2.9550520839E-01
4.12	2.6747541666E-01
4.22	2.4092791044E-01
4.32	2.1597286966E-01
4.42	1.9268272671E-01
4.52	1.7109566120E-01
4.62	1.5121942162E-01
4.72	1.3303532458E-01
4.82	1.1650229865E-01
4.92	1.0156085772E-01
5.02	8.8136908303E-02
5.12	7.6145314808E-02
5.23	6.5493165800E-02
5.33	5.6082702469E-02
5.43	4.7813886781E-02
5.53	4.0586601286E-02
5.63	3.4302484867E-02
5.73	2.8866418726E-02
5.83	2.4187684811E-02
5.93	2.0180824544E-02
6.03	1.6766229550E-02
6.13	1.3870498095E-02
6.23	1.1426591561E-02
6.33	9.3738245726E-03
6.43	7.6577208342E-03
6.53	6.2297643262E-03
6.63	5.0470727181E-03
6.73	4.0720166876E-03
6.83	3.2718055825E-03
6.93	2.6180566131E-03
7.03	2.0863616446E-03
7.13	1.6558627493E-03
7.23	1.3088450419E-03
7.34	1.0303529830E-03
7.44	8.0783431829E-04
7.54	6.3081412240E-04
7.64	4.9060002059E-04
7.74	3.8001855372E-04
7.84	2.9318179914E-04
7.94	2.2528273512E-04
8.04	1.7241740614E-04
8.14	1.3143167890E-04
8.24	9.9790244496E-05
8.34	7.5465492535E-05
8.44	5.6843933550E-05
8.54	4.2647954719E-05
8.64	3.1870842724E-05
8.74	2.3723180858E-05
8.84	1.7588913428E-05
8.94	1.2989559268E-05
9.04	9.5552408946E-06
9.14	7.0013712848E-06
9.24	5.1100031304E-06
9.35	3.7149936889E-06
9.45	2.6902711049E-06
9.55	1.9406052073E-06
9.65	1.3943878038E-06
9.75	9.9801528206E-07
9.85	7.1154107245E-07
9.95	5.0532850624E-07
10.05	3.5748718810E-07
10.15	2.5191950219E-07
10.25	1.7683956286E-07
10.35	1.2365596568E-07
10.45	8.6133148999E-08
10.55	5.9764976801E-08
10.65	4.1309114580E-08
10.75	2.8442593759E-08
10.85	1.9508241791E-08
10.95	1.3328892925E-08
11.05	9.0719031913E-09
11.15	6.1508117737E-09
11.25	4.1542961845E-09
11.36	2.7950830711E-09
11.46	1.8733781331E-09
11.56	1.2508085049E-09
11.66	8.3194001596E-10
11.76	5.5122656628E-10
11.86	3.6383653118E-10
11.96	2.3923326759E-10
12.06	1.5670288548E-10
12.16	1.0225241753E-10
12.26	6.6467958314E-11
12.36	4.3042176555E-11
12.46	2.7766439096E-11
12.56	1.7843956230E-11
12.66	1.1423732130E-11
12.76	7.2857061556E-12
12.86	4.6289546821E-12
12.96	2.9298317563E-12
13.06	1.8473608228E-12
13.16	1.1604084185E-12
13.26	7.2614088243E-13
13.37	4.5267086870E-13
13.47	2.8112313800E-13
13.57	1.7392569788E-13
13.67	1.0719752267E-13
13.77	6.5820363021E-14
13.87	4.0261598228E-14
13.97	2.4534523610E-14
14.07	1.4894323561E-14
14.17	9.0078493472E-15
14.27	5.4272427381E-15
14.37	3.2575852774E-15
14.47	1.9479210761E-15
14.57	1.1603968024E-15
14.67	6.8865526113E-16
14.77	4.0715330055E-16
14.87	2.3981444890E-16
14.97	1.4071959283E-16
15.07	8.2261412402E-17
15.17	4.7907183848E-17
15.27	2.7795117896E-17
15.37	1.6065723798E-17
15.48	9.2511656949E-18
15.58	5.3071026844E-18
15.68	3.0330799677E-18
15.78	1.7269351604E-18
15.88	9.7956770202E-19
15.98	5.5355347538E-19
16.08	3.1163902834E-19
16.18	1.7478802092E-19
16.28	9.7665116433E-20
16.38	5.4367038370E-20
16.48	3.0150927759E-20
16.58	1.6658461266E-20
16.68	9.1693526437E-21
16.78	5.0281987994E-21
16.88	2.7469866773E-21
16.98	1.4951039353E-21
17.08	8.1069463250E-22
17.18	4.3794003521E-22
17.28	2.3569142878E-22
17.38	1.2637031342E-22
17.49	6.7502336849E-23
17.59	3.5922401078E-23
17.69	1.9045178113E-23
17.79	1.0059541173E-23
17.89	5.2935263008E-24
17.99	2.7751474134E-24
18.09	1.4494439458E-24
18.19	7.5420859461E-25
18.29	3.9098177190E-25
18.39	2.0192812619E-25
18.49	1.0389931330E-25
18.59	5.3260394334E-26
18.69	2.7200205991E-26
18.79	1.3839372396E-26
18.89	7.0151547124E-27
18.99	3.5427053223E-27
19.09	1.7824197437E-27
19.19	8.9343378642E-28
19.29	4.4616186231E-28
19.39	2.2197315182E-28
19.50	1.1002379700E-28
19.60	5.4331441049E-29
19.70	2.6729723792E-29
19.80	1.3101366687E-29
19.90	6.3976112402E-30
20.00	3.1124216571E-30
20.10	1.5085460493E-30
20.20	7.2844789817E-31
20.30	3.5044382533E-31
20.40	1.6796490068E-31
20.50	8.0204563437E-32
# 1p 1/2
0.10	3.4672252917E-03
0.20	1.3860818723E-02
0.30	3.0952380846E-02
0.40	5.4367570666E-02
0.50	8.3596413201E-02
0.60	1.1800713085E-01
0.70	1.5686311693E-01
0.80	1.9934248535E-01
0.90	2.4455955287E-01
1.00	2.9158755856E-01
1.10	3.3948190008E-01
1.21	3.8730316893E-01
1.31	4.3413929568E-01
1.41	4.7912616996E-01
1.51	5.2146617468E-01
1.61	5.6044416669E-01
1.71	5.9544054203E-01
1.81	6.2594113772E-01
1.91	6.5154383991E-01
2.01	6.7196188391E-01
2.11	6.8702394157E-01
2.21	6.9667119146E-01
2.31	7.0095165352E-01
2.41	7.0001214047E-01
2.51	6.9408823102E-01
2.61	6.8349270421E-01
2.71	6.6860289037E-01
2.81	6.4984739220E-01
2.91	6.2769261203E-01
3.01	6.0262948955E-01
3.11	5.7516081077E-01
3.22	5.4578939722E-01
3.32	5.1500742621E-01
3.42	4.8328707198E-01
3.52	4.5107259594E-01
3.62	4.1877395487E-01
3.72	3.8676194031E-01
3.82	3.5536481280E-01
3.92	3.2486635197E-01
4.02	2.9550520839E-01
4.12	2.6747541666E-01
4.22	2.4092791044E-01
4.32	2.1597286966E-01
4.42	1.9268272671E-01
4.52	1.7109566120E-01
4.62	1.5121942162E-01
4.72	1.3303532458E-01
4.82	1.1650229865E-01
4.92	1.0156085772E-01
5.02	8.8136908303E-02
5.12	7.6145314808E-02
5.23	6.5493165800E-02
5.33	5.6082702469E-02
5.43	4.7813886781E-02
5.53	4.0586601286E-02
5.63	3.4302484867E-02
5.73	2.8866418726E-02
5.83	2.4187684811E-02
5.93	2.0180824544E-02
6.03	1.6766229550E-02
6.13	1.3870498095E-02
6.23	1.1426591561E-02
6.33	9.3738245726E-03
6.43	7.6577208342E-03
6.53	6.2297643262E-03
6.63	5.0470727181E-03
6.73	4.0720166876E-03
6.83	3.2718055825E-03
6.93	2.6180566131E-03
7.03	2.0863616446E-03
7.13	1.6558627493E-03
7.23	1.3088450419E-03
7.34	1.0303529830E-03
7.44	8.0783431829E-04
7.54	6.3081412240E-04
7.64	4.9060002059E-04
7.74	3.8001855372E-04
7.84	2.9318179914E-04
7.94	2.2528273512E-04
8.04	1.7241740614E-04
8.14	1.3143167890E-04
8.24	9.9790244496E-05
8.34	7.5465492535E-05
8.44	5.6843933550E-05
8.54	4.2647954719E-05
8.64	3.1870842724E-05
8.74	2.3723180858E-05
8.84	1.7588913428E-05
8.94	1.2989559268E-05
9.04	9.5552408946E-06
9.14	7.0013712848E-06
9.24	5.1100031304E-06
9.35	3.7149936889E-06
9.45	2.6902711049E-06
9.55	1.9406052073E-06
9.65	1.3943878038E-06
9.75	9.9801528206E-07
9.85	7.1154107245E-07
9.95	5.0532850624E-07
10.05	3.5748718810E-07
10.15	2.5191950219E-07
10.25	1.7683956286E-07
10.35	1.2365596568E-07
10.45	8.6133148999E-08
10.55	5.9764976801E-08
10.65	4.1309114580E-08
10.75	2.8442593759E-08
10.85	1.9508241791E-08
10.95	1.3328892925E-08
11.05	9.0719031913E-09
11.15	6.1508117737E-09
11.25	4.1542961845E-09
11.36	2.7950830711E-09
11.46	1.8733781331E-09
11.56	1.2508085049E-09
11.66	8.3194001596E-10
11.76	5.5122656628E-10
11.86	3.6383653118E-10
11.96	2.3923326759E-10
12.06	1.5670288548E-10
12.16	1.0225241753E-10
12.26	6.6467958314E-11
12.36	4.3042176555E-11
12.46	2.7766439096E-11
12.56	1.7843956230E-11
12.66	1.1423732130E-11
12.76	7.2857061556E-12
12.86	4.6289546821E-12
12.96	2.9298317563E-12
13.06	1.8473608228E-12
13.16	1.1604084185E-12
13.26	7.2614088243E-13
13.37	4.5267086870E-13
13.47	2.8112313800E-13
13.57	1.7392569788E-13
13.67	1.0719752267E-13
13.77	6.5820363021E-14
13.87	4.0261598228E-14
13.97	2.4534523610E-14
14.07	1.4894323561E-14
14.17	9.0078493472E-15
14.27	5.4272427381E-15
14.37	3.2575852774E-15
14.47	1.9479210761E-15
14.57	1.1603968024E-15
14.67	6.8865526113E-16
14.77	4.0715330055E-16
14.87	2.3981444890E-16
14.97	1.4071959283E-16
15.07	8.2261412402E-17
15.17	4.7907183848E-17
15.27	2.7795117896E-17
15.37	1.6065723798E-17
15.48	9.2511656949E-18
15.58	5.3071026844E-18
15.68	3.0330799677E-18
15.78	1.7269351604E-18
15.88	9.7956770202E-19
15.98	5.5355347538E-19
16.08	3.1163902834E-19
16.18	1.7478802092E-19
16.28	9.7665116433E-20
16.38	5.4367038370E-20
16.48	3.0150927759E-20
16.58	1.6658461266E-20
16.68	9.1693526437E-21
16.78	5.0281987994E-21
16.88	2.7469866773E-21
16.98	1.4951039353E-21
17.08	8.1069463250E-22
17.18	4.3794003521E-22
17.28	2.3569142878E-22
17.38	1.2637031342E-22
17.49	6.7502336849E-23
17.59	3.5922401078E-23
17.69	1.9045178113E-23
17.79	1.0059541173E-23
17.89	5.2935263008E-24
17.99	2.7751474134E-24
18.09	1.4494439458E-24
18.19	7.5420859461E-25
18.29	3.9098177190E-25
18.39	2.0192812619E-25
18.49	1.0389931330E-25
18.59	5.3260394334E-26
18.69	2.7200205991E-26
18.79	1.3839372396E-26
18.89	7.0151547124E-27
18.99	3.5427053223E-27
19.09	1.7824197437E-27
19.19	8.9343378642E-28
19.29	4.4616186231E-28
19.39	2.2197315182E-28
19.50	1.1002379700E-28
19.60	5.4331441049E-29
19.70	2.6729723792E-29
19.80	1.3101366687E-29
19.90	6.3976112402E-30
20.00	3.1124216571E-30
20.10	1.5085460493E-30
20.20	7.2844789817E-31
20.30	3.5044382533E-31
20.40	1.6796490068E-31
20.50	8.0204563437E-32
# 1d 5/2
0.10	1.3238619422E-04
0.20	1.0610794180E-03
0.30	3.5571310722E-03
0.40	8.3341657597E-03
0.50	1.6022357788E-02
0.60	2.7145591289E-02
0.70	4.2102647989E-02
0.80	6.1153092943E-02
0.90	8.4408328044E-02
1.00	1.1182806571E-01
1.10	1.4322225109E-01
1.21	1.7825824126E-01
1.31	2.1647284388E-01
1.41	2.5728863502E-01
1.51	3.0003382412E-01
1.61	3.4396481881E-01
1.71	3.8829056745E-01
1.81	4.3219772550E-01
1.91	4.7487570082E-01
2.01	5.1554068223E-01
2.11	5.5345783986E-01
2.21	5.8796099911E-01
2.31	6.1846922654E-01
2.41	6.4449991718E-01
2.51	6.6567813171E-01
2.61	6.8174209028E-01
2.71	6.9254488147E-01
2.81	6.9805258266E-01
2.91	6.9833910757E-01
3.01	6.9357819437E-01
3.11	6.8403301989E-01
3.22	6.7004397267E-01
3.32	6.5201513893E-01
3.42	6.3040005277E-01
3.52	6.0568723753E-01
3.62	5.7838602271E-01
3.72	5.4901306290E-01
3.82	5.1807991699E-01
3.92	4.8608197100E-01
4.02	4.5348890968E-01
4.12	4.2073686548E-01
4.22	3.8822230027E-01
4.32	3.5629760860E-01
4.42	3.2526837376E-01
4.52	2.9539215957E-01
4.62	2.6687868347E-01
4.72	2.3989118984E-01
4.82	2.1454882601E-01
4.92	1.9092981688E-01
5.02	1.6907523568E-01
5.12	1.4899317763E-01
5.23	1.3066315794E-01
5.33	1.1404057486E-01
5.43	9.9061100394E-02
5.53	8.5644885035E-02
5.63	7.3700486692E-02
5.73	6.3128457403E-02
5.83	5.3824543189E-02
5.93	4.5682472219E-02
6.03	3.8596323715E-02
6.13	3.2462484537E-02
6.23	2.7181212141E-02
6.33	2.2657831502E-02
6.43	1.8803599981E-02
6.53	1.5536278070E-02
6.63	1.2780445876E-02
6.73	1.0467605365E-02
6.83	8.5361071588E-03
6.93	6.9309383309E-03
7.03	5.6034045871E-03
7.13	4.5107365678E-03
7.23	3.6156461797E-03
7.34	2.8858549192E-03
7.44	2.2936123257E-03
7.54	1.8152190882E-03
7.64	1.4305660253E-03
7.74	1.1226972067E-03
7.84	8.7740292713E-04
7.94	6.8284607532E-04
8.04	5.2922365429E-04
8.14	4.0846378374E-04
8.24	3.1395741252E-04
8.34	2.4032315574E-04
8.44	1.8320310477E-04
8.54	1.3908710017E-04
8.64	1.0516276787E-04
8.74	7.9188563838E-05
8.84	5.9387118812E-05
8.94	4.4356295358E-05
9.04	3.2995541481E-05
9.14	2.4445328137E-05
9.24	1.8037677499E-05
9.35	1.3256012409E-05
9.45	9.7027762679E-06
9.55	7.0734803716E-06
9.65	5.1360281691E-06
9.75	3.7143407486E-06
9.85	2.6754638714E-06
9.95	1.9194740855E-06
10.05	1.3716204685E-06
10.15	9.7624056487E-07
10.25	6.9207553553E-07
10.35	4.8868205754E-07
10.45	3.4369875491E-07
10.55	2.4077452996E-07
10.65	1.6800663457E-07
10.75	1.1676907621E-07
10.85	8.0838256429E-08
10.95	5.5743702416E-08
11.05	3.8288336954E-08
11.15	2.6195759898E-08
11.25	1.7852179134E-08
11.36	1.2118506166E-08
11.46	8.1941967602E-09
11.56	5.5190574958E-09
11.66	3.7027672640E-09
11.76	2.4745291311E-09
11.86	1.6472709246E-09
11.96	1.0923087393E-09
12.06	7.2149821908E-10
12.16	4.7471846591E-10
12.26	3.1113544129E-10
12.36	2.0313127414E-10
12.46	1.3210506486E-10
12.56	8.5581303267E-11
12.66	5.5227632314E-11
12.76	3.5502045328E-11
12.86	2.2733747465E-11
12.96	1.4501424103E-11
13.06	9.2145359797E-12
13.16	5.8325796752E-12
13.26	3.6776759234E-12
13.37	2.3100051369E-12
13.47	1.4453740984E-12
13.57	9.0089985766E-13
13.67	5.5937463391E-13
13.77	3.4598722681E-13
13.87	2.1318146140E-13
13.97	1.3084944318E-13
14.07	8.0007072229E-14
14.17	4.8732634829E-14
14.27	2.9569730280E-14
14.37	1.7873586580E-14
14.47	1.0762516480E-14
14.57	6.4558674998E-15
14.67	3.8577573628E-15
14.77	2.2964425066E-15
14.87	1.3618128934E-15
14.97	8.0449123195E-16
15.07	4.7344331984E-16
15.17	2.7756087998E-16
15.27	1.6210367748E-16
15.37	9.4313221078E-17
15.48	5.4663586332E-17
15.58	3.1562414487E-17
15.68	1.8154720917E-17
15.78	1.0402959056E-17
15.88	5.9384463195E-18
15.98	3.3770545943E-18
16.08	1.9131687722E-18
16.18	1.0797397324E-18
16.28	6.0706627986E-19
16.38	3.4002040796E-19
16.48	1.8972576470E-19
16.58	1.0546313815E-19
16.68	5.8402132298E-20
16.78	3.2218916264E-20
16.88	1.7707119886E-20
16.98	9.6948313164E-21
17.08	5.2879636479E-21
17.18	2.8733800659E-21
17.28	1.5554448724E-21
17.38	8.3882936379E-22
17.49	4.5066163288E-22
17.59	2.4120483326E-22
17.69	1.2861166934E-22
17.79	6.8317847741E-23
17.89	3.6153294783E-23
17.99	1.9059958907E-23
18.09	1.0010525295E-23
18.19	5.2378499750E-24
18.29	2.7303037533E-24
18.39	1.4178524452E-24
18.49	7.3352293087E-25
18.59	3.7805881029E-25
18.69	1.9411918373E-25
18.79	9.9298201512E-26
18.89	5.0603265531E-26
18.99	2.5690960111E-26
19.09	1.2994128143E-26
19.19	6.5475580567E-27
19.29	3.2868308142E-27
19.39	1.6437716730E-27
19.50	8.1897783829E-28
19.60	4.0650854860E-28
19.70	2.0101776758E-28
19.80	9.9030001701E-29
19.90	4.8603444570E-29
20.00	2.3764877059E-29
20.10	1.1576377698E-29
20.20	5.6179610692E-30
20.30	2.7161516091E-30
20.40	1.3082744295E-30
20.50	6.2778881787E-31
# 2s 1/2
0.10	8.5938179527E-02
0.20	1.7009379540E-01
0.30	2.4988662641E-01
0.40	3.2328681538E-01
0.50	3.8844702037E-01
0.60	4.4375339472E-01
0.70	4.8786855285E-01
0.80	5.1976515258E-01
0.90	5.3874910399E-01
1.00	5.4447182802E-01
1.10	5.3693141544E-01
1.21	5.1646295943E-01
1.31	4.8371873401E-01
1.41	4.3963924903E-01
1.51	3.8541651573E-01
1.61	3.2245109407E-01
1.71	2.5230465574E-01
1.81	1.7664988196E-01
1.91	9.7219522361E-02
2.01	1.5756373910E-02
2.11	-6.6034195024E-02
2.21	-1.4652774234E-01
2.31	-2.2421907539E-01
2.41	-2.9775447287E-01
2.51	-3.6595716646E-01
2.61	-4.2784573538E-01
2.71	-4.8264535109E-01
2.81	-5.2979207317E-01
2.91	-5.6893063199E-01
3.01	-5.9990633042E-01
3.11	-6.2275185197E-01
3.22	-6.3766987198E-01
3.32	-6.4501243262E-01
3.42	-6.4525806289E-01
3.52	-6.3898760454E-01
3.62	-6.2685964975E-01
3.72	-6.0958641211E-01
3.82	-5.8791074560E-01
3.92	-5.6258490450E-01
4.02	-5.3435150639E-01
4.12	-5.0392702813E-01
4.22	-4.7198803600E-01
4.32	-4.3916023102E-01
4.42	-4.0601028312E-01
4.52	-3.7304033530E-01
4.62	-3.4068498399E-01
4.72	-3.0931048400E-01
4.82	-2.7921588686E-01
4.92	-2.5063579807E-01
5.02	-2.2374443049E-01
5.12	-1.9866063677E-01
5.23	-1.7545361948E-01
5.33	-1.5414904235E-01
5.43	-1.3473529740E-01
5.53	-1.1716971709E-01
5.63	-1.0138455799E-01
5.73	-8.7292619074E-02
5.83	-7.4792393437E-02
5.93	-6.3772685351E-02
6.03	-5.4116653935E-02
6.13	-4.5705270571E-02
6.23	-3.8420198467E-02
6.33	-3.2146119866E-02
6.43	-2.6772549368E-02
6.53	-2.2195180834E-02
6.63	-1.8316821015E-02
6.73	-1.5047965588E-02
6.83	-1.2307073464E-02
6.93	-1.0020593312E-02
7.03	-8.1227928738E-03
7.13	-6.5554372407E-03
7.23	-5.2673570986E-03
7.34	-4.2139425751E-03
7.44	-3.3565928134E-03
7.54	-2.6621461015E-03
7.64	-2.1023104138E-03
7.74	-1.6531096975E-03
7.84	-1.2943572247E-03
7.94	-1.0091638695E-03
8.04	-7.8348625344E-04
8.14	-6.0571731307E-04
8.24	-4.6631994421E-04
8.34	-3.5750291961E-04
8.44	-2.7293720311E-04
8.54	-2.0751004221E-04
8.64	-1.5711375316E-04
8.74	-1.1846586667E-04
8.84	-8.8957230852E-05
8.94	-6.6524727379E-05
9.04	-4.9545411160E-05
9.14	-3.6749102368E-05
9.24	-2.7146716803E-05
9.35	-1.9971897180E-05
9.45	-1.4633788239E-05
9.55	-1.0679071787E-05
9.65	-7.7616358610E-06
9.75	-5.6184902674E-06
9.85	-4.0507559827E-06
9.95	-2.9087470933E-06
10.05	-2.0803313393E-06
10.15	-1.4818998715E-06
10.25	-1.0514001540E-06
10.35	-7.4299000006E-07
10.45	-5.2295761664E-07
10.55	-3.6662439042E-07
10.65	-2.5600603985E-07
10.75	-1.7805560221E-07
10.85	-1.2335028142E-07
10.95	-8.5115007154E-08
11.05	-5.8500015066E-08
11.15	-4.0049024131E-08
11.25	-2.7309656233E-08
11.36	-1.8549448928E-08
11.46	-1.2549844962E-08
11.56	-8.4574668950E-09
11.66	-5.6772604663E-09
11.76	-3.7960840099E-09
11.86	-2.5283264910E-09
11.96	-1.6773845975E-09
12.06	-1.1085009367E-09
12.16	-7.2970128463E-10
12.26	-4.7847743273E-10
12.36	-3.1252641841E-10
12.46	-2.0333986029E-10
12.56	-1.3178632850E-10
12.66	-8.5080836602E-11
12.76	-5.4715221718E-11
12.86	-3.5051049133E-11
12.96	-2.2367205000E-11
13.06	-1.4218101509E-11
13.16	-9.0030989395E-12
13.26	-5.6789003395E-12
13.37	-3.5682850834E-12
13.47	-2.2334649704E-12
13.57	-1.3925931404E-12
13.67	-8.6496002476E-13
13.77	-5.3517478834E-13
13.87	-3.2985585684E-13
13.97	-2.0252693560E-13
14.07	-1.2387181197E-13
14.17	-7.5473474078E-14
14.27	-4.5808847489E-14
14.37	-2.7697371862E-14
14.47	-1.6682568131E-14
14.57	-1.0009752905E-14
14.67	-5.9830253853E-15
14.77	-3.5625116043E-15
14.87	-2.1131512269E-15
14.97	-1.2486611320E-15
15.07	-7.3502005721E-16
15.17	-4.3101780282E-16
15.27	-2.5178709706E-16
15.37	-1.4652602954E-16
15.48	-8.4945412540E-17
15.58	-4.9057982990E-17
15.68	-2.8224406213E-17
15.78	-1.6176555375E-17
15.88	-9.2362168272E-18
15.98	-5.2535121349E-18
16.08	-2.9768270781E-18
16.18	-1.6803757603E-18
16.28	-9.4494996551E-19
16.38	-5.2937262904E-19
16.48	-2.9543712039E-19
16.58	-1.6425559992E-19
16.68	-9.0976133247E-20
16.78	-5.0198130129E-20
16.88	-2.7593130933E-20
16.98	-1.5110136482E-20
17.08	-8.2430955382E-21
17.18	-4.4798903795E-21
17.28	-2.4254934427E-21
17.38	-1.3082448468E-21
17.49	-7.0296662654E-22
17.59	-3.7630297825E-22
17.69	-2.0067736742E-22
17.79	-1.0661478476E-22
17.89	-5.6428079983E-23
17.99	-2.9753112364E-23
18.09	-1.5628932097E-23
18.19	-8.1787409580E-24
18.29	-4.2638735333E-24
18.39	-2.2145390763E-24
18.49	-1.1458400620E-24
18.59	-5.9064525745E-25
18.69	-3.0331363914E-25
18.79	-1.5517440408E-25
18.89	-7.9088180056E-26
18.99	-4.0157515978E-26
19.09	-2.0313570729E-26
19.19	-1.0236942692E-26
19.29	-5.1394807006E-27
19.39	-2.5705944242E-27
19.50	-1.2808952608E-27
19.60	-6.3585748530E-28
19.70	-3.1446508959E-28
19.80	-1.5493585599E-28
19.90	-7.6049898128E-29
20.00	-3.7188862459E-29
20.10	-1.8117365927E-29
20.20	-8.7931698915E-30
20.30	-4.2517180344E-30
20.40	-2.0481056751E-30
20.50	-9.8290039131E-31
# 1d 3/2
0.10	1.3238619422E-04
0.20	1.0610794180E-03
0.30	3.5571310722E-03
0.40	8.3341657597E-03
0.50	1.6022357788E-02
0.60	2.7145591289E-02
0.70	4.2102647989E-02
0.80	6.1153092943E-02
0.90	8.4408328044E-02
1.00	1.1182806571E-01
1.10	1.4322225109E-01
1.21	1.7825824126E-01
1.31	2.1647284388E-01
1.41	2.5728863502E-01
1.51	3.0003382412E-01
1.61	3.4396481881E-01
1.71	3.8829056745E-01
1.81	4.3219772550E-01
1.91	4.7487570082E-01
2.01	5.1554068223E-01
2.11	5.5345783986E-01
2.21	5.8796099911E-01
2.31	6.1846922654E-01
2.41	6.4449991718E-01
2.51	6.6567813171E-01
2.61	6.8174209028E-01
2.71	6.9254488147E-01
2.81	6.9805258266E-01
2.91	6.9833910757E-01
3.01	6.9357819437E-01
3.11	6.8403301989E-01
3.22	6.7004397267E-01
3.32	6.5201513893E-01
3.42	6.3040005277E-01
3.52	6.0568723753E-01
3.62	5.7838602271E-01
3.72	5.4901306290E-01
3.82	5.1807991699E-01
3.92	4.8608197100E-01
4.02	4.5348890968E-01
4.12	4.2073686548E-01
4.22	3.8822230027E-01
4.32	3.5629760860E-01
4.42	3.2526837376E-01
4.52	2.9539215957E-01
4.62	2.6687868347E-01
4.72	2.3989118984E-01
4.82	2.1454882601E-01
4.92	1.9092981688E-01
5.02	1.6907523568E-01
5.12	1.4899317763E-01
5.23	1.3066315794E-01
5.33	1.1404057486E-01
5.43	9.9061100394E-02
5.53	8.5644885035E-02
5.63	7.3700486692E-02
5.73	6.3128457403E-02
5.83	5.3824543189E-02
5.93	4.5682472219E-02
6.03	3.8596323715E-02
6.13	3.2462484537E-02
6.23	2.7181212141E-02
6.33	2.2657831502E-02
6.43	1.8803599981E-02
6.53	1.5536278070E-02
6.63	1.2780445876E-02
6.73	1.0467605365E-02
6.83	8.5361071588E-03
6.93	6.9309383309E-03
7.03	5.6034045871E-03
7.13	4.5107365678E-03
7.23	3.6156461797E-03
7.34	2.8858549192E-03
7.44	2.2936123257E-03
7.54	1.8152190882E-03
7.64	1.4305660253E-03
7.74	1.1226972067E-03
7.84	8.7740292713E-04
7.94	6.8284607532E-04
8.04	5.2922365429E-04
8.14	4.0846378374E-04
8.24	3.1395741252E-04
8.34	2.4032315574E-04
8.44	1.8320310477E-04
8.54	1.3908710017E-04
8.64	1.0516276787E-04
8.74	7.9188563838E-05
8.84	5.9387118812E-05
8.94	4.4356295358E-05
9.04	3.2995541481E-05
9.14	2.4445328137E-05
9.24	1.8037677499E-05
9.35	1.3256012409E-05
9.45	9.7027762679E-06
9.55	7.0734803716E-06
9.65	5.1360281691E-06
9.75	3.7143407486E-06
9.85	2.6754638714E-06
9.95	1.9194740855E-06
10.05	1.3716204685E-06
10.15	9.7624056487E-07
10.25	6.9207553553E-07
10.35	4.8868205754E-07
10.45	3.4369875491E-07
10.55	2.4077452996E-07
10.65	1.6800663457E-07
10.75	1.1676907621E-07
10.85	8.0838256429E-08
10.95	5.5743702416E-08
11.05	3.8288336954E-08
11.15	2.6195759898E-08
11.25	1.7852179134E-08
11.36	1.2118506166E-08
11.46	8.1941967602E-09
11.56	5.5190574958E-09
11.66	3.7027672640E-09
11.76	2.4745291311E-09
11.86	1.6472709246E-09
11.96	1.0923087393E-09
12.06	7.2149821908E-10
12.16	4.7471846591E-10
12.26	3.1113544129E-10
12.36	2.0313127414E-10
12.46	1.3210506486E-10
12.56	8.5581303267E-11
12.66	5.5227632314E-11
12.76	3.5502045328E-11
12.86	2.2733747465E-11
12.96	1.4501424103E-11
13.06	9.2145359797E-12
13.16	5.8325796752E-12
13.26	3.6776759234E-12
13.37	2.3100051369E-12
13.47	1.4453740984E-12
13.57	9.0089985766E-13
13.67	5.5937463391E-13
13.77	3.4598722681E-13
13.87	2.1318146140E-13
13.97	1.3084944318E-13
14.07	8.0007072229E-14
14.17	4.8732634829E-14
14.27	2.9569730280E-14
14.37	1.7873586580E-14
14.47	1.0762516480E-14
14.57	6.4558674998E-15
14.67	3.8577573628E-15
14.77	2.2964425066E-15
14.87	1.3618128934E-15
14.97	8.0449123195E-16
15.07	4.7344331984E-16
15.17	2.7756087998E-16
15.27	1.6210367748E-16
15.37	9.4313221078E-17
15.48	5.4663586332E-17
15.58	3.1562414487E-17
15.68	1.8154720917E-17
15.78	1.0402959056E-17
15.88	5.9384463195E-18
15.98	3.3770545943E-18
16.08	1.9131687722E-18
16.18	1.0797397324E-18
16.28	6.0706627986E-19
16.38	3.4002040796E-19
16.48	1.8972576470E-19
16.58	1.0546313815E-19
16.68	5.8402132298E-20
16.78	3.2218916264E-20
16.88	1.7707119886E-20
16.98	9.6948313164E-21
17.08	5.2879636479E-21
17.18	2.8733800659E-21
17.28	1.5554448724E-21
17.38	8.3882936379E-22
17.49	4.5066163288E-22
17.59	2.4120483326E-22
17.69	1.2861166934E-22
17.79	6.8317847741E-23
17.89	3.6153294783E-23
17.99	1.9059958907E-23
18.09	1.0010525295E-23
18.19	5.2378499750E-24
18.29	2.7303037533E-24
18.39	1.4178524452E-24
18.49	7.3352293087E-25
18.59	3.7805881029E-25
18.69	1.9411918373E-25
18.79	9.9298201512E-26
18.89	5.0603265531E-26
18.99	2.5690960111E-26
19.09	1.2994128143E-26
19.19	6.5475580567E-27
19.29	3.2868308142E-27
19.39	1.6437716730E-27
19.50	8.1897783829E-28
19.60	4.0650854860E-28
19.70	2.0101776758E-28
19.80	9.9030001701E-29
19.90	4.8603444570E-29
20.00	2.3764877059E-29
20.10	1.1576377698E-29
20.20	5.6179610692E-30
20.30	2.7161516091E-30
20.40	1.3082744295E-30
20.50	6.2778881787E-31
