# 1s 1/2
0.10	2.3962971185E+00
0.20	2.3837616931E+00
0.30	2.3629481268E+00
0.40	2.3340685164E+00
0.50	2.2974179455E+00
0.60	2.2533694278E+00
0.70	2.2023675446E+00
0.80	2.1449199881E+00
0.90	2.0815849066E+00
1.00	2.0129656523E+00
1.10	1.9397018043E+00
1.20	1.8624594308E+00
1.31	1.7819216919E+00
1.41	1.6987779065E+00
1.51	1.6137152743E+00
1.61	1.5274089474E+00
1.71	1.4405139635E+00
1.81	1.3536574086E+00
1.91	1.2674312604E+00
2.01	1.1823866663E+00
2.11	1.0990287263E+00
2.21	1.0178126513E+00
2.31	9.3914133134E-01
2.41	8.6336309198E-01
2.51	7.9077076079E-01
2.61	7.2160196433E-01
2.71	6.5603991517E-01
2.81	5.9421607181E-01
2.91	5.3621186892E-01
3.01	4.8206235691E-01
3.11	4.3175974262E-01
3.21	3.8525738964E-01
3.31	3.4247469010E-01
3.41	3.0330091546E-01
3.51	2.6760045407E-01
3.62	2.3521690181E-01
3.72	2.0597769568E-01
3.82	1.7969839606E-01
3.92	1.5618642903E-01
4.02	1.3524503229E-01
4.12	1.1667625176E-01
4.22	1.0028404517E-01
4.32	8.5876658030E-02
4.42	7.3268706196E-02
4.52	6.2282914660E-02
4.62	5.2751340330E-02
4.72	4.4516387889E-02
4.82	3.7431402316E-02
4.92	3.1361029510E-02
5.02	2.6181296836E-02
5.12	2.1779472996E-02
5.22	1.8053768114E-02
5.32	1.4912885415E-02
5.42	1.2275461785E-02
5.52	1.0069443363E-02
5.62	8.2314001822E-03
5.72	6.7058186615E-03
5.82	5.4443877797E-03
5.93	4.4052901846E-03
6.03	3.5525280927E-03
6.13	2.8552700270E-03
6.23	2.2872456577E-03
6.33	1.8261804904E-03
6.43	1.4532788507E-03
6.53	1.1527577014E-03
6.63	9.1142313660E-04
6.73	7.1829781304E-04
6.83	5.6428810541E-04
6.93	4.4189452545E-04
7.03	3.4495902531E-04
7.13	2.6844607089E-04
7.23	2.0825592351E-04
7.33	1.6106386941E-04
7.43	1.2418511717E-04
7.53	9.5460060782E-05
7.63	7.3158458882E-05
7.73	5.5899585941E-05
7.83	4.2585708579E-05
7.93	3.2347535932E-05
8.03	2.4499129621E-05
8.13	1.8501310963E-05
8.24	1.3931792987E-05
8.34	1.0461017812E-05
8.44	7.8327360260E-06
8.54	5.8483715238E-06
8.64	4.3545955983E-06
8.74	3.2334108217E-06
8.84	2.3943205915E-06
8.94	1.7681532113E-06
9.04	1.3022084952E-06
9.14	9.5646789024E-07
9.24	7.0064019172E-07
9.34	5.1186888029E-07
9.44	3.7296213468E-07
9.54	2.7102843686E-07
9.64	1.9643063401E-07
9.74	1.4198686237E-07
9.84	1.0235971473E-07
9.94	7.3595188246E-08
10.04	5.2772033368E-08
10.14	3.7738575510E-08
10.24	2.6914557030E-08
10.34	1.9142464582E-08
10.44	1.3577157671E-08
10.55	9.6030085262E-09
10.65	6.7729982207E-09
10.75	4.7633829037E-09
10.85	3.3403688029E-09
10.95	2.3356290206E-09
11.05	1.6282671674E-09
11.15	1.1317345190E-09
11.25	7.8422875669E-10
11.35	5.4175490189E-10
11.45	3.7308542524E-10
11.55	2.5611853218E-10
11.65	1.7526083919E-10
11.75	1.1954277981E-10
11.85	8.1271838699E-11
11.95	5.5070634635E-11
12.05	3.7191894338E-11
12.15	2.5032849326E-11
12.25	1.6791673154E-11
12.35	1.1224957193E-11
12.45	7.4777734106E-12
12.55	4.9641409574E-12
12.65	3.2838997643E-12
12.75	2.1647178546E-12
12.86	1.4218919168E-12
12.96	9.3063883775E-13
13.06	6.0692263631E-13
13.16	3.9438304152E-13
13.26	2.5534563833E-13
13.36	1.6472407913E-13
13.46	1.0587720574E-13
13.56	6.7803873523E-14
13.66	4.3262654875E-14
13.76	2.7502378553E-14
13.86	1.7419034088E-14
13.96	1.0991882362E-14
14.06	6.9104768478E-15
14.16	4.3284686123E-15
14.26	2.7011122895E-15
14.36	1.6793289911E-15
14.46	1.0401804672E-15
14.56	6.4188881862E-16
14.66	3.9462999253E-16
14.76	2.4170945317E-16
14.86	1.4749432548E-16
14.96	8.9666117405E-17
15.06	5.4306969478E-17
15.17	3.2768358633E-17
15.27	1.9698069678E-17
15.37	1.1796849442E-17
15.47	7.0384315435E-18
15.57	4.1836825750E-18
15.67	2.4774752626E-18
15.77	1.4616030789E-18
15.87	8.5905152341E-19
15.97	5.0300918886E-19
16.07	2.9343022733E-19
16.17	1.7052973106E-19
16.27	9.8733941308E-20
16.37	5.6950907643E-20
16.47	3.2726803943E-20
16.57	1.8736025642E-20
16.67	1.0686076301E-20
16.77	6.0719965687E-21
16.87	3.4372568957E-21
16.97	1.9384909248E-21
17.07	1.0891441683E-21
17.17	6.0964395730E-22
17.27	3.3996956773E-22
17.37	1.8887395085E-22
17.48	1.0453886898E-22
17.58	5.7643852415E-23
17.68	3.1666534387E-23
17.78	1.7330878602E-23
17.88	9.4495524030E-24
17.98	5.1330677946E-24
18.08	2.7778776199E-24
18.18	1.4976989176E-24
18.28	8.0446716374E-25
18.38	4.3049306840E-25
18.48	2.2950897105E-25
18.58	1.2190051344E-25
18.68	6.4504265715E-26
18.78	3.4005092855E-26
18.88	1.7859793978E-26
18.98	9.3451073136E-27
19.08	4.8715530735E-27
19.18	2.5300472382E-27
19.28	1.3090738858E-27
19.38	6.7480617966E-28
19.48	3.4655279784E-28
19.58	1.7731201917E-28
19.68	9.0382641962E-29
19.79	4.5899569891E-29
19.89	2.3222694616E-29
19.99	1.1705584717E-29
20.09	5.8783430384E-30
20.19	2.9409992776E-30
20.29	1.4659338461E-30
20.39	7.2797127246E-31
20.49	3.6015765377E-31
20.59	1.7752284316E-31
20.69	8.7175520949E-32
20.79	4.2649778088E-32
20.89	2.0788304701E-32
20.99	1.0094909138E-32
21.09	4.8839283105E-33
21.19	2.3540532521E-33
21.29	1.1304400920E-33
21.39	5.4082833420E-34
21.49	2.5778346036E-34
21.59	1.2241474555E-34
21.69	5.7915460848E-35
21.79	2.7298597155E-35
21.89	1.2819399587E-35
21.99	5.9976477028E-36
22.10	2.7956131287E-36
22.20	1.2982480811E-36
22.30	6.0065253607E-37
22.40	2.7686775484E-37
22.50	1.2714776732E-37
22.60	5.8173920574E-38
22.70	2.6517609795E-38
22.80	1.2042729591E-38
22.90	5.4488050419E-39
23.00	2.4562081329E-39
23.10	1.1030962590E-39
23.20	4.9357076613E-40
# 1p 3/2
0.10	1.1812060857E-01
0.20	2.3551628169E-01
0.30	3.5044305410E-01
0.40	4.6171339673E-01
0.50	5.6820230635E-01
0.60	6.6886634680E-01
0.70	7.6276073603E-01
0.80	8.4905371407E-01
0.90	9.2703652957E-01
1.00	9.9613333033E-01
1.10	1.0559074661E+00
1.20	1.1060646732E+00
1.31	1.1464535855E+00
1.41	1.1770623897E+00
1.51	1.1980142045E+00
1.61	1.2095586939E+00
1.71	1.2120622968E+00
1.81	1.2059962665E+00
1.91	1.1919230205E+00
2.01	1.1704817864E+00
2.11	1.1423730711E+00
2.21	1.1083430799E+00
2.31	1.0691685979E+00
2.41	1.0256413742E+00
2.51	9.7855345914E-01
2.61	9.2868384926E-01
2.71	8.7678587474E-01
2.81	8.2357741659E-01
2.91	7.6973057934E-01
3.01	7.1586471314E-01
3.11	6.6254036521E-01
3.21	6.1025501104E-01
3.31	5.5944139748E-01
3.41	5.1046561454E-01
3.51	4.6362871378E-01
3.62	4.1916783852E-01
3.72	3.7725956363E-01
3.82	3.3802395076E-01
3.92	3.0152883331E-01
4.02	2.6779561618E-01
4.12	2.3680432071E-01
4.22	2.0849974238E-01
4.32	1.8279698162E-01
4.42	1.5958704110E-01
4.52	1.3874227609E-01
4.62	1.2012118611E-01
4.72	1.0357308850E-01
4.82	8.8942087752E-02
4.92	7.6070658380E-02
5.02	6.4802641682E-02
5.12	5.4985709280E-02
5.22	4.6473373738E-02
5.32	3.9126520710E-02
5.42	3.2814510884E-02
5.52	2.7415938858E-02
5.62	2.2819037573E-02
5.72	1.8921816660E-02
5.82	1.5631972494E-02
5.93	1.2866600621E-02
6.03	1.0551800949E-02
6.13	8.6221456275E-03
6.23	7.0201005202E-03
6.33	5.6953911902E-03
6.43	4.6043539806E-03
6.53	3.7092970846E-03
6.63	2.9778625773E-03
6.73	2.3824315928E-03
6.83	1.8995525560E-03
6.93	1.5094183242E-03
7.03	1.1953851253E-03
7.13	9.4353512902E-04
7.23	7.4228878830E-04
7.33	5.8205548702E-04
7.43	4.5493046233E-04
7.53	3.5442720989E-04
7.63	2.7524697605E-04
7.73	2.1308066980E-04
7.83	1.6443850914E-04
7.93	1.2650673596E-04
8.03	9.7025590659E-05
8.13	7.4187966033E-05
8.24	5.6554490086E-05
8.34	4.2983179375E-05
8.44	3.2571634177E-05
8.54	2.4609393736E-05
8.64	1.8539310277E-05
8.74	1.3926041461E-05
8.84	1.0430683362E-05
8.94	7.7903672261E-06
9.04	5.8019141423E-06
9.14	4.3088391376E-06
9.24	3.1910351809E-06
9.34	2.3566257211E-06
9.44	1.7355684574E-06
9.54	1.2746408397E-06
9.64	9.3353374486E-07
9.74	6.8181989295E-07
9.84	4.9659816678E-07
9.94	3.6069056186E-07
10.04	2.6124872617E-07
10.14	1.8869370687E-07
10.24	1.3590584339E-07
10.34	9.7608126667E-08
10.44	6.9902591565E-08
10.55	4.9916929374E-08
10.65	3.5541703879E-08
10.75	2.5231952269E-08
10.85	1.7859525670E-08
10.95	1.2603241736E-08
11.05	8.8668714729E-09
11.15	6.2189885562E-09
11.25	4.3482364627E-09
11.35	3.0306362194E-09
11.45	2.1055511535E-09
11.55	1.4581145715E-09
11.65	1.0064583853E-09
11.75	6.9240835121E-10
11.85	4.7476130380E-10
11.95	3.2442954523E-10
12.05	2.2094441709E-10
12.15	1.4995096738E-10
12.25	1.0141624967E-10
12.35	6.8350811286E-11
12.45	4.5903730211E-11
12.55	3.0719081863E-11
12.65	2.0483995438E-11
12.75	1.3610039025E-11
12.86	9.0101292494E-12
12.96	5.9432700318E-12
13.06	3.9059922733E-12
13.16	2.5576689429E-12
13.26	1.6686193908E-12
13.36	1.0845853838E-12
13.46	7.0236424196E-13
13.56	4.5315158270E-13
13.66	2.9127781317E-13
13.76	1.8652895347E-13
13.86	1.1900321261E-13
13.96	7.5638429063E-14
14.06	4.7895176379E-14
14.16	3.0214068220E-14
14.26	1.8988335535E-14
14.36	1.1888521011E-14
14.46	7.4152753853E-15
14.56	4.6076979389E-15
14.66	2.8523264020E-15
14.76	1.7590060575E-15
14.86	1.0806709530E-15
14.96	6.6141062851E-16
15.06	4.0327699434E-16
15.17	2.4495614499E-16
15.27	1.4822588174E-16
15.37	8.9354068879E-17
15.47	5.3660356993E-17
15.57	3.2103135291E-17
15.67	1.9133350507E-17
15.77	1.1360207936E-17
15.87	6.7194473313E-18
15.97	3.9594090625E-18
16.07	2.3242467715E-18
16.17	1.3592002940E-18
16.27	7.9184291819E-19
16.37	4.5956386606E-19
16.47	2.6570830749E-19
16.57	1.5304501069E-19
16.67	8.7818130451E-20
16.77	5.0200250559E-20
16.87	2.8587701374E-20
16.97	1.6218418629E-20
17.07	9.1662645354E-21
17.17	5.1609605982E-21
17.27	2.8948543209E-21
17.37	1.6176198022E-21
17.48	9.0050347791E-22
17.58	4.9940105689E-22
17.68	2.7591269047E-22
17.78	1.5186314120E-22
17.88	8.3270242993E-23
17.98	4.5487145305E-23
18.08	2.4753939391E-23
18.18	1.3420288675E-23
18.28	7.2483396218E-24
18.38	3.9001035080E-24
18.48	2.0906263758E-24
18.58	1.1164422282E-24
18.68	5.9396441430E-25
18.78	3.1480721107E-25
18.88	1.6622389239E-25
18.98	8.7439024484E-26
19.08	4.5822660211E-26
19.18	2.3923312206E-26
19.28	1.2442989945E-26
19.38	6.4475656503E-27
19.48	3.3283623629E-27
19.58	1.7117183228E-27
19.68	8.7700216456E-28
19.79	4.4764573671E-28
19.89	2.2763417313E-28
19.99	1.1532033501E-28
20.09	5.8202906906E-29
20.19	2.9265151438E-29
20.29	1.4659717065E-29
20.39	7.3159406213E-30
20.49	3.6373304137E-30
20.59	1.8016403047E-30
20.69	8.8904101935E-31
20.79	4.3706617062E-31
20.89	2.1406345174E-31
20.99	1.0445009973E-31
21.09	5.0774864911E-32
21.19	2.4590025672E-32
21.29	1.1864343131E-32
21.39	5.7029474178E-33
21.49	2.7310471072E-33
21.59	1.3029645613E-33
21.69	6.1931089143E-34
21.79	2.9326521541E-34
21.89	1.3835176644E-34
21.99	6.5025789862E-35
22.10	3.0448111444E-35
22.20	1.4203998248E-35
22.30	6.6014140762E-36
22.40	3.0565954715E-36
22.50	1.4099948220E-36
22.60	6.4799499284E-37
22.70	2.9669050658E-37
22.80	1.3533547883E-37
22.90	6.1503102530E-38
23.00	2.7845921316E-38
23.10	1.2560364064E-38
23.20	5.6444603158E-39
# 1p 1/2
0.10	1.1812060857E-01
0.20	2.3551628169E-01
0.30	3.5044305410E-01
0.40	4.6171339673E-01
0.50	5.6820230635E-01
0.60	6.6886634680E-01
0.70	7.6276073603E-01
0.80	8.4905371407E-01
0.90	9.2703652957E-01
1.00	9.9613333033E-01
1.10	1.0559074661E+00
1.20	1.1060646732E+00
1.31	1.1464535855E+00
1.41	1.1770623897E+00
1.51	1.1980142045E+00
1.61	1.2095586939E+00
1.71	1.2120622968E+00
1.81	1.2059962665E+00
1.91	1.1919230205E+00
2.01	1.1704817864E+00
2.11	1.1423730711E+00
2.21	1.1083430799E+00
2.31	1.0691685979E+00
2.41	1.0256413742E+00
2.51	9.7855345914E-01
2.61	9.2868384926E-01
2.71	8.7678587474E-01
2.81	8.2357741659E-01
2.91	7.6973057934E-01
3.01	7.1586471314E-01
3.11	6.6254036521E-01
3.21	6.1025501104E-01
3.31	5.5944139748E-01
3.41	5.1046561454E-01
3.51	4.6362871378E-01
3.62	4.1916783852E-01
3.72	3.7725956363E-01
3.82	3.3802395076E-01
3.92	3.0152883331E-01
4.02	2.6779561618E-01
4.12	2.3680432071E-01
4.22	2.0849974238E-01
4.32	1.8279698162E-01
4.42	1.5958704110E-01
4.52	1.3874227609E-01
4.62	1.2012118611E-01
4.72	1.0357308850E-01
4.82	8.8942087752E-02
4.92	7.6070658380E-02
5.02	6.4802641682E-02
5.12	5.4985709280E-02
5.22	4.6473373738E-02
5.32	3.9126520710E-02
5.42	3.2814510884E-02
5.52	2.7415938858E-02
5.62	2.2819037573E-02
5.72	1.8921816660E-02
5.82	1.5631972494E-02
5.93	1.2866600621E-02
6.03	1.0551800949E-02
6.13	8.6221456275E-03
6.23	7.0201005202E-03
6.33	5.6953911902E-03
6.43	4.6043539806E-03
6.53	3.7092970846E-03
6.63	2.9778625773E-03
6.73	2.3824315928E-03
6.83	1.8995525560E-03
6.93	1.5094183242E-03
7.03	1.1953851253E-03
7.13	9.4353512902E-04
7.23	7.4228878830E-04
7.33	5.8205548702E-04
7.43	4.5493046233E-04
7.53	3.5442720989E-04
7.63	2.7524697605E-04
7.73	2.1308066980E-04
7.83	1.6443850914E-04
7.93	1.2650673596E-04
8.03	9.7025590659E-05
8.13	7.4187966033E-05
8.24	5.6554490086E-05
8.34	4.2983179375E-05
8.44	3.2571634177E-05
8.54	2.4609393736E-05
8.64	1.8539310277E-05
8.74	1.3926041461E-05
8.84	1.0430683362E-05
8.94	7.7903672261E-06
9.04	5.8019141423E-06
9.14	4.3088391376E-06
9.24	3.1910351809E-06
9.34	2.3566257211E-06
9.44	1.7355684574E-06
9.54	1.2746408397E-06
9.64	9.3353374486E-07
9.74	6.8181989295E-07
9.84	4.9659816678E-07
9.94	3.6069056186E-07
10.04	2.6124872617E-07
10.14	1.8869370687E-07
10.24	1.3590584339E-07
10.34	9.7608126667E-08
10.44	6.9902591565E-08
10.55	4.9916929374E-08
10.65	3.5541703879E-08
10.75	2.5231952269E-08
10.85	1.7859525670E-08
10.95	1.2603241736E-08
11.05	8.8668714729E-09
11.15	6.2189885562E-09
11.25	4.3482364627E-09
11.35	3.0306362194E-09
11.45	2.1055511535E-09
11.55	1.4581145715E-09
11.65	1.0064583853E-09
11.75	6.9240835121E-10
11.85	4.7476130380E-10
11.95	3.2442954523E-10
12.05	2.2094441709E-10
12.15	1.4995096738E-10
12.25	1.0141624967E-10
12.35	6.8350811286E-11
12.45	4.5903730211E-11
12.55	3.0719081863E-11
12.65	2.0483995438E-11
12.75	1.3610039025E-11
12.86	9.0101292494E-12
12.96	5.9432700318E-12
13.06	3.9059922733E-12
13.16	2.5576689429E-12
13.26	1.6686193908E-12
13.36	1.0845853838E-12
13.46	7.0236424196E-13
13.56	4.5315158270E-13
13.66	2.9127781317E-13
13.76	1.8652895347E-13
13.86	1.1900321261E-13
13.96	7.5638429063E-14
14.06	4.7895176379E-14
14.16	3.0214068220E-14
14.26	1.8988335535E-14
14.36	1.1888521011E-14
14.46	7.4152753853E-15
14.56	4.6076979389E-15
14.66	2.8523264020E-15
14.76	1.7590060575E-15
14.86	1.0806709530E-15
14.96	6.6141062851E-16
15.06	4.0327699434E-16
15.17	2.4495614499E-16
15.27	1.4822588174E-16
15.37	8.9354068879E-17
15.47	5.3660356993E-17
15.57	3.2103135291E-17
15.67	1.9133350507E-17
15.77	1.1360207936E-17
15.87	6.7194473313E-18
15.97	3.9594090625E-18
16.07	2.3242467715E-18
16.17	1.3592002940E-18
16.27	7.9184291819E-19
16.37	4.5956386606E-19
16.47	2.6570830749E-19
16.57	1.5304501069E-19
16.67	8.7818130451E-20
16.77	5.0200250559E-20
16.87	2.8587701374E-20
16.97	1.6218418629E-20
17.07	9.1662645354E-21
17.17	5.1609605982E-21
17.27	2.8948543209E-21
17.37	1.6176198022E-21
17.48	9.0050347791E-22
17.58	4.9940105689E-22
17.68	2.7591269047E-22
17.78	1.5186314120E-22
17.88	8.3270242993E-23
17.98	4.5487145305E-23
18.08	2.4753939391E-23
18.18	1.3420288675E-23
18.28	7.2483396218E-24
18.38	3.9001035080E-24
18.48	2.0906263758E-24
18.58	1.1164422282E-24
18.68	5.9396441430E-25
18.78	3.1480721107E-25
18.88	1.6622389239E-25
18.98	8.7439024484E-26
19.08	4.5822660211E-26
19.18	2.3923312206E-26
19.28	1.2442989945E-26
19.38	6.4475656503E-27
19.48	3.3283623629E-27
19.58	1.7117183228E-27
19.68	8.7700216456E-28
19.79	4.4764573671E-28
19.89	2.2763417313E-28
19.99	1.1532033501E-28
20.09	5.8202906906E-29
20.19	2.9265151438E-29
20.29	1.4659717065E-29
20.39	7.3159406213E-30
20.49	3.6373304137E-30
20.59	1.8016403047E-30
20.69	8.8904101935E-31
20.79	4.3706617062E-31
20.89	2.1406345174E-31
20.99	1.0445009973E-31
21.09	5.0774864911E-32
21.19	2.4590025672E-32
21.29	1.1864343131E-32
21.39	5.7029474178E-33
21.49	2.7310471072E-33
21.59	1.3029645613E-33
21.69	6.1931089143E-34
21.79	2.9326521541E-34
21.89	1.3835176644E-34
21.99	6.5025789862E-35
22.10	3.0448111444E-35
22.20	1.4203998248E-35
22.30	6.6014140762E-36
22.40	3.0565954715E-36
22.50	1.4099948220E-36
22.60	6.4799499284E-37
22.70	2.9669050658E-37
22.80	1.3533547883E-37
22.90	6.1503102530E-38
23.00	2.7845921316E-38
23.10	1.2560364064E-38
23.20	5.6444603158E-39
# 1d 5/2
0.10	4.5101014538E-03
0.20	1.8024144521E-02
0.30	4.0258385156E-02
0.40	7.0746828616E-02
0.50	1.0885330021E-01
0.60	1.5378781210E-01
0.70	2.0462678698E-01
0.80	2.6033637962E-01
0.90	3.1979759284E-01
1.00	3.8183365452E-01
1.10	4.4523815743E-01
1.20	5.0880321497E-01
1.31	5.7134701701E-01
1.41	6.3173943426E-01
1.51	6.8892611888E-01
1.61	7.4194923192E-01
1.71	7.8996533977E-01
1.81	8.3225955007E-01
1.91	8.6825566607E-01
2.01	8.9752265943E-01
2.11	9.1977689356E-01
2.21	9.3488073073E-01
2.31	9.4283796246E-01
2.41	9.4378530284E-01
2.51	9.3798120354E-01
2.61	9.2579259776E-01
2.71	9.0767934035E-01
2.81	8.8417878395E-01
2.91	8.5588749859E-01
3.01	8.2344446799E-01
3.11	7.8751378491E-01
3.21	7.4876813843E-01
3.31	7.0787462412E-01
3.41	6.6547981905E-01
3.51	6.2219917294E-01
3.62	5.7860609771E-01
3.72	5.3522445183E-01
3.82	4.9252283568E-01
3.92	4.5091016341E-01
4.02	4.1073454407E-01
4.12	3.7228231058E-01
4.22	3.3578000155E-01
4.32	3.0139672621E-01
4.42	2.6924791422E-01
4.52	2.3940009966E-01
4.62	2.1187579743E-01
4.72	1.8665926914E-01
4.82	1.6370206828E-01
4.92	1.4292877256E-01
5.02	1.2424241688E-01
5.12	1.0752957307E-01
5.22	9.2665093380E-02
5.32	7.9516344213E-02
5.42	6.7946901530E-02
5.52	5.7819776347E-02
5.62	4.9000053702E-02
5.72	4.1357043089E-02
5.82	3.4765953026E-02
5.93	2.9109097787E-02
6.03	2.4276791267E-02
6.13	2.0167828815E-02
6.23	1.6689736308E-02
6.33	1.3758752065E-02
6.43	1.1299626305E-02
6.53	9.2452961915E-03
6.63	7.5364162999E-03
6.73	6.1208531488E-03
6.83	4.9531029762E-03
6.93	3.9937073721E-03
7.03	3.2086607953E-03
7.13	2.5688261979E-03
7.23	2.0493874104E-03
7.33	1.6293195633E-03
7.43	1.2909104322E-03
7.53	1.0193140969E-03
7.63	8.0215111160E-04
7.73	6.2915136147E-04
7.83	4.9183429548E-04
7.93	3.8323196173E-04
8.03	2.9764429325E-04
8.13	2.3043054736E-04
8.24	1.7782908528E-04
8.34	1.3680398744E-04
8.44	1.0491588094E-04
8.54	8.0212582861E-05
8.64	6.1138522873E-05
8.74	4.6459026502E-05
8.84	3.5198069838E-05
8.94	2.6587138097E-05
9.04	2.0023394158E-05
9.14	1.5035774094E-05
9.24	1.1257546851E-05
9.34	8.4042337901E-06
9.44	6.2559660097E-06
9.54	4.6434034885E-06
9.64	3.4365799281E-06
9.74	2.5361024832E-06
9.84	1.8661939723E-06
9.94	1.3692910243E-06
10.04	1.0017979990E-06
10.14	7.3081079620E-07
10.24	5.3157512352E-07
10.34	3.8552249893E-07
10.44	2.7877467478E-07
10.55	2.0098517981E-07
10.65	1.4446783085E-07
10.75	1.0352895741E-07
10.85	7.3964111879E-08
10.95	5.2678851144E-08
11.05	3.7401652086E-08
11.15	2.6471014016E-08
11.25	1.8674938015E-08
11.35	1.3132287864E-08
11.45	9.2044731567E-09
11.55	6.4301028733E-09
11.65	4.4769514365E-09
11.75	3.1065394223E-09
11.85	2.1482566632E-09
11.95	1.4804588464E-09
12.05	1.0167013262E-09
12.15	6.9576709150E-10
12.25	4.7445687702E-10
12.35	3.2238756294E-10
12.45	2.1827262978E-10
12.55	1.4724751795E-10
12.65	9.8972621481E-11
12.75	6.6281612732E-11
12.86	4.4225329951E-11
12.96	2.9399867839E-11
13.06	1.9471752883E-11
13.16	1.2848311378E-11
13.26	8.4462076354E-12
13.36	5.5315396758E-12
13.46	3.6090918956E-12
13.56	2.3458925845E-12
13.66	1.5190681880E-12
13.76	9.7993637043E-13
13.86	6.2975108976E-13
13.96	4.0317032077E-13
14.06	2.5712906036E-13
14.16	1.6336528078E-13
14.26	1.0339672452E-13
14.36	6.5192179264E-14
14.46	4.0946944477E-14
14.56	2.5620276729E-14
14.66	1.5969230140E-14
14.76	9.9155465892E-15
14.86	6.1332020172E-15
14.96	3.7791105741E-15
15.06	2.3196739860E-15
15.17	1.4183963807E-15
15.27	8.6397274184E-16
15.37	5.2424977846E-16
15.47	3.1688877049E-16
15.57	1.9081468598E-16
15.67	1.1445857993E-16
15.77	6.8394115495E-17
15.87	4.0712101557E-17
15.97	2.4141288829E-17
16.07	1.4260516251E-17
16.17	8.3915548504E-18
16.27	4.9191178286E-18
16.37	2.8725442254E-18
16.47	1.6710224958E-18
16.57	9.6835924951E-19
16.67	5.5901791855E-19
16.77	3.2148141953E-19
16.87	1.8417136501E-19
16.97	1.0510632839E-19
17.07	5.9755106960E-20
17.17	3.3842344224E-20
17.27	1.9093652268E-20
17.37	1.0731402143E-20
17.48	6.0085353010E-21
17.58	3.3513635496E-21
17.68	1.8621662062E-21
17.78	1.0307653300E-21
17.88	5.6838688889E-22
17.98	3.1223097786E-22
18.08	1.7086423356E-22
18.18	9.3148276747E-23
18.28	5.0587634408E-23
18.38	2.7369176399E-23
18.48	1.4751249539E-23
18.58	7.9203176569E-24
18.68	4.2365081074E-24
18.78	2.2574648866E-24
18.88	1.1983566106E-24
18.98	6.3372660469E-25
19.08	3.3386337820E-25
19.18	1.7522239464E-25
19.28	9.1613814508E-26
19.38	4.7718646847E-26
19.48	2.4760956690E-26
19.58	1.2799766551E-26
19.68	6.5916163718E-27
19.79	3.3817065189E-27
19.89	1.7283748354E-27
19.99	8.8002356865E-28
20.09	4.4638547067E-28
20.19	2.2557047753E-28
20.29	1.1355661284E-28
20.39	5.6951048978E-29
20.49	2.8454337912E-29
20.59	1.4163075108E-29
20.69	7.0230324070E-30
20.79	3.4693909019E-30
20.89	1.7074248566E-30
20.99	8.3712618917E-31
21.09	4.0888756017E-31
21.19	1.9896528416E-31
21.29	9.6452940117E-32
21.39	4.6581655960E-32
21.49	2.2411914581E-32
21.59	1.0742542943E-32
21.69	5.1297776872E-33
21.79	2.4403740770E-33
21.89	1.1565844719E-33
21.99	5.4609216503E-34
22.10	2.5687348327E-34
22.20	1.2037579157E-34
22.30	5.6198698757E-35
22.40	2.6138410663E-35
22.50	1.2111611238E-35
22.60	5.5910141527E-36
22.70	2.5712751327E-36
22.80	1.1780779249E-36
22.90	5.3773512393E-37
23.00	2.4453084206E-37
23.10	1.1078135397E-37
23.20	5.0000119744E-38
# 2s 1/2
0.10	2.9277215097E+00
0.20	2.8910012335E+00
0.30	2.8303545037E+00
0.40	2.7467778871E+00
0.50	2.6416386664E+00
0.60	2.5166427687E+00
0.70	2.3737949966E+00
0.80	2.2153517963E+00
0.90	2.0437660469E+00
1.00	1.8616373412E+00
1.10	1.6716564975E+00
1.20	1.4765491160E+00
1.31	1.2790204994E+00
1.41	1.0817017787E+00
1.51	8.8710166849E-01
1.61	6.9756153431E-01
1.71	5.1521721588E-01
1.81	3.4196707755E-01
1.91	1.7944718794E-01
2.01	2.9014077900E-02
2.11	-1.0826516534E-01
2.21	-2.3161540011E-01
2.31	-3.4054918385E-01
2.41	-4.3485607053E-01
2.51	-5.1458606909E-01
2.61	-5.8002831992E-01
2.71	-6.3168552877E-01
2.81	-6.7024632159E-01
2.91	-6.9655422176E-01
3.01	-7.1157662345E-01
3.11	-7.1637309410E-01
3.21	-7.1206436629E-01
3.31	-6.9980393474E-01
3.41	-6.8074974184E-01
3.51	-6.5604098868E-01
3.62	-6.2677587426E-01
3.72	-5.9399403720E-01
3.82	-5.5866229122E-01
3.92	-5.2166304032E-01
4.02	-4.8378767681E-01
4.12	-4.4573137605E-01
4.22	-4.0809242881E-01
4.32	-3.7137307058E-01
4.42	-3.3598285994E-01
4.52	-3.0224411319E-01
4.62	-2.7039811695E-01
4.72	-2.4061300068E-01
4.82	-2.1299177871E-01
4.92	-1.8758097218E-01
5.02	-1.6437910064E-01
5.12	-1.4334488550E-01
5.22	-1.2440511743E-01
5.32	-1.0746189953E-01
5.42	-9.2399175527E-02
5.52	-7.9088594413E-02
5.62	-6.7394522426E-02
5.72	-5.7178309711E-02
5.82	-4.8301812284E-02
5.93	-4.0630168260E-02
6.03	-3.4034036780E-02
6.13	-2.8391159936E-02
6.23	-2.3587497751E-02
6.33	-1.9517891954E-02
6.43	-1.6086382098E-02
6.53	-1.3206262721E-02
6.63	-1.0799859639E-02
6.73	-8.7981870242E-03
6.83	-7.1404344821E-03
6.93	-5.7733977483E-03
7.03	-4.6508513789E-03
7.13	-3.7328929006E-03
7.23	-2.9853056383E-03
7.33	-2.3789182801E-03
7.43	-1.8890135251E-03
7.53	-1.4947628788E-03
7.63	-1.1787118228E-03
7.73	-9.2631291642E-04
7.83	-7.2550167437E-04
7.93	-5.6632545688E-04
8.03	-4.4061176625E-04
8.13	-3.4168330035E-04
8.24	-2.6410957985E-04
8.34	-2.0349401874E-04
8.44	-1.5629346998E-04
8.54	-1.1966446639E-04
8.64	-9.1335223902E-05
8.74	-6.9498067489E-05
8.84	-5.2720603100E-05
8.94	-3.9872419849E-05
9.04	-3.0064892838E-05
9.14	-2.2602217117E-05
9.24	-1.6941638976E-05
9.34	-1.2661351597E-05
9.44	-9.4347673160E-06
9.54	-7.0099248713E-06
9.64	-5.1931325554E-06
9.74	-3.8360324318E-06
9.84	-2.8253472183E-06
9.94	-2.0749038789E-06
10.04	-1.5193494389E-06
10.14	-1.1092932005E-06
10.24	-8.0753060321E-07
10.34	-5.8611995761E-07
10.44	-4.2415290891E-07
10.55	-3.0602423663E-07
10.65	-2.2012850222E-07
10.75	-1.5785972582E-07
10.85	-1.1285642976E-07
10.95	-8.0432027404E-08
11.05	-5.7142992560E-08
11.15	-4.0468262084E-08
11.25	-2.8567189498E-08
11.35	-2.0100458732E-08
11.45	-1.4096615457E-08
11.55	-9.8532054756E-09
11.65	-6.8640319427E-09
11.75	-4.7654607013E-09
11.85	-3.2971547595E-09
11.95	-2.2733634910E-09
12.05	-1.5619953637E-09
12.15	-1.0694455112E-09
12.25	-7.2961667587E-10
12.35	-4.9599178535E-10
12.45	-3.3596096586E-10
12.55	-2.2673896208E-10
12.65	-1.5246751554E-10
12.75	-1.0214920452E-10
12.86	-6.8184931626E-11
12.96	-4.5345477496E-11
13.06	-3.0044219187E-11
13.16	-1.9831945413E-11
13.26	-1.3041893598E-11
13.36	-8.5443872004E-12
13.46	-5.5768027727E-12
13.56	-3.6261394102E-12
13.66	-2.3488719829E-12
13.76	-1.5157320492E-12
13.86	-9.7439002864E-13
13.96	-6.2400599775E-13
14.06	-3.9809317061E-13
14.16	-2.5300191919E-13
14.26	-1.6017640261E-13
14.36	-1.0102113648E-13
14.46	-6.3468848194E-14
14.56	-3.9723064335E-14
14.66	-2.4766248801E-14
14.76	-1.5381823321E-14
14.86	-9.5168009435E-15
14.96	-5.8654803545E-15
15.06	-3.6012144300E-15
15.17	-2.2025487149E-15
15.27	-1.3419357404E-15
15.37	-8.1446355053E-16
15.47	-4.9242485691E-16
15.57	-2.9658056557E-16
15.67	-1.7794063004E-16
15.77	-1.0635050088E-16
15.87	-6.3319365679E-17
15.97	-3.7554671252E-17
16.07	-2.2188478815E-17
16.17	-1.3059357805E-17
16.27	-7.6568843204E-18
16.37	-4.4721408839E-18
16.47	-2.6020365687E-18
16.57	-1.5081635596E-18
16.67	-8.7079722059E-19
16.77	-5.0087010891E-19
16.87	-2.8699073385E-19
16.97	-1.6381354029E-19
17.07	-9.3147196177E-20
17.17	-5.2762786244E-20
17.27	-2.9773339024E-20
17.37	-1.6736514226E-20
17.48	-9.3722950326E-21
17.58	-5.2283720294E-21
17.68	-2.9055598711E-21
17.78	-1.6085571833E-21
17.88	-8.8712528969E-22
17.98	-4.8739382460E-22
18.08	-2.6675788298E-22
18.18	-1.4544605825E-22
18.28	-7.9000806052E-23
18.38	-4.2747223375E-23
18.48	-2.3042683503E-23
18.58	-1.2373824765E-23
18.68	-6.6195062039E-24
18.78	-3.5277178267E-24
18.88	-1.8728944783E-24
18.98	-9.9056437007E-25
19.08	-5.2191794158E-25
19.18	-2.7395226969E-25
19.28	-1.4325087796E-25
19.38	-7.4623340040E-26
19.48	-3.8726071331E-26
19.58	-2.0021045923E-26
19.68	-1.0311564921E-26
19.79	-5.2907322261E-27
19.89	-2.7043586891E-27
19.99	-1.3771030809E-27
20.09	-6.9859793037E-28
20.19	-3.5305626716E-28
20.29	-1.7775337501E-28
20.39	-8.9155935871E-29
20.49	-4.4549157318E-29
20.59	-2.2176367814E-29
20.69	-1.0997621472E-29
20.79	-5.4333535747E-30
20.89	-2.6742153707E-30
20.99	-1.3112490352E-30
21.09	-6.4052643238E-31
21.19	-3.1170862197E-31
21.29	-1.5112098819E-31
21.39	-7.2989688280E-32
21.49	-3.5120629429E-32
21.59	-1.6835524950E-32
21.69	-8.0399590273E-33
21.79	-3.8251363962E-33
21.89	-1.8130201248E-33
21.99	-8.5610193867E-34
22.10	-4.0272872598E-34
22.20	-1.8874081557E-34
22.30	-8.8122298693E-35
22.40	-4.0989363693E-35
22.50	-1.8994415248E-35
22.60	-8.7689213655E-36
22.70	-4.0330656485E-36
22.80	-1.8479554806E-36
22.90	-8.4356048872E-37
23.00	-3.8362898122E-37
23.10	-1.7380968893E-37
23.20	-7.8452632571E-38
# 1d 3/2
0.10	4.5101014538E-03
0.20	1.8024144521E-02
0.30	4.0258385156E-02
0.40	7.0746828616E-02
0.50	1.0885330021E-01
0.60	1.5378781210E-01
0.70	2.0462678698E-01
0.80	2.6033637962E-01
0.90	3.1979759284E-01
1.00	3.8183365452E-01
1.10	4.4523815743E-01
1.20	5.0880321497E-01
1.31	5.7134701701E-01
1.41	6.3173943426E-01
1.51	6.8892611888E-01
1.61	7.4194923192E-01
1.71	7.8996533977E-01
1.81	8.3225955007E-01
1.91	8.6825566607E-01
2.01	8.9752265943E-01
2.11	9.1977689356E-01
2.21	9.3488073073E-01
2.31	9.4283796246E-01
2.41	9.4378530284E-01
2.51	9.3798120354E-01
2.61	9.2579259776E-01
2.71	9.0767934035E-01
2.81	8.8417878395E-01
2.91	8.5588749859E-01
3.01	8.2344446799E-01
3.11	7.8751378491E-01
3.21	7.4876813843E-01
3.31	7.0787462412E-01
3.41	6.6547981905E-01
3.51	6.2219917294E-01
3.62	5.7860609771E-01
3.72	5.3522445183E-01
3.82	4.9252283568E-01
3.92	4.5091016341E-01
4.02	4.1073454407E-01
4.12	3.7228231058E-01
4.22	3.3578000155E-01
4.32	3.0139672621E-01
4.42	2.6924791422E-01
4.52	2.3940009966E-01
4.62	2.1187579743E-01
4.72	1.8665926914E-01
4.82	1.6370206828E-01
4.92	1.4292877256E-01
5.02	1.2424241688E-01
5.12	1.0752957307E-01
5.22	9.2665093380E-02
5.32	7.9516344213E-02
5.42	6.7946901530E-02
5.52	5.7819776347E-02
5.62	4.9000053702E-02
5.72	4.1357043089E-02
5.82	3.4765953026E-02
5.93	2.9109097787E-02
6.03	2.4276791267E-02
6.13	2.0167828815E-02
6.23	1.6689736308E-02
6.33	1.3758752065E-02
6.43	1.1299626305E-02
6.53	9.2452961915E-03
6.63	7.5364162999E-03
6.73	6.1208531488E-03
6.83	4.9531029762E-03
6.93	3.9937073721E-03
7.03	3.2086607953E-03
7.13	2.5688261979E-03
7.23	2.0493874104E-03
7.33	1.6293195633E-03
7.43	1.2909104322E-03
7.53	1.0193140969E-03
7.63	8.0215111160E-04
7.73	6.2915136147E-04
7.83	4.9183429548E-04
7.93	3.8323196173E-04
8.03	2.9764429325E-04
8.13	2.3043054736E-04
8.24	1.7782908528E-04
8.34	1.3680398744E-04
8.44	1.0491588094E-04
8.54	8.0212582861E-05
8.64	6.1138522873E-05
8.74	4.6459026502E-05
8.84	3.5198069838E-05
8.94	2.6587138097E-05
9.04	2.0023394158E-05
9.14	1.5035774094E-05
9.24	1.1257546851E-05
9.34	8.4042337901E-06
9.44	6.2559660097E-06
9.54	4.6434034885E-06
9.64	3.4365799281E-06
9.74	2.5361024832E-06
9.84	1.8661939723E-06
9.94	1.3692910243E-06
10.04	1.0017979990E-06
10.14	7.3081079620E-07
10.24	5.3157512352E-07
10.34	3.8552249893E-07
10.44	2.7877467478E-07
10.55	2.0098517981E-07
10.65	1.4446783085E-07
10.75	1.0352895741E-07
10.85	7.3964111879E-08
10.95	5.2678851144E-08
11.05	3.7401652086E-08
11.15	2.6471014016E-08
11.25	1.8674938015E-08
11.35	1.3132287864E-08
11.45	9.2044731567E-09
11.55	6.4301028733E-09
11.65	4.4769514365E-09
11.75	3.1065394223E-09
11.85	2.1482566632E-09
11.95	1.4804588464E-09
12.05	1.0167013262E-09
12.15	6.9576709150E-10
12.25	4.7445687702E-10
12.35	3.2238756294E-10
12.45	2.1827262978E-10
12.55	1.4724751795E-10
12.65	9.8972621481E-11
12.75	6.6281612732E-11
12.86	4.4225329951E-11
12.96	2.9399867839E-11
13.06	1.9471752883E-11
13.16	1.2848311378E-11
13.26	8.4462076354E-12
13.36	5.5315396758E-12
13.46	3.6090918956E-12
13.56	2.3458925845E-12
13.66	1.5190681880E-12
13.76	9.7993637043E-13
13.86	6.2975108976E-13
13.96	4.0317032077E-13
14.06	2.5712906036E-13
14.16	1.6336528078E-13
14.26	1.0339672452E-13
14.36	6.5192179264E-14
14.46	4.0946944477E-14
14.56	2.5620276729E-14
14.66	1.5969230140E-14
14.76	9.9155465892E-15
14.86	6.1332020172E-15
14.96	3.7791105741E-15
15.06	2.3196739860E-15
15.17	1.4183963807E-15
15.27	8.6397274184E-16
15.37	5.2424977846E-16
15.47	3.1688877049E-16
15.57	1.9081468598E-16
15.67	1.1445857993E-16
15.77	6.8394115495E-17
15.87	4.0712101557E-17
15.97	2.4141288829E-17
16.07	1.4260516251E-17
16.17	8.3915548504E-18
16.27	4.9191178286E-18
16.37	2.8725442254E-18
16.47	1.6710224958E-18
16.57	9.6835924951E-19
16.67	5.5901791855E-19
16.77	3.2148141953E-19
16.87	1.8417136501E-19
16.97	1.0510632839E-19
17.07	5.9755106960E-20
17.17	3.3842344224E-20
17.27	1.9093652268E-20
17.37	1.0731402143E-20
17.48	6.0085353010E-21
17.58	3.3513635496E-21
17.68	1.8621662062E-21
17.78	1.0307653300E-21
17.88	5.6838688889E-22
17.98	3.1223097786E-22
18.08	1.7086423356E-22
18.18	9.3148276747E-23
18.28	5.0587634408E-23
18.38	2.7369176399E-23
18.48	1.4751249539E-23
18.58	7.9203176569E-24
18.68	4.2365081074E-24
18.78	2.2574648866E-24
18.88	1.1983566106E-24
18.98	6.3372660469E-25
19.08	3.3386337820E-25
19.18	1.7522239464E-25
19.28	9.1613814508E-26
19.38	4.7718646847E-26
19.48	2.4760956690E-26
19.58	1.2799766551E-26
19.68	6.5916163718E-27
19.79	3.3817065189E-27
19.89	1.7283748354E-27
19.99	8.8002356865E-28
20.09	4.4638547067E-28
20.19	2.2557047753E-28
20.29	1.1355661284E-28
20.39	5.6951048978E-29
20.49	2.8454337912E-29
20.59	1.4163075108E-29
20.69	7.0230324070E-30
20.79	3.4693909019E-30
20.89	1.7074248566E-30
20.99	8.3712618917E-31
21.09	4.0888756017E-31
21.19	1.9896528416E-31
21.29	9.6452940117E-32
21.39	4.6581655960E-32
21.49	2.2411914581E-32
21.59	1.0742542943E-32
21.69	5.1297776872E-33
21.79	2.4403740770E-33
21.89	1.1565844719E-33
21.99	5.4609216503E-34
22.10	2.5687348327E-34
22.20	1.2037579157E-34
22.30	5.6198698757E-35
22.40	2.6138410663E-35
22.50	1.2111611238E-35
22.60	5.5910141527E-36
22.70	2.5712751327E-36
22.80	1.1780779249E-36
22.90	5.3773512393E-37
23.00	2.4453084206E-37
23.10	1.1078135397E-37
23.20	5.0000119744E-38
