# 1s 1/2
0.10	8.3454970929E-02
0.20	1.6595175647E-01
0.30	2.4657499185E-01
0.40	3.2436647074E-01
0.50	3.9838506813E-01
0.60	4.6774564191E-01
0.70	5.3166945428E-01
0.80	5.8952932433E-01
0.90	6.4084103364E-01
1.00	6.8528386087E-01
1.10	7.2259870572E-01
1.20	7.5253443043E-01
1.30	7.7488917097E-01
1.40	7.8933385468E-01
1.50	7.9553408647E-01
1.60	7.9309202918E-01
1.70	7.8169981188E-01
1.80	7.6122290791E-01
1.90	7.3191094742E-01
2.00	6.9448262485E-01
2.10	6.5015506389E-01
2.20	6.0060039723E-01
2.30	5.4778400624E-01
2.40	4.9372175674E-01
2.50	4.4027846143E-01
2.60	3.8900147276E-01
2.70	3.4100542546E-01
2.80	2.9699207953E-01
2.90	2.5730311365E-01
3.00	2.2198093980E-01
3.10	1.9087591822E-01
3.20	1.6370793155E-01
3.30	1.4013297625E-01
3.40	1.1976815483E-01
3.50	1.0224580543E-01
3.60	8.7210949135E-02
3.70	7.4338417948E-02
3.80	6.3334036961E-02
3.90	5.3937231212E-02
4.00	4.5921488478E-02
4.10	3.9089557488E-02
4.20	3.3268889126E-02
4.30	2.8311010574E-02
4.40	2.4089993800E-02
4.50	2.0496780463E-02
4.60	1.7438594852E-02
4.70	1.4836310737E-02
4.80	1.2621858051E-02
4.90	1.0737884691E-02
5.00	9.1350814100E-03
5.10	7.7715762347E-03
5.20	6.6112211360E-03
5.30	5.6239771481E-03
5.40	4.7841686089E-03
5.50	4.0697733507E-03
5.60	3.4618605061E-03
5.70	2.9446474739E-03
5.80	2.5046753716E-03
5.90	2.1304133315E-03
6.00	1.8119249944E-03
6.10	1.5408708026E-03
6.20	1.3101661102E-03
6.30	1.1138488410E-03
6.40	9.4670140454E-04
6.50	8.0437536052E-04
6.60	6.8302787377E-04
6.70	5.7963801102E-04
6.80	4.9141307617E-04
6.90	4.1603647897E-04
7.00	3.5146398423E-04
7.10	2.9614445161E-04
7.20	2.4847761089E-04
7.30	2.0749537746E-04
7.40	1.7534250240E-04
7.50	-1.3474168814E-04
# 1p 3/2
0.10	5.5369012394E-03
0.20	2.1961726832E-02
0.30	4.8870469727E-02
0.40	8.5543950703E-02
0.50	1.3099236407E-01
0.60	1.8399262647E-01
0.70	2.4313132622E-01
0.80	3.0685536516E-01
0.90	3.7353911331E-01
1.00	4.4151495724E-01
1.10	5.0911157760E-01
1.20	5.7465186677E-01
1.30	6.3637598030E-01
1.40	6.9253162160E-01
1.50	7.4126739854E-01
1.60	7.8078573850E-01
1.70	8.0943279987E-01
1.80	8.2581392284E-01
1.90	8.2906773168E-01
2.00	8.1905103766E-01
2.10	7.9642990564E-01
2.20	7.6268308436E-01
2.30	7.1999114751E-01
2.40	6.7089659495E-01
2.50	6.1798695016E-01
2.60	5.6363642224E-01
2.70	5.0981957386E-01
2.80	4.5802867349E-01
2.90	4.0927655851E-01
3.00	3.6416518549E-01
3.10	3.2296194181E-01
3.20	2.8571431920E-01
3.30	2.5229332311E-01
3.40	2.2247894068E-01
3.50	1.9599244743E-01
3.60	1.7254005657E-01
3.70	1.5182218128E-01
3.80	1.3355138544E-01
3.90	1.1745620961E-01
4.00	1.0329116090E-01
4.10	9.0828241310E-02
4.20	7.9870862767E-02
4.30	7.0237794160E-02
4.40	6.1768824282E-02
4.50	5.4324705864E-02
4.60	4.7781443310E-02
4.70	4.2029887423E-02
4.80	3.6973709966E-02
4.90	3.2528686313E-02
5.00	2.8620391155E-02
5.10	2.5183451153E-02
5.20	2.2160846261E-02
5.30	1.9502255593E-02
5.40	1.7163210228E-02
5.50	1.5105276101E-02
5.60	1.3294520149E-02
5.70	1.1700925461E-02
5.80	1.0298089415E-02
5.90	9.0630609675E-03
6.00	7.9756901560E-03
6.10	7.0180252685E-03
6.20	6.1743060675E-03
6.30	5.4307224343E-03
6.40	4.7751125776E-03
6.50	4.1967540250E-03
6.60	3.6865190487E-03
6.70	3.2347120648E-03
6.80	2.8376946389E-03
6.90	2.4825935929E-03
7.00	2.1700538506E-03
7.10	1.8910650886E-03
7.20	1.6424049650E-03
7.30	1.4203136626E-03
7.40	1.2308723675E-03
7.50	-1.0196339051E-03
# 1p 1/2
0.10	5.5553791725E-03
0.20	2.1938425875E-02
0.30	4.8848625459E-02
0.40	8.5522966900E-02
0.50	1.3097212605E-01
0.60	1.8397299525E-01
0.70	2.4310517321E-01
0.80	3.0682844965E-01
0.90	3.7352713789E-01
1.00	4.4152735204E-01
1.10	5.0913768719E-01
1.20	5.7467474081E-01
1.30	6.3638665859E-01
1.40	6.9249055441E-01
1.50	7.4121359966E-01
1.60	7.8071857925E-01
1.70	8.0935579849E-01
1.80	8.2573222422E-01
1.90	8.2899185554E-01
2.00	8.1897738874E-01
2.10	7.9635394473E-01
2.20	7.6266120949E-01
2.30	7.2000465677E-01
2.40	6.7092971107E-01
2.50	6.1804170411E-01
2.60	5.6370979059E-01
2.70	5.0991634998E-01
2.80	4.5813932115E-01
2.90	4.0939659263E-01
3.00	3.6428889278E-01
3.10	3.2309548655E-01
3.20	2.8584716078E-01
3.30	2.5242339717E-01
3.40	2.2260306192E-01
3.50	1.9611262461E-01
3.60	1.7265587704E-01
3.70	1.5193181726E-01
3.80	1.3364964523E-01
3.90	1.1754653061E-01
4.00	1.0336873550E-01
4.10	9.0898704971E-02
4.20	7.9931675201E-02
4.30	7.0291908652E-02
4.40	6.1820280527E-02
4.50	5.4374087926E-02
4.60	4.7828583417E-02
4.70	4.2074790953E-02
4.80	3.7017815400E-02
4.90	3.2571707326E-02
5.00	2.8662801245E-02
5.10	2.5225685810E-02
5.20	2.2203302127E-02
5.30	1.9545811949E-02
5.40	1.7209524800E-02
5.50	1.5154797832E-02
5.60	1.3347591943E-02
5.70	1.1758120537E-02
5.80	1.0360585006E-02
5.90	9.1317112683E-03
6.00	8.0511309325E-03
6.10	7.1011243440E-03
6.20	6.2662991841E-03
6.30	5.5329635826E-03
6.40	4.8892667788E-03
6.50	4.3246898746E-03
6.60	3.8294313073E-03
6.70	3.3979430797E-03
6.80	3.0162183130E-03
6.90	2.6897007387E-03
7.00	2.4013228379E-03
7.10	2.1532008415E-03
7.20	1.9385944509E-03
7.30	1.7530265384E-03
7.40	1.5775127519E-03
7.50	-1.4872990353E-03
