0   0.0369047
0.1   0.0364836
0.2   0.0360625
0.3   0.0356414
0.4   0.0352203
0.5   0.0347992
0.6   0.0343781
0.7   0.0339473
0.8   0.0334726
0.9   0.0329507
1   0.0323981
1.1   0.0318226
1.2   0.0312336
1.3   0.0306424
1.4   0.0300596
1.5   0.0294961
1.6   0.0289624
1.7   0.0284685
1.8   0.0280233
1.9   0.0276344
2   0.027308
2.1   0.0270483
2.2   0.0268576
2.3   0.0267365
2.4   0.0266829
2.5   0.026693
2.6   0.026761
2.7   0.0268791
2.8   0.0270378
2.9   0.0272264
3   0.0274327
3.1   0.0276437
3.2   0.027846
3.3   0.0280256
3.4   0.0281684
3.5   0.0282609
3.6   0.0282896
3.7   0.0282422
3.8   0.0281071
3.9   0.027874
4   0.0275345
4.1   0.0270818
4.2   0.0265113
4.3   0.0258212
4.4   0.0250122
4.5   0.0240881
4.6   0.0230564
4.7   0.0219272
4.8   0.0207141
4.9   0.0194333
5   0.0181033
5.1   0.016744
5.2   0.0153761
5.3   0.0140196
5.4   0.0126938
5.5   0.0114156
5.6   0.0101995
5.7   0.00905695
5.8   0.00799594
5.9   0.00702143
6   0.0061355
6.1   0.00533755
6.2   0.00462492
6.3   0.00399338
6.4   0.0034375
6.5   0.00295118
6.6   0.00252799
6.7   0.00216143
6.8   0.00184519
6.9   0.0015733
7   0.00134019
7.1   0.00114083
7.2   0.000970666
7.3   0.000825638
7.4   0.0007022
7.5   0.000597236
7.6   0.000508035
7.7   0.000432272
7.79999   0.000367939
7.89999   0.000313312
7.99999   0.00026693
8.09999   0.000227541
8.2   0.000194077
8.3   0.00016564
8.4   0.000141465
8.5   0.000120899
8.6   0.000103397
8.7   8.84919e-05
8.8   7.57904e-05
8.9   6.49593e-05
9   5.57177e-05
9.1   4.78259e-05
9.2   4.10819e-05
9.3   3.53152e-05
9.4   3.03801e-05
9.5   2.61534e-05
9.6   2.25311e-05
9.7   1.94244e-05
9.8   1.67577e-05
9.9   1.44672e-05
10   1.24984e-05
10.1   1.08048e-05
10.2   9.34695e-06
10.3   8.09117e-06
10.4   7.00859e-06
10.5   6.07475e-06
10.6   5.26868e-06
10.7   4.57236e-06
10.8   3.97049e-06
10.9   3.44993e-06
11   2.99937e-06
11.1   2.60916e-06
11.2   2.27102e-06
11.3   1.9778e-06
11.4   1.72338e-06
11.5   1.50252e-06
11.6   1.31065e-06
11.7   1.14387e-06
11.8   9.98839e-07
11.9   8.72634e-07
12   7.62748e-07
12.1   6.67029e-07
12.2   5.83602e-07
12.3   5.10846e-07
12.4   4.4737e-07
12.5   3.9196e-07
12.6   3.43564e-07
12.7   3.01277e-07
12.8   2.6431e-07
12.9   2.31976e-07
13   2.03682e-07
13.1   1.78914e-07
13.2   1.5722e-07
13.3   1.38211e-07
13.4   1.21548e-07
13.5   1.06935e-07
13.6   9.41142e-08
13.7   8.28614e-08
13.8   7.29804e-08
13.9   6.43005e-08
14   5.66732e-08
14.1   4.99678e-08
14.2   4.40707e-08
14.3   3.88827e-08
14.4   3.43167e-08
14.5   3.02966e-08
14.6   2.67561e-08
14.7   2.36367e-08
14.8   2.08874e-08
14.9   1.84635e-08
15   1.63258e-08
15.1   1.44397e-08
15.2   1.27753e-08
15.3   1.1306e-08
15.4   1.00084e-08
