0   0.0184815
0.1   0.018314
0.2   0.0181465
0.3   0.0179791
0.4   0.0178116
0.5   0.0176441
0.6   0.0174767
0.7   0.0173092
0.8   0.0171414
0.9   0.0169672
1   0.0167774
1.1   0.0165723
1.2   0.0163565
1.3   0.0161324
1.4   0.0159019
1.5   0.0156676
1.6   0.0154322
1.7   0.0151986
1.8   0.0149692
1.9   0.014747
2   0.0145346
2.1   0.0143343
2.2   0.0141485
2.3   0.0139793
2.4   0.0138285
2.5   0.0136975
2.6   0.0135875
2.7   0.0134991
2.8   0.0134326
2.9   0.013388
3   0.0133648
3.1   0.013362
3.2   0.0133783
3.3   0.0134119
3.4   0.0134607
3.5   0.0135225
3.6   0.0135943
3.7   0.0136734
3.8   0.0137566
3.9   0.0138406
4   0.0139219
4.1   0.0139971
4.2   0.0140626
4.3   0.014115
4.4   0.0141508
4.5   0.0141668
4.6   0.0141597
4.7   0.0141265
4.8   0.0140646
4.9   0.0139714
5   0.0138448
5.1   0.0136829
5.2   0.0134844
5.3   0.0132485
5.4   0.0129747
5.5   0.0126633
5.6   0.012315
5.7   0.0119314
5.8   0.0115144
5.9   0.0110669
6   0.0105921
6.1   0.0100941
6.2   0.00957713
6.3   0.00904609
6.4   0.00850597
6.5   0.00796196
6.6   0.00741918
6.7   0.00688261
6.8   0.0063569
6.9   0.00584627
7   0.00535441
7.1   0.00488444
7.2   0.00443878
7.3   0.0040193
7.4   0.0036271
7.5   0.00326286
7.6   0.00292656
7.7   0.00261787
7.79999   0.00233595
7.89999   0.00207976
7.99999   0.00184793
8.09999   0.00163901
8.2   0.00145141
8.3   0.0012835
8.4   0.00113365
8.5   0.00100028
8.6   0.000881823
8.7   0.000776844
8.8   0.00068396
8.9   0.000601911
9   0.000529518
9.1   0.000465723
9.2   0.000409549
9.3   0.000360128
9.4   0.000316671
9.5   0.000278478
9.6   0.000244924
9.7   0.00021545
9.8   0.000189567
9.9   0.000166836
10   0.000146876
10.1   0.000129345
10.2   0.000113948
10.3   0.000100421
10.4   8.85352e-05
10.5   7.80876e-05
10.6   6.89025e-05
10.7   6.08241e-05
10.8   5.37167e-05
10.9   4.74613e-05
11   4.19532e-05
11.1   3.71019e-05
11.2   3.28263e-05
11.3   2.90573e-05
11.4   2.57326e-05
11.5   2.27993e-05
11.6   2.02095e-05
11.7   1.79224e-05
11.8   1.59013e-05
11.9   1.41146e-05
12   1.25344e-05
12.1   1.11361e-05
12.2   9.89833e-06
12.3   8.80194e-06
12.4   7.83053e-06
12.5   6.96928e-06
12.6   6.20551e-06
12.7   5.52774e-06
12.8   4.92612e-06
12.9   4.39178e-06
13   3.91704e-06
13.1   3.49502e-06
13.2   3.11974e-06
13.3   2.78586e-06
13.4   2.48868e-06
13.5   2.22408e-06
13.6   1.98836e-06
13.7   1.7783e-06
13.8   1.59102e-06
13.9   1.42399e-06
14   1.27495e-06
14.1   1.14193e-06
14.2   1.02314e-06
14.3   9.17035e-07
14.4   8.22212e-07
14.5   7.37443e-07
14.6   6.61637e-07
14.7   5.93817e-07
14.8   5.33125e-07
14.9   4.78786e-07
15   4.30125e-07
15.1   3.86527e-07
15.2   3.47459e-07
15.3   3.12431e-07
15.4   2.81021e-07
15.5   2.52841e-07
15.6   2.27555e-07
15.7   2.04856e-07
15.8   1.84473e-07
15.9   1.66166e-07
16   1.49715e-07
16.1   1.34931e-07
16.2   1.21639e-07
16.3   1.09686e-07
16.4   9.89322e-08
16.5   8.92566e-08
16.6   8.05472e-08
16.7   7.27063e-08
16.8   6.56446e-08
16.9   5.92834e-08
17   5.35514e-08
17.1   4.83851e-08
17.2   4.37276e-08
17.3   3.95274e-08
17.4   3.57389e-08
17.5   3.23207e-08
17.6   2.9236e-08
17.7   2.64514e-08
17.8   2.39373e-08
17.9   2.16667e-08
18   1.96157e-08
18.1   1.77624e-08
18.2   1.60876e-08
18.3   1.45737e-08
18.4   1.32048e-08
18.5   1.19669e-08
18.6   1.08471e-08
