0   0.0195274
0.1   0.0193471
0.2   0.0191669
0.3   0.0189867
0.4   0.0188065
0.5   0.0186262
0.6   0.018446
0.7   0.0182658
0.8   0.0180848
0.9   0.0178953
1   0.0176878
1.1   0.0174644
1.2   0.0172302
1.3   0.0169873
1.4   0.0167379
1.5   0.0164851
1.6   0.0162321
1.7   0.0159817
1.8   0.0157371
1.9   0.0155013
2   0.0152771
2.1   0.0150672
2.2   0.0148741
2.3   0.0147001
2.4   0.0145469
2.5   0.014416
2.6   0.0143085
2.7   0.014225
2.8   0.0141655
2.9   0.0141297
3   0.0141169
3.1   0.0141257
3.2   0.0141543
3.3   0.0142006
3.4   0.0142621
3.5   0.0143359
3.6   0.0144187
3.7   0.0145072
3.8   0.0145977
3.9   0.0146864
4   0.0147694
4.1   0.0148429
4.2   0.0149029
4.3   0.0149455
4.4   0.0149671
4.5   0.0149641
4.6   0.014933
4.7   0.0148708
4.8   0.0147747
4.9   0.0146422
5   0.0144712
5.1   0.0142602
5.2   0.0140082
5.3   0.0137147
5.4   0.0133799
5.5   0.0130048
5.6   0.0125909
5.7   0.0121406
5.8   0.0116569
5.9   0.0111438
6   0.0106055
6.1   0.0100471
6.2   0.00947394
6.3   0.00889167
6.4   0.00830607
6.5   0.00772285
6.6   0.00714751
6.7   0.00658513
6.8   0.00604034
6.9   0.00551704
7   0.00501857
7.1   0.00454738
7.2   0.00410538
7.3   0.00369357
7.4   0.00331247
7.5   0.00296191
7.6   0.0026413
7.7   0.00234961
7.79999   0.00208549
7.89999   0.0018474
7.99999   0.00163362
8.09999   0.00144235
8.2   0.00127177
8.3   0.00112007
8.4   0.000985506
8.5   0.000866405
8.6   0.000761194
8.7   0.00066841
8.8   0.000586696
8.9   0.000514828
9   0.000451673
9.1   0.000396231
9.2   0.000347584
9.3   0.00030493
9.4   0.000267539
9.5   0.000234775
9.6   0.000206069
9.7   0.00018092
9.8   0.00015889
9.9   0.000139587
10   0.000122676
10.1   0.000107854
10.2   9.48623e-05
10.3   8.347e-05
10.4   7.34788e-05
10.5   6.47123e-05
10.6   5.7018e-05
10.7   5.02621e-05
10.8   4.43274e-05
10.9   3.91126e-05
11   3.45273e-05
11.1   3.04948e-05
11.2   2.69458e-05
11.3   2.38217e-05
11.4   2.10697e-05
11.5   1.86447e-05
11.6   1.65066e-05
11.7   1.46207e-05
11.8   1.29564e-05
11.9   1.14868e-05
12   1.01888e-05
12.1   9.04151e-06
12.2   8.02715e-06
12.3   7.12973e-06
12.4   6.33552e-06
12.5   5.63224e-06
12.6   5.00922e-06
12.7   4.45705e-06
12.8   3.96741e-06
12.9   3.53308e-06
13   3.14757e-06
13.1   2.80531e-06
13.2   2.50125e-06
13.3   2.23106e-06
13.4   1.99083e-06
13.5   1.77716e-06
13.6   1.58704e-06
13.7   1.41778e-06
13.8   1.26706e-06
13.9   1.13277e-06
14   1.01309e-06
14.1   9.06372e-07
14.2   8.11188e-07
14.3   7.26248e-07
14.4   6.50429e-07
14.5   5.82721e-07
14.6   5.22237e-07
14.7   4.68185e-07
14.8   4.19863e-07
14.9   3.76651e-07
15   3.37991e-07
15.1   3.03395e-07
15.2   2.72423e-07
15.3   2.44688e-07
15.4   2.19841e-07
15.5   1.97576e-07
15.6   1.77617e-07
15.7   1.59721e-07
15.8   1.43668e-07
15.9   1.29264e-07
16   1.16337e-07
16.1   1.04731e-07
16.2   9.43078e-08
16.3   8.49441e-08
16.4   7.65303e-08
16.5   6.89675e-08
16.6   6.21677e-08
16.7   5.60525e-08
16.8   5.0551e-08
16.9   4.56008e-08
17   4.11449e-08
17.1   3.71334e-08
17.2   3.35207e-08
17.3   3.02665e-08
17.4   2.73344e-08
17.5   2.46919e-08
17.6   2.23097e-08
17.7   2.01617e-08
17.8   1.82246e-08
17.9   1.64769e-08
18   1.49001e-08
18.1   1.34768e-08
18.2   1.21921e-08
18.3   1.1032e-08
