0   0.0420078
0.1   0.0415074
0.2   0.0410069
0.3   0.0405064
0.4   0.0400059
0.5   0.0395054
0.6   0.0390045
0.7   0.0384815
0.8   0.0378964
0.9   0.0372609
1   0.0365917
1.1   0.0358987
1.2   0.0351958
1.3   0.0344971
1.4   0.0338166
1.5   0.0331682
1.6   0.0325651
1.7   0.0320193
1.8   0.0315412
1.9   0.0311392
2   0.0308192
2.1   0.0305847
2.2   0.0304365
2.3   0.0303722
2.4   0.0303869
2.5   0.0304728
2.6   0.0306198
2.7   0.0308154
2.8   0.0310451
2.9   0.0312932
3   0.0315426
3.1   0.0317755
3.2   0.0319738
3.3   0.0321195
3.4   0.0321951
3.5   0.0321837
3.6   0.0320699
3.7   0.0318395
3.8   0.0314808
3.9   0.0309839
4   0.0303423
4.1   0.0295524
4.2   0.0286146
4.3   0.0275331
4.4   0.0263169
4.5   0.0249789
4.6   0.0235365
4.7   0.0220109
4.8   0.0204259
4.9   0.0188075
5   0.0171825
5.1   0.0155768
5.2   0.0140147
5.3   0.0125173
5.4   0.0111022
5.5   0.00978247
5.6   0.00856711
5.7   0.0074607
5.8   0.00646412
5.9   0.00557517
6   0.00478913
6.1   0.00409945
6.2   0.0034985
6.3   0.00297802
6.4   0.00252957
6.5   0.00214494
6.6   0.00181629
6.7   0.00153637
6.8   0.00129858
6.9   0.00109703
7   0.000926476
7.1   0.000782348
7.2   0.000660679
7.3   0.000558034
7.4   0.000471479
7.5   0.000398517
7.6   0.000337012
7.7   0.000285156
7.79999   0.000241431
7.89999   0.000204549
7.99999   0.000173422
8.09999   0.00014714
8.2   0.000124936
8.3   0.000106166
8.4   9.02858e-05
8.5   7.68429e-05
8.6   6.54545e-05
8.7   5.57981e-05
8.8   4.76047e-05
8.9   4.06472e-05
9   3.47342e-05
9.1   2.97046e-05
9.2   2.54234e-05
9.3   2.17762e-05
9.4   1.86663e-05
9.5   1.60127e-05
9.6   1.37467e-05
9.7   1.181e-05
9.8   1.01535e-05
9.9   8.73561e-06
10   7.52102e-06
10.1   6.47974e-06
10.2   5.58645e-06
10.3   4.81955e-06
10.4   4.16064e-06
10.5   3.59413e-06
10.6   3.10675e-06
10.7   2.68713e-06
10.8   2.3256e-06
10.9   2.01393e-06
11   1.74507e-06
11.1   1.51298e-06
11.2   1.3125e-06
11.3   1.13922e-06
11.4   9.89371e-07
11.5   8.59689e-07
11.6   7.47405e-07
11.7   6.50127e-07
11.8   5.65796e-07
11.9   4.92652e-07
12   4.29178e-07
12.1   3.74062e-07
12.2   3.26178e-07
12.3   2.84558e-07
12.4   2.48363e-07
12.5   2.16869e-07
12.6   1.89452e-07
12.7   1.65575e-07
12.8   1.44768e-07
12.9   1.26628e-07
13   1.10808e-07
13.1   9.70035e-08
13.2   8.49523e-08
13.3   7.44275e-08
13.4   6.52319e-08
13.5   5.71938e-08
13.6   5.01648e-08
13.7   4.40158e-08
13.8   3.86345e-08
13.9   3.39228e-08
14   2.97962e-08
14.1   2.61805e-08
14.2   2.30113e-08
14.3   2.02323e-08
14.4   1.77947e-08
14.5   1.56558e-08
14.6   1.37783e-08
14.7   1.21297e-08
14.8   1.06816e-08
