# 1s 1/2
0.10	1.6149347984E+00
0.20	1.6074782939E+00
0.30	1.5950632391E+00
0.40	1.5777888911E+00
0.50	1.5558020081E+00
0.60	1.5292944923E+00
0.70	1.4984959907E+00
0.80	1.4636590435E+00
0.90	1.4250659567E+00
1.00	1.3830230502E+00
1.11	1.3378599453E+00
1.21	1.2899208039E+00
1.31	1.2395648051E+00
1.41	1.1871588516E+00
1.51	1.1330771088E+00
1.61	1.0776947774E+00
1.71	1.0213870691E+00
1.81	9.6452458367E-01
1.91	9.0747128912E-01
2.01	8.5058146332E-01
2.11	7.9419647519E-01
2.21	7.3864307085E-01
2.31	6.8422890287E-01
2.41	6.3124181586E-01
2.51	5.7994441794E-01
2.61	5.3057411212E-01
2.71	4.8333738393E-01
2.81	4.3841055879E-01
2.92	3.9593475491E-01
3.02	3.5601757241E-01
3.12	3.1872966152E-01
3.22	2.8410758806E-01
3.32	2.5215262518E-01
3.42	2.2283482660E-01
3.52	1.9609407087E-01
3.62	1.7184501770E-01
3.72	1.4997986236E-01
3.82	1.3037356076E-01
3.92	1.1288742449E-01
4.02	9.7373933124E-02
4.12	8.3680303924E-02
4.22	7.1652372831E-02
4.32	6.1137523955E-02
4.42	5.1987401760E-02
4.52	4.4059920449E-02
4.62	3.7220836565E-02
4.72	3.1344840238E-02
4.83	2.6316190242E-02
4.93	2.2029056972E-02
5.03	1.8387488506E-02
5.13	1.5305234262E-02
5.23	1.2705299207E-02
5.33	1.0519463729E-02
5.43	8.6876319622E-03
5.53	7.1572160591E-03
5.63	5.8824233684E-03
5.73	4.8236191919E-03
5.83	3.9466429671E-03
5.93	3.2222169029E-03
6.03	2.6253396394E-03
6.13	2.1347736681E-03
6.23	1.7325363340E-03
6.33	1.4034762735E-03
6.43	1.1348637262E-03
6.53	9.1605291573E-04
6.64	7.3816353991E-04
6.74	5.9381930016E-04
6.84	4.7690760996E-04
6.94	3.8238196256E-04
7.04	3.0608542656E-04
7.14	2.4460446216E-04
7.24	1.9514231617E-04
7.34	1.5541305003E-04
7.44	1.2355259095E-04
7.54	9.8043380713E-05
7.64	7.7652961971E-05
7.74	6.1381388273E-05
7.84	4.8419407281E-05
7.94	3.8112394245E-05
8.04	2.9932176038E-05
8.14	2.3452682362E-05
8.24	1.8331103492E-05
8.34	1.4291667162E-05
8.44	1.1113104984E-05
8.55	8.6179520265E-06
8.65	6.6642427250E-06
8.75	5.1385027683E-06
8.85	3.9502662572E-06
8.95	3.0275068560E-06
9.05	2.3130310005E-06
9.15	1.7615087038E-06
9.25	1.3371115008E-06
9.35	1.0115885576E-06
9.45	7.6272860078E-07
9.55	5.7311819634E-07
9.65	4.2914744398E-07
9.75	3.2021306769E-07
9.85	2.3808132582E-07
9.95	1.7638055758E-07
10.05	1.3019726365E-07
10.15	9.5756200160E-08
10.25	7.0167378705E-08
10.36	5.1226813149E-08
10.46	3.7260179049E-08
10.56	2.7000408612E-08
10.66	1.9492491502E-08
10.76	1.4019410016E-08
10.86	1.0045071913E-08
10.96	7.1702148502E-09
11.06	5.0987549370E-09
11.16	3.6119746095E-09
11.26	2.5490134053E-09
11.36	1.7920197323E-09
11.46	1.2550356314E-09
11.56	8.7560599712E-10
11.66	6.0855672214E-10
11.76	4.2133755488E-10
11.86	2.9060097737E-10
11.96	1.9966367416E-10
12.06	1.3665886336E-10
12.16	9.3177425009E-11
12.27	6.3287797034E-11
12.37	4.2821616698E-11
12.47	2.8863077584E-11
12.57	1.9380105081E-11
12.67	1.2963032924E-11
12.77	8.6375682489E-12
12.87	5.7334254507E-12
12.97	3.7911585218E-12
13.07	2.4972875580E-12
13.17	1.6387065337E-12
13.27	1.0712080775E-12
13.37	6.9756324700E-13
13.47	4.5251675731E-13
13.57	2.9243141360E-13
13.67	1.8825914711E-13
13.77	1.2073347199E-13
13.87	7.7133569914E-14
13.97	4.9090790113E-14
14.08	3.1124487744E-14
14.18	1.9658328536E-14
14.28	1.2369098226E-14
14.38	7.7530578745E-15
14.48	4.8412393820E-15
14.58	3.0115146546E-15
14.68	1.8662224401E-15
14.78	1.1520944162E-15
14.88	7.0853968209E-16
14.98	4.3409806959E-16
15.08	2.6495028190E-16
15.18	1.6109787038E-16
15.28	9.7581940601E-17
15.38	5.8884266842E-17
15.48	3.5398485477E-17
15.58	2.1199300047E-17
15.68	1.2647808002E-17
15.78	7.5172963383E-18
15.88	4.4510887814E-18
15.99	2.6255766983E-18
16.09	1.5429170603E-18
16.19	9.0326564213E-19
16.29	5.2680394916E-19
16.39	3.0608266313E-19
16.49	1.7717001638E-19
16.59	1.0216426310E-19
16.69	5.8690890463E-20
16.79	3.3589284748E-20
16.89	1.9151147989E-20
16.99	1.0877980629E-20
17.09	6.1555491101E-21
17.19	3.4701300383E-21
17.29	1.9489054275E-21
17.39	1.0904285097E-21
17.49	6.0781396934E-22
17.59	3.3752545618E-22
17.69	1.8672840235E-22
17.80	1.0291472958E-22
17.90	5.6508476489E-23
18.00	3.0911058088E-23
18.10	1.6845500915E-23
18.20	9.1457447689E-24
18.30	4.9468057772E-24
18.40	2.6656098430E-24
18.50	1.4310004151E-24
18.60	7.6533170789E-25
18.70	4.0778560805E-25
# 1p 3/2
0.10	7.9604937018E-02
0.20	1.5890307767E-01
0.30	2.3672623077E-01
0.40	3.1235681774E-01
0.50	3.8510869442E-01
0.60	4.5433822158E-01
0.70	5.1945288634E-01
0.80	5.7991477112E-01
0.90	6.3524928990E-01
1.00	6.8504971507E-01
1.11	7.2898273995E-01
1.21	7.6678904462E-01
1.31	7.9828720638E-01
1.41	8.2337236206E-01
1.51	8.4201777957E-01
1.61	8.5427172116E-01
1.71	8.6025683735E-01
1.81	8.6016604663E-01
1.91	8.5425949163E-01
2.01	8.4285986490E-01
2.11	8.2634665868E-01
2.21	8.0515109798E-01
2.31	7.7974742218E-01
2.41	7.5064730415E-01
2.51	7.1838821751E-01
2.61	6.8352722350E-01
2.71	6.4662708298E-01
2.81	6.0824964600E-01
2.92	5.6894112572E-01
3.02	5.2922588501E-01
3.12	4.8959285937E-01
3.22	4.5049094438E-01
3.32	4.1231857398E-01
3.42	3.7542183741E-01
3.52	3.4008855427E-01
3.62	3.0654963856E-01
3.72	2.7497789969E-01
3.82	2.4549231445E-01
3.92	2.1816070288E-01
4.02	1.9300588570E-01
4.12	1.7001074826E-01
4.22	1.4912501375E-01
4.32	1.3027114308E-01
4.42	1.1335063196E-01
4.52	9.8249547410E-02
4.62	8.4843666029E-02
4.72	7.3002958867E-02
4.83	6.2595315677E-02
4.93	5.3489748792E-02
5.03	4.5558765116E-02
5.13	3.8680368104E-02
5.23	3.2739313022E-02
5.33	2.7628139424E-02
5.43	2.3247601848E-02
5.53	1.9507004683E-02
5.63	1.6324084509E-02
5.73	1.3624893958E-02
5.83	1.1343362221E-02
5.93	9.4209225322E-03
6.03	7.8059192699E-03
6.13	6.4531181902E-03
6.23	5.3230752452E-03
6.33	4.3816207731E-03
6.43	3.5992617437E-03
6.53	2.9506943213E-03
6.64	2.4142785342E-03
6.74	1.9716076144E-03
6.84	1.6070709583E-03
6.94	1.3074914995E-03
7.04	1.0617776057E-03
7.14	8.6062917176E-04
7.24	6.9627010274E-04
7.34	5.6221778991E-04
7.44	4.5308350235E-04
7.54	3.6439686694E-04
7.64	2.9246043439E-04
7.74	2.3421965308E-04
7.84	1.8715884730E-04
7.94	1.4920727292E-04
8.04	1.1866573032E-04
8.14	9.4140161611E-05
8.24	7.4490383867E-05
8.34	5.8783992533E-05
8.44	4.6260799244E-05
8.55	3.6301264521E-05
8.65	2.8401961402E-05
8.75	2.2154157282E-05
8.85	1.7226963495E-05
8.95	1.3352885724E-05
9.05	1.0316306692E-05
9.15	7.9437716710E-06
9.25	6.0961591649E-06
9.35	4.6621686058E-06
9.45	3.5530332469E-06
9.55	2.6981708751E-06
9.65	2.0416423541E-06
9.75	1.5392633881E-06
9.85	1.1562554901E-06
9.95	8.6534352076E-07
10.05	6.4521541266E-07
10.15	4.7928229392E-07
10.25	3.5468168133E-07
10.36	2.6147978557E-07
10.46	1.9203573467E-07
10.56	1.4049589135E-07
10.66	1.0239468561E-07
10.76	7.4339206152E-08
10.86	5.3762742156E-08
10.96	3.8731424616E-08
11.06	2.7794689263E-08
11.16	1.9868855802E-08
11.26	1.4148015283E-08
11.36	1.0035217591E-08
11.46	7.0903333058E-09
11.56	4.9901372395E-09
11.66	3.4983652492E-09
11.76	2.4429934439E-09
11.86	1.6993604878E-09
11.96	1.1774775202E-09
12.06	8.1269168875E-10
12.16	5.5873130317E-10
12.27	3.8263694147E-10
12.37	2.6102097876E-10
12.47	1.7736654964E-10
12.57	1.2005318516E-10
12.67	8.0944037608E-11
12.77	5.4362954734E-11
12.87	3.6369063972E-11
12.97	2.4236493119E-11
13.07	1.6088670992E-11
13.17	1.0638511881E-11
13.27	7.0073902906E-12
13.37	4.5977346331E-12
13.47	3.0050262201E-12
13.57	1.9564408501E-12
13.67	1.2688317938E-12
13.77	8.1970472748E-13
13.87	5.2751136950E-13
13.97	3.3816156926E-13
14.08	2.1594333085E-13
14.18	1.3736477136E-13
14.28	8.7043463905E-14
14.38	5.4943833963E-14
14.48	3.4548489217E-14
14.58	2.1640291477E-14
14.68	1.3502882741E-14
14.78	8.3929715033E-15
14.88	5.1968040646E-15
14.98	3.2054180507E-15
15.08	1.9695467992E-15
15.18	1.2055285762E-15
15.28	7.3506188362E-16
15.38	4.4647964879E-16
15.48	2.7015714997E-16
15.58	1.6284123289E-16
15.68	9.7780244985E-17
15.78	5.8488795409E-17
15.88	3.4852568680E-17
15.99	2.0688708218E-17
16.09	1.2234161141E-17
16.19	7.2069762429E-18
16.29	4.2293716452E-18
16.39	2.4725110262E-18
16.49	1.4399455233E-18
16.59	8.3540106757E-19
16.69	4.8282633157E-19
16.79	2.7799019077E-19
16.89	1.5944702540E-19
16.99	9.1106087303E-20
17.09	5.1859486602E-20
17.19	2.9407251210E-20
17.29	1.6612380229E-20
17.39	9.3488034712E-21
17.49	5.2412241368E-21
17.59	2.9272341636E-21
17.69	1.6286809198E-21
17.80	9.0274239383E-22
17.90	4.9847881896E-22
18.00	2.7420797651E-22
18.10	1.5026910124E-22
18.20	8.2037228132E-23
18.30	4.4617953242E-23
18.40	2.4174702595E-23
18.50	1.3048816352E-23
18.60	7.0167344331E-24
18.70	3.7588804301E-24
# 1p 1/2
0.10	7.9604937018E-02
0.20	1.5890307767E-01
0.30	2.3672623077E-01
0.40	3.1235681774E-01
0.50	3.8510869442E-01
0.60	4.5433822158E-01
0.70	5.1945288634E-01
0.80	5.7991477112E-01
0.90	6.3524928990E-01
1.00	6.8504971507E-01
1.11	7.2898273995E-01
1.21	7.6678904462E-01
1.31	7.9828720638E-01
1.41	8.2337236206E-01
1.51	8.4201777957E-01
1.61	8.5427172116E-01
1.71	8.6025683735E-01
1.81	8.6016604663E-01
1.91	8.5425949163E-01
2.01	8.4285986490E-01
2.11	8.2634665868E-01
2.21	8.0515109798E-01
2.31	7.7974742218E-01
2.41	7.5064730415E-01
2.51	7.1838821751E-01
2.61	6.8352722350E-01
2.71	6.4662708298E-01
2.81	6.0824964600E-01
2.92	5.6894112572E-01
3.02	5.2922588501E-01
3.12	4.8959285937E-01
3.22	4.5049094438E-01
3.32	4.1231857398E-01
3.42	3.7542183741E-01
3.52	3.4008855427E-01
3.62	3.0654963856E-01
3.72	2.7497789969E-01
3.82	2.4549231445E-01
3.92	2.1816070288E-01
4.02	1.9300588570E-01
4.12	1.7001074826E-01
4.22	1.4912501375E-01
4.32	1.3027114308E-01
4.42	1.1335063196E-01
4.52	9.8249547410E-02
4.62	8.4843666029E-02
4.72	7.3002958867E-02
4.83	6.2595315677E-02
4.93	5.3489748792E-02
5.03	4.5558765116E-02
5.13	3.8680368104E-02
5.23	3.2739313022E-02
5.33	2.7628139424E-02
5.43	2.3247601848E-02
5.53	1.9507004683E-02
5.63	1.6324084509E-02
5.73	1.3624893958E-02
5.83	1.1343362221E-02
5.93	9.4209225322E-03
6.03	7.8059192699E-03
6.13	6.4531181902E-03
6.23	5.3230752452E-03
6.33	4.3816207731E-03
6.43	3.5992617437E-03
6.53	2.9506943213E-03
6.64	2.4142785342E-03
6.74	1.9716076144E-03
6.84	1.6070709583E-03
6.94	1.3074914995E-03
7.04	1.0617776057E-03
7.14	8.6062917176E-04
7.24	6.9627010274E-04
7.34	5.6221778991E-04
7.44	4.5308350235E-04
7.54	3.6439686694E-04
7.64	2.9246043439E-04
7.74	2.3421965308E-04
7.84	1.8715884730E-04
7.94	1.4920727292E-04
8.04	1.1866573032E-04
8.14	9.4140161611E-05
8.24	7.4490383867E-05
8.34	5.8783992533E-05
8.44	4.6260799244E-05
8.55	3.6301264521E-05
8.65	2.8401961402E-05
8.75	2.2154157282E-05
8.85	1.7226963495E-05
8.95	1.3352885724E-05
9.05	1.0316306692E-05
9.15	7.9437716710E-06
9.25	6.0961591649E-06
9.35	4.6621686058E-06
9.45	3.5530332469E-06
9.55	2.6981708751E-06
9.65	2.0416423541E-06
9.75	1.5392633881E-06
9.85	1.1562554901E-06
9.95	8.6534352076E-07
10.05	6.4521541266E-07
10.15	4.7928229392E-07
10.25	3.5468168133E-07
10.36	2.6147978557E-07
10.46	1.9203573467E-07
10.56	1.4049589135E-07
10.66	1.0239468561E-07
10.76	7.4339206152E-08
10.86	5.3762742156E-08
10.96	3.8731424616E-08
11.06	2.7794689263E-08
11.16	1.9868855802E-08
11.26	1.4148015283E-08
11.36	1.0035217591E-08
11.46	7.0903333058E-09
11.56	4.9901372395E-09
11.66	3.4983652492E-09
11.76	2.4429934439E-09
11.86	1.6993604878E-09
11.96	1.1774775202E-09
12.06	8.1269168875E-10
12.16	5.5873130317E-10
12.27	3.8263694147E-10
12.37	2.6102097876E-10
12.47	1.7736654964E-10
12.57	1.2005318516E-10
12.67	8.0944037608E-11
12.77	5.4362954734E-11
12.87	3.6369063972E-11
12.97	2.4236493119E-11
13.07	1.6088670992E-11
13.17	1.0638511881E-11
13.27	7.0073902906E-12
13.37	4.5977346331E-12
13.47	3.0050262201E-12
13.57	1.9564408501E-12
13.67	1.2688317938E-12
13.77	8.1970472748E-13
13.87	5.2751136950E-13
13.97	3.3816156926E-13
14.08	2.1594333085E-13
14.18	1.3736477136E-13
14.28	8.7043463905E-14
14.38	5.4943833963E-14
14.48	3.4548489217E-14
14.58	2.1640291477E-14
14.68	1.3502882741E-14
14.78	8.3929715033E-15
14.88	5.1968040646E-15
14.98	3.2054180507E-15
15.08	1.9695467992E-15
15.18	1.2055285762E-15
15.28	7.3506188362E-16
15.38	4.4647964879E-16
15.48	2.7015714997E-16
15.58	1.6284123289E-16
15.68	9.7780244985E-17
15.78	5.8488795409E-17
15.88	3.4852568680E-17
15.99	2.0688708218E-17
16.09	1.2234161141E-17
16.19	7.2069762429E-18
16.29	4.2293716452E-18
16.39	2.4725110262E-18
16.49	1.4399455233E-18
16.59	8.3540106757E-19
16.69	4.8282633157E-19
16.79	2.7799019077E-19
16.89	1.5944702540E-19
16.99	9.1106087303E-20
17.09	5.1859486602E-20
17.19	2.9407251210E-20
17.29	1.6612380229E-20
17.39	9.3488034712E-21
17.49	5.2412241368E-21
17.59	2.9272341636E-21
17.69	1.6286809198E-21
17.80	9.0274239383E-22
17.90	4.9847881896E-22
18.00	2.7420797651E-22
18.10	1.5026910124E-22
18.20	8.2037228132E-23
18.30	4.4617953242E-23
18.40	2.4174702595E-23
18.50	1.3048816352E-23
18.60	7.0167344331E-24
18.70	3.7588804301E-24
# 1d 5/2
0.10	3.0394894380E-03
0.20	1.2167325474E-02
0.30	2.7213881255E-02
0.40	4.7899249685E-02
0.50	7.3839363553E-02
0.60	1.0455457674E-01
0.70	1.3948013769E-01
0.80	1.7797706743E-01
0.90	2.1934565520E-01
1.00	2.6283935145E-01
1.11	3.0768014045E-01
1.21	3.5307289351E-01
1.31	3.9822152089E-01
1.41	4.4234320497E-01
1.51	4.8468399990E-01
1.61	5.2453190234E-01
1.71	5.6123085068E-01
1.81	5.9419215704E-01
1.91	6.2290577528E-01
2.01	6.4694961635E-01
2.11	6.6599691996E-01
2.21	6.7982287857E-01
2.31	6.8830687120E-01
2.41	6.9143557904E-01
2.51	6.8929900885E-01
2.61	6.8208924514E-01
2.71	6.7008981800E-01
2.81	6.5366969299E-01
2.92	6.3326670532E-01
3.02	6.0937740402E-01
3.12	5.8253670343E-01
3.22	5.5330541782E-01
3.32	5.2224937579E-01
3.42	4.8992727710E-01
3.52	4.5687268592E-01
3.62	4.2358473120E-01
3.72	3.9051548131E-01
3.82	3.5806502220E-01
3.92	3.2657513025E-01
4.02	2.9632890677E-01
4.12	2.6755011004E-01
4.22	2.4040640916E-01
4.32	2.1501275655E-01
4.42	1.9143679027E-01
4.52	1.6970437297E-01
4.62	1.4980570293E-01
4.72	1.3170142988E-01
4.83	1.1532840237E-01
4.93	1.0060529426E-01
5.03	8.7437372530E-02
5.13	7.5721087171E-02
5.23	6.5347631692E-02
5.33	5.6206339544E-02
5.43	4.8187070985E-02
5.53	4.1182496856E-02
5.63	3.5089486745E-02
5.73	2.9810473376E-02
5.83	2.5254070366E-02
5.93	2.1335740422E-02
6.03	1.7977870184E-02
6.13	1.5109949982E-02
6.23	1.2668304232E-02
6.33	1.0595955456E-02
6.43	8.8421681805E-03
6.53	7.3621304008E-03
6.64	6.1164267766E-03
6.74	5.0706343001E-03
6.84	4.1948021180E-03
6.94	3.4630277800E-03
7.04	2.8529889878E-03
7.14	2.3455428720E-03
7.24	1.9243305051E-03
7.34	1.5754234613E-03
7.44	1.2870050943E-03
7.54	1.0490751883E-03
7.64	8.5320195252E-04
7.74	6.9228605768E-04
7.84	5.6037258458E-04
7.94	4.5246957171E-04
8.04	3.6440805425E-04
8.14	2.9270691512E-04
8.24	2.3447008479E-04
8.34	1.8728840484E-04
8.44	1.4916484172E-04
8.55	1.1844454395E-04
8.65	9.3760838899E-05
8.75	7.3985991735E-05
8.85	5.8192460830E-05
8.95	4.5618474103E-05
9.05	3.5640407521E-05
9.15	2.7748808331E-05
9.25	2.1528838302E-05
9.35	1.6643615267E-05
9.45	1.2820475587E-05
9.55	9.8394387794E-06
9.65	7.5236473024E-06
9.75	5.7314228826E-06
9.85	4.3496860178E-06
9.95	3.2885315023E-06
10.05	2.4767560620E-06
10.15	1.8581958752E-06
10.25	1.3887302310E-06
10.36	1.0338428451E-06
10.46	7.6664585187E-07
10.56	5.6628171214E-07
10.66	4.1664205575E-07
10.76	3.0533861117E-07
10.86	2.2288733852E-07
10.96	1.6205797167E-07
11.06	1.1736406211E-07
11.16	8.4659685774E-08
11.26	6.0826740721E-08
11.36	4.3529775259E-08
11.46	3.1027934904E-08
11.56	2.2028852622E-08
11.66	1.5577754736E-08
11.76	1.0972107590E-08
11.86	7.6974980387E-09
11.96	5.3787556550E-09
12.06	3.7436001639E-09
12.16	2.5952005703E-09
12.27	1.7919646551E-09
12.37	1.2324332114E-09
12.47	8.4426040891E-10
12.57	5.7605887444E-10
12.67	3.9150627640E-10
12.77	2.6502707300E-10
12.87	1.7870047333E-10
12.97	1.2001713113E-10
13.07	8.0287403487E-11
13.17	5.3497834854E-11
13.27	3.5507034365E-11
13.37	2.3473607456E-11
13.47	1.5457437186E-11
13.57	1.0138764745E-11
13.67	6.6241116411E-12
13.77	4.3108490403E-12
13.87	2.7944467751E-12
13.97	1.8043637917E-12
14.08	1.1605210029E-12
14.18	7.4349794347E-13
14.28	4.7447126726E-13
14.38	3.0160637817E-13
14.48	1.9097529481E-13
14.58	1.2045278795E-13
14.68	7.5677227076E-14
14.78	4.7360802273E-14
14.88	2.9524607504E-14
14.98	1.8333995783E-14
15.08	1.1340804104E-14
15.18	6.9878060879E-15
15.28	4.2889796026E-15
15.38	2.6222837812E-15
15.48	1.5970697218E-15
15.58	9.6890872573E-16
15.68	5.8554813632E-16
15.78	3.5250015188E-16
15.88	2.1138732926E-16
15.99	1.2627508368E-16
16.09	7.5141772787E-17
16.19	4.4541651434E-17
16.29	2.6301365824E-17
16.39	1.5470821234E-17
16.49	9.0652027906E-18
16.59	5.2913522056E-18
16.69	3.0767118220E-18
16.79	1.7821071485E-18
16.89	1.0282853681E-18
16.99	5.9104716045E-19
17.09	3.3842719214E-19
17.19	1.9303619058E-19
17.29	1.0968533998E-19
17.39	6.2085543575E-20
17.49	3.5008250887E-20
17.59	1.9664550454E-20
17.69	1.1003662488E-20
17.80	6.1337456611E-21
17.90	3.4060847136E-21
18.00	1.8841779706E-21
18.10	1.0383196508E-21
18.20	5.7000478828E-22
18.30	3.1172386616E-22
18.40	1.6982488209E-22
18.50	9.2167562756E-23
18.60	4.9830586430E-23
18.70	2.6838655334E-23
# 2s 1/2
0.10	1.9730772572E+00
0.20	1.9495125656E+00
0.30	1.9105165972E+00
0.40	1.8566534889E+00
0.50	1.7887102454E+00
0.60	1.7076802852E+00
0.70	1.6147378176E+00
0.80	1.5112024548E+00
0.90	1.3985262892E+00
1.00	1.2782648831E+00
1.11	1.1520520894E+00
1.21	1.0215666273E+00
1.31	8.8850712820E-01
1.41	7.5456069749E-01
1.51	6.2137768538E-01
1.61	4.9054339313E-01
1.71	3.6355468398E-01
1.81	2.4179624516E-01
1.91	1.2652029851E-01
2.01	1.8828125384E-02
2.11	-8.0345530991E-02
2.21	-1.7024503807E-01
2.31	-2.5030288141E-01
2.41	-3.2014546594E-01
2.51	-3.7959347687E-01
2.61	-4.2865986836E-01
2.71	-4.6754004877E-01
2.81	-4.9660145020E-01
2.92	-5.1636351709E-01
3.02	-5.2747957975E-01
3.12	-5.3070888343E-01
3.22	-5.2689336962E-01
3.32	-5.1692613256E-01
3.42	-5.0172723070E-01
3.52	-4.8221393649E-01
3.62	-4.5927996223E-01
3.72	-4.3377212401E-01
3.82	-4.0647616040E-01
3.92	-3.7810232519E-01
4.02	-3.4927891577E-01
4.12	-3.2054684491E-01
4.22	-2.9236003238E-01
4.32	-2.6508714942E-01
4.42	-2.3901683892E-01
4.52	-2.1436401213E-01
4.62	-1.9127758517E-01
4.72	-1.6984881243E-01
4.83	-1.5011959617E-01
4.93	-1.3209096272E-01
5.03	-1.1573064266E-01
5.13	-1.0098054402E-01
5.23	-8.7762927880E-02
5.33	-7.5986366698E-02
5.43	-6.5550316352E-02
5.53	-5.6349481237E-02
5.63	-4.8276882168E-02
5.73	-4.1226794131E-02
5.83	-3.5096560540E-02
5.93	-2.9788374023E-02
6.03	-2.5210137371E-02
6.13	-2.1276375535E-02
6.23	-1.7908432743E-02
6.33	-1.5034776246E-02
6.43	-1.2590776924E-02
6.53	-1.0518619138E-02
6.64	-8.7668578681E-03
6.74	-7.2900996427E-03
6.84	-6.0484743638E-03
6.94	-5.0072073451E-03
7.04	-4.1360951141E-03
7.14	-3.4090508521E-03
7.24	-2.8036341325E-03
7.34	-2.3006218724E-03
7.44	-1.8836133269E-03
7.54	-1.5386553883E-03
7.64	-1.2539256701E-03
7.74	-1.0194238268E-03
7.84	-8.2672543205E-04
7.94	-6.6873924988E-04
8.04	-5.3952044547E-04
8.14	-4.3408671689E-04
8.24	-3.4827883057E-04
8.34	-2.7862532326E-04
8.44	-2.2223960500E-04
8.55	-1.7672247511E-04
8.65	-1.4008690602E-04
8.75	-1.1068876950E-04
8.85	-8.7172291097E-05
8.95	-6.8421217279E-05
9.05	-5.3519559396E-05
9.15	-4.1717319590E-05
9.25	-3.2402461753E-05
9.35	-2.5076928474E-05
9.45	-1.9336803828E-05
9.55	-1.4855595149E-05
9.65	-1.1370334763E-05
9.75	-8.6699959589E-06
9.85	-6.5858685787E-06
9.95	-4.9836036690E-06
10.05	-3.7566367514E-06
10.15	-2.8207887371E-06
10.25	-2.1098381555E-06
10.36	-1.5719092899E-06
10.46	-1.1665393121E-06
10.56	-8.6230139186E-07
10.66	-6.3489560359E-07
10.76	-4.6561253393E-07
10.86	-3.4011317536E-07
10.96	-2.4745446787E-07
11.06	-1.7932420190E-07
11.16	-1.2943496914E-07
11.26	-9.3053630567E-08
11.36	-6.6631850951E-08
11.46	-4.7522374242E-08
11.56	-3.3758280308E-08
11.66	-2.3885266175E-08
11.76	-1.6832394349E-08
11.86	-1.1814900987E-08
11.96	-8.2600223627E-09
12.06	-5.7517793415E-09
12.16	-3.9892538201E-09
12.27	-2.7558334935E-09
12.37	-1.8962024506E-09
12.47	-1.2995430090E-09
12.57	-8.8709337049E-10
12.67	-6.0314936775E-10
12.77	-4.0846577873E-10
12.87	-2.7552827393E-10
12.97	-1.8512054435E-10
13.07	-1.2388699109E-10
13.17	-8.2580506590E-11
13.27	-5.4829594176E-11
13.37	-3.6260695222E-11
13.47	-2.3886136570E-11
13.57	-1.5672640754E-11
13.67	-1.0243070706E-11
13.77	-6.6681831077E-12
13.87	-4.3239393606E-12
13.97	-2.7928259612E-12
14.08	-1.7968252641E-12
14.18	-1.1514970315E-12
14.28	-7.3505595480E-13
14.38	-4.6738603806E-13
14.48	-2.9602917111E-13
14.58	-1.8676424309E-13
14.68	-1.1737055592E-13
14.78	-7.3472981770E-14
14.88	-4.5814723025E-14
14.98	-2.8456933258E-14
15.08	-1.7606889235E-14
15.18	-1.0851387752E-14
15.28	-6.6619592099E-15
15.38	-4.0740765062E-15
15.48	-2.4818348380E-15
15.58	-1.5060154751E-15
15.68	-9.1034255723E-16
15.78	-5.4814490761E-16
15.88	-3.2878126632E-16
15.99	-1.9644277649E-16
16.09	-1.1691989496E-16
16.19	-6.9320264676E-17
16.29	-4.0940910354E-17
16.39	-2.4086643015E-17
16.49	-1.4116356066E-17
16.59	-8.2412372787E-18
16.69	-4.7928271636E-18
16.79	-2.7766205077E-18
16.89	-1.6024066536E-18
16.99	-9.2120486482E-19
17.09	-5.2756139744E-19
17.19	-3.0096699258E-19
17.29	-1.7104083821E-19
17.39	-9.6830367008E-20
17.49	-5.4608487808E-20
17.59	-3.0679001727E-20
17.69	-1.7169623380E-20
17.80	-9.5722591514E-21
17.90	-5.3162843324E-21
18.00	-2.9412887923E-21
18.10	-1.6210960771E-21
18.20	-8.9005550008E-22
18.30	-4.8682013404E-22
18.40	-2.6525202340E-22
18.50	-1.4397710193E-22
18.60	-7.7851739046E-23
18.70	-4.1936206763E-23
# 1d 3/2
0.10	3.0394894380E-03
0.20	1.2167325474E-02
0.30	2.7213881255E-02
0.40	4.7899249685E-02
0.50	7.3839363553E-02
0.60	1.0455457674E-01
0.70	1.3948013769E-01
0.80	1.7797706743E-01
0.90	2.1934565520E-01
1.00	2.6283935145E-01
1.11	3.0768014045E-01
1.21	3.5307289351E-01
1.31	3.9822152089E-01
1.41	4.4234320497E-01
1.51	4.8468399990E-01
1.61	5.2453190234E-01
1.71	5.6123085068E-01
1.81	5.9419215704E-01
1.91	6.2290577528E-01
2.01	6.4694961635E-01
2.11	6.6599691996E-01
2.21	6.7982287857E-01
2.31	6.8830687120E-01
2.41	6.9143557904E-01
2.51	6.8929900885E-01
2.61	6.8208924514E-01
2.71	6.7008981800E-01
2.81	6.5366969299E-01
2.92	6.3326670532E-01
3.02	6.0937740402E-01
3.12	5.8253670343E-01
3.22	5.5330541782E-01
3.32	5.2224937579E-01
3.42	4.8992727710E-01
3.52	4.5687268592E-01
3.62	4.2358473120E-01
3.72	3.9051548131E-01
3.82	3.5806502220E-01
3.92	3.2657513025E-01
4.02	2.9632890677E-01
4.12	2.6755011004E-01
4.22	2.4040640916E-01
4.32	2.1501275655E-01
4.42	1.9143679027E-01
4.52	1.6970437297E-01
4.62	1.4980570293E-01
4.72	1.3170142988E-01
4.83	1.1532840237E-01
4.93	1.0060529426E-01
5.03	8.7437372530E-02
5.13	7.5721087171E-02
5.23	6.5347631692E-02
5.33	5.6206339544E-02
5.43	4.8187070985E-02
5.53	4.1182496856E-02
5.63	3.5089486745E-02
5.73	2.9810473376E-02
5.83	2.5254070366E-02
5.93	2.1335740422E-02
6.03	1.7977870184E-02
6.13	1.5109949982E-02
6.23	1.2668304232E-02
6.33	1.0595955456E-02
6.43	8.8421681805E-03
6.53	7.3621304008E-03
6.64	6.1164267766E-03
6.74	5.0706343001E-03
6.84	4.1948021180E-03
6.94	3.4630277800E-03
7.04	2.8529889878E-03
7.14	2.3455428720E-03
7.24	1.9243305051E-03
7.34	1.5754234613E-03
7.44	1.2870050943E-03
7.54	1.0490751883E-03
7.64	8.5320195252E-04
7.74	6.9228605768E-04
7.84	5.6037258458E-04
7.94	4.5246957171E-04
8.04	3.6440805425E-04
8.14	2.9270691512E-04
8.24	2.3447008479E-04
8.34	1.8728840484E-04
8.44	1.4916484172E-04
8.55	1.1844454395E-04
8.65	9.3760838899E-05
8.75	7.3985991735E-05
8.85	5.8192460830E-05
8.95	4.5618474103E-05
9.05	3.5640407521E-05
9.15	2.7748808331E-05
9.25	2.1528838302E-05
9.35	1.6643615267E-05
9.45	1.2820475587E-05
9.55	9.8394387794E-06
9.65	7.5236473024E-06
9.75	5.7314228826E-06
9.85	4.3496860178E-06
9.95	3.2885315023E-06
10.05	2.4767560620E-06
10.15	1.8581958752E-06
10.25	1.3887302310E-06
10.36	1.0338428451E-06
10.46	7.6664585187E-07
10.56	5.6628171214E-07
10.66	4.1664205575E-07
10.76	3.0533861117E-07
10.86	2.2288733852E-07
10.96	1.6205797167E-07
11.06	1.1736406211E-07
11.16	8.4659685774E-08
11.26	6.0826740721E-08
11.36	4.3529775259E-08
11.46	3.1027934904E-08
11.56	2.2028852622E-08
11.66	1.5577754736E-08
11.76	1.0972107590E-08
11.86	7.6974980387E-09
11.96	5.3787556550E-09
12.06	3.7436001639E-09
12.16	2.5952005703E-09
12.27	1.7919646551E-09
12.37	1.2324332114E-09
12.47	8.4426040891E-10
12.57	5.7605887444E-10
12.67	3.9150627640E-10
12.77	2.6502707300E-10
12.87	1.7870047333E-10
12.97	1.2001713113E-10
13.07	8.0287403487E-11
13.17	5.3497834854E-11
13.27	3.5507034365E-11
13.37	2.3473607456E-11
13.47	1.5457437186E-11
13.57	1.0138764745E-11
13.67	6.6241116411E-12
13.77	4.3108490403E-12
13.87	2.7944467751E-12
13.97	1.8043637917E-12
14.08	1.1605210029E-12
14.18	7.4349794347E-13
14.28	4.7447126726E-13
14.38	3.0160637817E-13
14.48	1.9097529481E-13
14.58	1.2045278795E-13
14.68	7.5677227076E-14
14.78	4.7360802273E-14
14.88	2.9524607504E-14
14.98	1.8333995783E-14
15.08	1.1340804104E-14
15.18	6.9878060879E-15
15.28	4.2889796026E-15
15.38	2.6222837812E-15
15.48	1.5970697218E-15
15.58	9.6890872573E-16
15.68	5.8554813632E-16
15.78	3.5250015188E-16
15.88	2.1138732926E-16
15.99	1.2627508368E-16
16.09	7.5141772787E-17
16.19	4.4541651434E-17
16.29	2.6301365824E-17
16.39	1.5470821234E-17
16.49	9.0652027906E-18
16.59	5.2913522056E-18
16.69	3.0767118220E-18
16.79	1.7821071485E-18
16.89	1.0282853681E-18
16.99	5.9104716045E-19
17.09	3.3842719214E-19
17.19	1.9303619058E-19
17.29	1.0968533998E-19
17.39	6.2085543575E-20
17.49	3.5008250887E-20
17.59	1.9664550454E-20
17.69	1.1003662488E-20
17.80	6.1337456611E-21
17.90	3.4060847136E-21
18.00	1.8841779706E-21
18.10	1.0383196508E-21
18.20	5.7000478828E-22
18.30	3.1172386616E-22
18.40	1.6982488209E-22
18.50	9.2167562756E-23
18.60	4.9830586430E-23
18.70	2.6838655334E-23
