0   0.0447876
0.1   0.0442479
0.2   0.0437083
0.3   0.0431687
0.4   0.042629
0.5   0.0420894
0.6   0.0415493
0.7   0.0409854
0.8   0.0403549
0.9   0.0396702
1   0.0389495
1.1   0.0382036
1.2   0.0374474
1.3   0.0366964
1.4   0.0359654
1.5   0.0352695
1.6   0.0346227
1.7   0.0340376
1.8   0.0335251
1.9   0.0330936
2   0.0327491
2.1   0.0324944
2.2   0.0323297
2.3   0.0322515
2.4   0.0322536
2.5   0.0323269
2.6   0.0324596
2.7   0.0326376
2.8   0.0328452
2.9   0.0330649
3   0.0332784
3.1   0.0334667
3.2   0.0336109
3.3   0.0336922
3.4   0.0336925
3.5   0.0335949
3.6   0.0333839
3.7   0.0330459
3.8   0.0325694
3.9   0.0319459
4   0.0311699
4.1   0.0302397
4.2   0.0291575
4.3   0.0279301
4.4   0.0265691
4.5   0.0250904
4.6   0.0235142
4.7   0.0218648
4.8   0.0201686
4.9   0.0184539
5   0.0167488
5.1   0.0150803
5.2   0.0134727
5.3   0.0119465
5.4   0.0105178
5.5   0.00919809
5.6   0.00799414
5.7   0.00690829
5.8   0.00593918
5.9   0.00508253
6   0.00433175
6.1   0.00367875
6.2   0.00311462
6.3   0.00263013
6.4   0.00221615
6.5   0.00186398
6.6   0.00156549
6.7   0.00131328
6.8   0.00110074
6.9   0.000922017
7   0.000771969
7.1   0.000646179
7.2   0.000540837
7.3   0.000452677
7.4   0.00037894
7.5   0.000317292
7.6   0.000265755
7.7   0.000222671
7.79999   0.000186652
7.89999   0.000156535
7.99999   0.000131343
8.09999   0.000110263
8.2   9.26191e-05
8.3   7.78425e-05
8.4   6.54608e-05
8.5   5.50814e-05
8.6   4.63756e-05
8.7   3.90686e-05
8.8   3.29325e-05
8.9   2.77769e-05
9   2.34421e-05
9.1   1.97952e-05
9.2   1.67255e-05
9.3   1.414e-05
9.4   1.19607e-05
9.5   1.0123e-05
9.6   8.57245e-06
9.7   7.26325e-06
9.8   6.15723e-06
9.9   5.2224e-06
10   4.43178e-06
10.1   3.76271e-06
10.2   3.19625e-06
10.3   2.7164e-06
10.4   2.30967e-06
10.5   1.96475e-06
10.6   1.67213e-06
10.7   1.42372e-06
10.8   1.21275e-06
10.9   1.03348e-06
11   8.81098e-07
11.1   7.51488e-07
11.2   6.41204e-07
11.3   5.47328e-07
11.4   4.67378e-07
11.5   3.99257e-07
11.6   3.41196e-07
11.7   2.91687e-07
11.8   2.4945e-07
11.9   2.13405e-07
12   1.82634e-07
12.1   1.56352e-07
12.2   1.33897e-07
12.3   1.14705e-07
12.4   9.82962e-08
12.5   8.42605e-08
12.6   7.22516e-08
12.7   6.19736e-08
12.8   5.31733e-08
12.9   4.56358e-08
13   3.91784e-08
13.1   3.36442e-08
13.2   2.88996e-08
13.3   2.48309e-08
13.4   2.13409e-08
13.5   1.83462e-08
13.6   1.57757e-08
13.7   1.35689e-08
13.8   1.16737e-08
13.9   1.00456e-08
