0   0.00536521
0.1   0.00533334
0.2   0.00530147
0.3   0.00526961
0.4   0.00523774
0.5   0.00520588
0.6   0.00517401
0.7   0.00514214
0.8   0.00511028
0.9   0.00507841
1   0.00504654
1.1   0.00501468
1.2   0.00498278
1.3   0.0049504
1.4   0.00491671
1.5   0.00488095
1.6   0.00484311
1.7   0.00480361
1.8   0.00476284
1.9   0.00472101
2   0.00467824
2.1   0.00463465
2.2   0.00459047
2.3   0.00454592
2.4   0.00450123
2.5   0.00445662
2.6   0.00441229
2.7   0.00436847
2.8   0.00432537
2.9   0.00428321
3   0.0042422
3.1   0.00420253
3.2   0.0041644
3.3   0.004128
3.4   0.00409348
3.5   0.00406101
3.6   0.00403073
3.7   0.00400275
3.8   0.00397719
3.9   0.00395413
4   0.00393363
4.1   0.00391574
4.2   0.00390048
4.3   0.00388785
4.4   0.00387783
4.5   0.00387037
4.6   0.00386541
4.7   0.00386287
4.8   0.00386263
4.9   0.00386456
5   0.00386853
5.1   0.00387435
5.2   0.00388186
5.3   0.00389085
5.4   0.0039011
5.5   0.0039124
5.6   0.00392451
5.7   0.00393717
5.8   0.00395014
5.9   0.00396315
6   0.00397593
6.1   0.00398821
6.2   0.00399972
6.3   0.00401019
6.4   0.00401934
6.5   0.00402691
6.6   0.00403262
6.7   0.00403621
6.8   0.00403743
6.9   0.00403602
7   0.00403176
7.1   0.00402441
7.2   0.00401376
7.3   0.00399959
7.4   0.00398174
7.5   0.00396
7.6   0.00393425
7.7   0.00390433
7.79999   0.00387013
7.89999   0.00383157
7.99999   0.00378856
8.09999   0.00374107
8.2   0.00368908
8.3   0.00363261
8.4   0.0035717
8.5   0.00350642
8.6   0.00343688
8.7   0.00336321
8.8   0.00328561
8.9   0.00320427
9   0.00311942
9.1   0.00303135
9.2   0.00294034
9.3   0.00284673
9.4   0.00275086
9.5   0.00265311
9.6   0.00255386
9.7   0.00245351
9.8   0.00235247
9.9   0.00225114
10   0.00214994
10.1   0.00204927
10.2   0.00194949
10.3   0.001851
10.4   0.00175414
10.5   0.00165922
10.6   0.00156655
10.7   0.0014764
10.8   0.00138898
10.9   0.00130451
11   0.00122314
11.1   0.00114501
11.2   0.00107021
11.3   0.000998819
11.4   0.000930857
11.5   0.000866345
11.6   0.000805261
11.7   0.00074756
11.8   0.00069319
11.9   0.000642068
12   0.000594099
12.1   0.000549183
12.2   0.000507201
12.3   0.000468031
12.4   0.000431547
12.5   0.000397616
12.6   0.000366106
12.7   0.000336883
12.8   0.000309817
12.9   0.000284777
13   0.000261636
13.1   0.000240273
13.2   0.000220568
13.3   0.000202409
13.4   0.000185688
13.5   0.000170301
13.6   0.000156151
13.7   0.000143148
13.8   0.000131202
13.9   0.000120236
14   0.000110172
14.1   0.00010094
14.2   9.24738e-05
14.3   8.47133e-05
14.4   7.75997e-05
14.5   7.10824e-05
14.6   6.51121e-05
14.7   5.96429e-05
14.8   5.46349e-05
14.9   5.0049e-05
15   4.58496e-05
15.1   4.20055e-05
15.2   3.8486e-05
15.3   3.52638e-05
15.4   3.23145e-05
15.5   2.96142e-05
15.6   2.71422e-05
15.7   2.48794e-05
15.8   2.28074e-05
15.9   2.09104e-05
16   1.91736e-05
16.1   1.7583e-05
16.2   1.61265e-05
16.3   1.47926e-05
16.4   1.35707e-05
16.5   1.24515e-05
16.6   1.14261e-05
16.7   1.04866e-05
16.8   9.62571e-06
16.9   8.83676e-06
17   8.11354e-06
17.1   7.45068e-06
17.2   6.84291e-06
17.3   6.28559e-06
17.4   5.77457e-06
17.5   5.30581e-06
17.6   4.8758e-06
17.7   4.48135e-06
17.8   4.11935e-06
17.9   3.78715e-06
18   3.48228e-06
18.1   3.20236e-06
18.2   2.94538e-06
18.3   2.70943e-06
18.4   2.4927e-06
18.5   2.29365e-06
18.6   2.1108e-06
18.7   1.94277e-06
18.8   1.78839e-06
18.9   1.6465e-06
19   1.51606e-06
19.1   1.39616e-06
19.2   1.28591e-06
19.3   1.18452e-06
19.4   1.09128e-06
19.5   1.0055e-06
19.6   9.26589e-07
19.7   8.5399e-07
19.8   7.8717e-07
19.9   7.25672e-07
20   6.69071e-07
20.1   6.16953e-07
20.2   5.6897e-07
20.3   5.24786e-07
20.4   4.84086e-07
20.5   4.46601e-07
20.6   4.12069e-07
20.7   3.80248e-07
20.8   3.50929e-07
20.9   3.23908e-07
21   2.99e-07
21.1   2.76042e-07
21.2   2.54875e-07
21.3   2.35356e-07
21.4   2.17358e-07
21.5   2.00757e-07
21.6   1.85444e-07
21.7   1.7132e-07
21.8   1.58286e-07
21.9   1.4626e-07
22   1.35163e-07
22.1   1.24919e-07
22.2   1.15464e-07
22.3   1.06737e-07
22.4   9.86776e-08
22.5   9.12369e-08
22.6   8.43658e-08
22.7001   7.8019e-08
22.8001   7.21574e-08
22.9001   6.67425e-08
23.0001   6.17394e-08
23.1001   5.71173e-08
23.2001   5.2846e-08
23.3001   4.88984e-08
23.4001   4.52503e-08
23.5001   4.18778e-08
23.6001   3.87602e-08
23.7001   3.58781e-08
23.8001   3.3213e-08
23.9001   3.07486e-08
24.0001   2.84698e-08
24.1001   2.63618e-08
24.2001   2.44121e-08
24.3001   2.26086e-08
24.4001   2.09399e-08
24.5001   1.9396e-08
24.6001   1.79676e-08
24.7001   1.66455e-08
24.8001   1.5422e-08
24.9001   1.42896e-08
25.0001   1.32414e-08
25.1001   1.2271e-08
25.2001   1.13727e-08
25.3001   1.05408e-08
