0   0.00742295
0.1   0.00737382
0.2   0.00732469
0.3   0.00727556
0.4   0.00722644
0.5   0.00717731
0.6   0.00712818
0.7   0.00707906
0.8   0.00702993
0.9   0.0069808
1   0.00693167
1.1   0.00688244
1.2   0.00683201
1.3   0.00677879
1.4   0.00672185
1.5   0.00666177
1.6   0.00659933
1.7   0.00653502
1.8   0.00646908
1.9   0.00640177
2   0.0063335
2.1   0.00626471
2.2   0.00619583
2.3   0.00612726
2.4   0.00605943
2.5   0.00599274
2.6   0.00592761
2.7   0.00586444
2.8   0.00580361
2.9   0.00574549
3   0.00569042
3.1   0.00563872
3.2   0.00559066
3.3   0.0055465
3.4   0.00550645
3.5   0.00547067
3.6   0.0054393
3.7   0.00541242
3.8   0.00539005
3.9   0.00537219
4   0.00535878
4.1   0.00534972
4.2   0.00534486
4.3   0.00534399
4.4   0.00534687
4.5   0.00535324
4.6   0.00536276
4.7   0.00537508
4.8   0.00538981
4.9   0.00540653
5   0.00542481
5.1   0.00544417
5.2   0.00546412
5.3   0.00548417
5.4   0.0055038
5.5   0.0055225
5.6   0.00553974
5.7   0.005555
5.8   0.00556775
5.9   0.00557749
6   0.00558371
6.1   0.00558591
6.2   0.00558363
6.3   0.00557639
6.4   0.00556378
6.5   0.00554538
6.6   0.00552081
6.7   0.00548973
6.8   0.00545181
6.9   0.0054068
7   0.00535446
7.1   0.00529461
7.2   0.00522713
7.3   0.00515194
7.4   0.00506902
7.5   0.00497843
7.6   0.00488027
7.7   0.00477474
7.79999   0.00466207
7.89999   0.00454261
7.99999   0.00441673
8.09999   0.0042849
8.2   0.00414766
8.3   0.00400558
8.4   0.00385931
8.5   0.00370955
8.6   0.00355702
8.7   0.00340248
8.8   0.00324672
8.9   0.00309051
9   0.00293463
9.1   0.00277984
9.2   0.00262686
9.3   0.0024764
9.4   0.00232909
9.5   0.0021855
9.6   0.00204617
9.7   0.00191153
9.8   0.00178197
9.9   0.0016578
10   0.00153924
10.1   0.00142647
10.2   0.00131958
10.3   0.0012186
10.4   0.00112353
10.5   0.00103428
10.6   0.000950747
10.7   0.000872776
10.8   0.000800185
10.9   0.00073277
11   0.000670299
11.1   0.000612537
11.2   0.000559233
11.3   0.000510132
11.4   0.000464981
11.5   0.000423528
11.6   0.000385523
11.7   0.000350727
11.8   0.000318909
11.9   0.000289843
12   0.000263322
12.1   0.000239142
12.2   0.000217115
12.3   0.000197067
12.4   0.000178829
12.5   0.00016225
12.6   0.000147186
12.7   0.000133503
12.8   0.000121084
12.9   0.000109811
13   9.95854e-05
13.1   9.03112e-05
13.2   8.19001e-05
13.3   7.42755e-05
13.4   6.73631e-05
13.5   6.10977e-05
13.6   5.54198e-05
13.7   5.0273e-05
13.8   4.56095e-05
13.9   4.13829e-05
14   3.75522e-05
14.1   3.4081e-05
14.2   3.09343e-05
14.3   2.80825e-05
14.4   2.54974e-05
14.5   2.31535e-05
14.6   2.10288e-05
14.7   1.91019e-05
14.8   1.73545e-05
14.9   1.57698e-05
15   1.4332e-05
15.1   1.30277e-05
15.2   1.18441e-05
15.3   1.077e-05
15.4   9.79508e-06
15.5   8.90987e-06
15.6   8.10624e-06
15.7   7.37637e-06
15.8   6.71339e-06
15.9   6.11119e-06
16   5.56391e-06
16.1   5.0666e-06
16.2   4.61456e-06
16.3   4.20357e-06
16.4   3.82992e-06
16.5   3.49004e-06
16.6   3.1809e-06
16.7   2.89967e-06
16.8   2.64372e-06
16.9   2.41082e-06
17   2.19878e-06
17.1   2.00574e-06
17.2   1.82997e-06
17.3   1.66986e-06
17.4   1.52403e-06
17.5   1.39115e-06
17.6   1.27006e-06
17.7   1.15972e-06
17.8   1.05911e-06
17.9   9.67392e-07
18   8.83754e-07
18.1   8.07467e-07
18.2   7.37889e-07
18.3   6.74399e-07
18.4   6.16469e-07
18.5   5.63601e-07
18.6   5.15337e-07
18.7   4.71282e-07
18.8   4.3105e-07
18.9   3.94311e-07
19   3.60756e-07
19.1   3.30099e-07
19.2   3.02092e-07
19.3   2.76498e-07
19.4   2.53106e-07
19.5   2.31726e-07
19.6   2.12178e-07
19.7   1.94306e-07
19.8   1.77962e-07
19.9   1.63014e-07
20   1.49341e-07
20.1   1.36831e-07
20.2   1.25385e-07
20.3   1.14911e-07
20.4   1.05324e-07
20.5   9.65491e-08
20.6   8.85152e-08
20.7   8.11598e-08
20.8   7.44245e-08
20.9   6.82554e-08
21   6.26055e-08
21.1   5.74293e-08
21.2   5.2687e-08
21.3   4.8342e-08
21.4   4.43596e-08
21.5   4.07102e-08
21.6   3.73647e-08
21.7   3.42978e-08
21.8   3.14862e-08
21.9   2.89077e-08
22   2.65434e-08
22.1   2.43748e-08
22.2   2.23856e-08
22.3   2.05609e-08
22.4   1.88866e-08
22.5   1.73505e-08
22.6   1.59409e-08
22.7001   1.4647e-08
22.8001   1.34596e-08
22.9001   1.23695e-08
23.0001   1.13688e-08
23.1001   1.045e-08
