# 1s 1/2
0.10	7.9890735684E-02
0.20	1.5840046367E-01
0.30	2.3423770710E-01
0.40	3.0624333902E-01
0.50	3.7344359645E-01
0.60	4.3509287109E-01
0.70	4.9067295709E-01
0.80	5.3986055779E-01
0.90	5.8255637610E-01
1.00	6.1879141136E-01
1.10	6.4874174499E-01
1.20	6.7265489448E-01
1.30	6.9077153503E-01
1.40	7.0345163836E-01
1.50	7.1100023366E-01
1.60	7.1370194461E-01
1.70	7.1172403116E-01
1.80	7.0533239931E-01
1.90	6.9468842415E-01
2.00	6.8000314127E-01
2.10	6.6149556029E-01
2.20	6.3933242552E-01
2.30	6.1373474616E-01
2.40	5.8496594986E-01
2.50	5.5344519364E-01
2.60	5.1963851851E-01
2.70	4.8414813248E-01
2.80	4.4762342894E-01
2.90	4.1074004341E-01
3.00	3.7419494832E-01
3.10	3.3861823566E-01
3.20	3.0453030881E-01
3.30	2.7238763219E-01
3.40	2.4252246453E-01
3.50	2.1506405088E-01
3.60	1.9008558542E-01
3.70	1.6754654283E-01
3.80	1.4735804574E-01
3.90	1.2938374806E-01
4.00	1.1344917828E-01
4.10	9.9375068973E-02
4.20	8.6980957359E-02
4.30	7.6082386806E-02
4.40	6.6516926055E-02
4.50	5.8136770362E-02
4.60	5.0798104275E-02
4.70	4.4377105430E-02
4.80	3.8763691262E-02
4.90	3.3863000127E-02
5.00	2.9586547882E-02
5.10	2.5849827562E-02
5.20	2.2585612863E-02
5.30	1.9735235752E-02
5.40	1.7243925517E-02
5.50	1.5066237704E-02
5.60	1.3166508185E-02
5.70	1.1507797386E-02
5.80	1.0060235531E-02
5.90	8.7961413257E-03
6.00	7.6912919974E-03
6.10	6.7275952395E-03
6.20	5.8854856990E-03
6.30	5.1498267885E-03
6.40	4.5063735505E-03
6.50	3.9445267067E-03
6.60	3.4538477948E-03
6.70	3.0250998028E-03
6.80	2.6512092946E-03
6.90	2.3249480386E-03
7.00	2.0406105007E-03
7.10	1.7929215779E-03
7.20	1.5773857826E-03
7.30	1.3902341618E-03
7.40	1.2278267600E-03
7.50	1.0872246511E-03
7.60	9.6609372787E-04
7.70	8.6207195364E-04
7.80	7.7341523052E-04
7.90	6.9847953714E-04
8.00	6.3587415322E-04
8.10	5.8453379650E-04
8.20	5.4347259166E-04
8.30	5.1201608949E-04
8.40	4.8951669537E-04
8.50	4.7558494326E-04
8.60	4.6994170409E-04
8.70	4.7237445490E-04
8.80	4.8289923885E-04
8.90	5.0150606271E-04
9.00	5.2858192259E-04
9.10	5.6674174675E-04
# 1p 3/2
0.10	3.9822817964E-03
0.20	1.5735538456E-02
0.30	3.4980680488E-02
0.40	6.1133557779E-02
0.50	9.3469497870E-02
0.60	1.3112129719E-01
0.70	1.7315445321E-01
0.80	2.1862086019E-01
0.90	2.6651978540E-01
1.00	3.1591487989E-01
1.10	3.6587915724E-01
1.20	4.1552255094E-01
1.30	4.6405186522E-01
1.40	5.1063925170E-01
1.50	5.5456108779E-01
1.60	5.9508255616E-01
1.70	6.3161655075E-01
1.80	6.6348414879E-01
1.90	6.9008138208E-01
2.00	7.1093132369E-01
2.10	7.2555101901E-01
2.20	7.3361429479E-01
2.30	7.3493064665E-01
2.40	7.2947036361E-01
2.50	7.1731697319E-01
2.60	6.9879050581E-01
2.70	6.7445694570E-01
2.80	6.4512915753E-01
2.90	6.1172517593E-01
3.00	5.7535027298E-01
3.10	5.3706858001E-01
3.20	4.9796668324E-01
3.30	4.5898406874E-01
3.40	4.2091771320E-01
3.50	3.8437899491E-01
3.60	3.4979349141E-01
3.70	3.1744430780E-01
3.80	2.8746184964E-01
3.90	2.5987129637E-01
4.00	2.3463505549E-01
4.10	2.1166098292E-01
4.20	1.9080566208E-01
4.30	1.7193060266E-01
4.40	1.5487819813E-01
4.50	1.3949778399E-01
4.60	1.2563325267E-01
4.70	1.1314430051E-01
4.80	1.0189402577E-01
4.90	9.1770389699E-02
5.00	8.2662968556E-02
5.10	7.4471599450E-02
5.20	6.7104815837E-02
5.30	6.0476097130E-02
5.40	5.4515417222E-02
5.50	4.9155561389E-02
5.60	4.4330222890E-02
5.70	3.9989848506E-02
5.80	3.6080112138E-02
5.90	3.2559936452E-02
6.00	2.9388933067E-02
6.10	2.6531190762E-02
6.20	2.3956393343E-02
6.30	2.1635176267E-02
6.40	1.9542102467E-02
6.50	1.7654267304E-02
6.60	1.5951017762E-02
6.70	1.4414508198E-02
6.80	1.3027567091E-02
6.90	1.1775616235E-02
7.00	1.0645372817E-02
7.10	9.6247890778E-03
7.20	8.7028135783E-03
7.30	7.8695127214E-03
7.40	7.1161487020E-03
7.50	6.4351982563E-03
7.60	5.8195999333E-03
7.70	5.2623573172E-03
7.80	4.7579820285E-03
7.90	4.3009796745E-03
8.00	3.8868111070E-03
8.10	3.5110894468E-03
8.20	3.1699542068E-03
8.30	2.8598159127E-03
8.40	2.5774233531E-03
8.50	2.3198884273E-03
8.60	2.0844134096E-03
8.70	1.8686313076E-03
8.80	1.6700173438E-03
8.90	1.4862948350E-03
9.00	1.3148114091E-03
9.10	1.1518804589E-03
# 1p 1/2
0.10	3.9640089015E-03
0.20	1.5756444315E-02
0.30	3.4997176841E-02
0.40	6.1143333420E-02
0.50	9.3472917885E-02
0.60	1.3112807274E-01
0.70	1.7316265551E-01
0.80	2.1860008977E-01
0.90	2.6646394465E-01
1.00	3.1578427517E-01
1.10	3.6562914756E-01
1.20	4.1515630977E-01
1.30	4.6355365488E-01
1.40	5.1005159256E-01
1.50	5.5388403282E-01
1.60	5.9441893622E-01
1.70	6.3093459278E-01
1.80	6.6284448305E-01
1.90	6.8963615609E-01
2.00	7.1064417020E-01
2.10	7.2544218576E-01
2.20	7.3366218694E-01
2.30	7.3504128893E-01
2.40	7.2949820752E-01
2.50	7.1724212298E-01
2.60	6.9869188635E-01
2.70	6.7440726686E-01
2.80	6.4510282180E-01
2.90	6.1180784086E-01
3.00	5.7549583844E-01
3.10	5.3734335231E-01
3.20	4.9836660135E-01
3.30	4.5951140203E-01
3.40	4.2153515170E-01
3.50	3.8507239121E-01
3.60	3.5055909577E-01
3.70	3.1824523309E-01
3.80	2.8827286887E-01
3.90	2.6068336119E-01
4.00	2.3542160011E-01
4.10	2.1238305390E-01
4.20	1.9146955664E-01
4.30	1.7252463704E-01
4.40	1.5540281170E-01
4.50	1.3994411462E-01
4.60	1.2601790259E-01
4.70	1.1348226481E-01
4.80	1.0221620460E-01
4.90	9.2078136636E-02
5.00	8.2955651217E-02
5.10	7.4747758455E-02
5.20	6.7361540369E-02
5.30	6.0720500129E-02
5.40	5.4740682852E-02
5.50	4.9353838581E-02
5.60	4.4509063960E-02
5.70	4.0142397521E-02
5.80	3.6215274083E-02
5.90	3.2678161820E-02
6.00	2.9493621545E-02
6.10	2.6626611112E-02
6.20	2.4042931644E-02
6.30	2.1715682630E-02
6.40	1.9619123624E-02
6.50	1.7729849865E-02
6.60	1.6027316898E-02
6.70	1.4491698704E-02
6.80	1.3107256147E-02
6.90	1.1858388564E-02
7.00	1.0731316614E-02
7.10	9.7139437186E-03
7.20	8.7958296850E-03
7.30	7.9675458900E-03
7.40	7.2202776475E-03
7.50	6.5453783388E-03
7.60	5.9356065306E-03
7.70	5.3857544898E-03
7.80	4.8894720579E-03
7.90	4.4421344050E-03
8.00	4.0387469428E-03
8.10	3.6753404487E-03
8.20	3.3481352830E-03
8.30	3.0538485435E-03
8.40	2.7894779500E-03
8.50	2.5520908586E-03
8.60	2.3392349833E-03
8.70	2.1481929953E-03
8.80	1.9768703952E-03
8.90	1.8229540386E-03
9.00	1.6846336626E-03
9.10	1.5604191831E-03
