# 1s 1/2
0.10	5.6257503277E-02
0.20	1.1189807357E-01
0.30	1.6634719849E-01
0.40	2.1905920329E-01
0.50	2.6954366375E-01
0.60	3.1737904901E-01
0.70	3.6221923201E-01
0.80	4.0379795581E-01
0.90	4.4192686518E-01
1.00	4.7649106225E-01
1.10	5.0744128096E-01
1.20	5.3478419835E-01
1.30	5.5857184988E-01
1.40	5.7889075095E-01
1.50	5.9585158380E-01
1.60	6.0957980176E-01
1.70	6.2020755864E-01
1.80	6.2786724586E-01
1.90	6.3268644330E-01
2.00	6.3478448622E-01
2.10	6.3427091646E-01
2.20	6.3124494582E-01
2.30	6.2579659969E-01
2.40	6.1800903041E-01
2.50	6.0796197949E-01
2.60	5.9573625181E-01
2.70	5.8141879575E-01
2.80	5.6510816381E-01
2.90	5.4692044390E-01
3.00	5.2699451227E-01
3.10	5.0549648070E-01
3.20	4.8262288212E-01
3.30	4.5860113869E-01
3.40	4.3368737651E-01
3.50	4.0816137789E-01
3.60	3.8231834614E-01
3.70	3.5645844320E-01
3.80	3.3087465157E-01
3.90	3.0584055533E-01
4.00	2.8159897463E-01
4.10	2.5835376575E-01
4.20	2.3626503750E-01
4.30	2.1544766329E-01
4.40	1.9597299815E-01
4.50	1.7787297440E-01
4.60	1.6114591177E-01
4.70	1.4576310354E-01
4.80	1.3167545372E-01
4.90	1.1881943900E-01
5.00	1.0712209583E-01
5.10	9.6505186539E-02
5.20	8.6888499231E-02
5.30	7.8192337904E-02
5.40	7.0339299923E-02
5.50	6.3255529338E-02
5.60	5.6871543839E-02
5.70	5.1122489485E-02
5.80	4.5948285842E-02
5.90	4.1293645025E-02
6.00	3.7107942537E-02
6.10	3.3345014790E-02
6.20	2.9962892638E-02
6.30	2.6923579400E-02
6.40	2.4192716624E-02
6.50	2.1739247762E-02
6.60	1.9535144000E-02
6.70	1.7555135715E-02
6.80	1.5776468187E-02
6.90	1.4178659626E-02
7.00	1.2743296586E-02
7.10	1.1453845186E-02
7.20	1.0295449761E-02
7.30	9.2547564615E-03
7.40	8.3197658701E-03
7.50	7.4797006130E-03
7.60	6.7248793406E-03
7.70	6.0466107241E-03
7.80	5.4370920277E-03
7.90	4.8893271265E-03
8.00	4.3970325143E-03
8.10	3.9545640277E-03
8.20	3.5568536355E-03
8.30	3.1993488827E-03
8.40	2.8779627810E-03
8.50	2.5890249066E-03
8.60	2.3292423715E-03
8.70	2.0956595248E-03
8.80	1.8856217602E-03
8.90	1.6967434729E-03
9.00	1.5268819710E-03
9.10	1.3741118665E-03
9.20	1.2367042232E-03
9.30	1.1131054232E-03
9.40	1.0019212595E-03
9.50	9.0189939528E-04
9.60	8.1191406171E-04
9.70	7.3095354298E-04
9.80	6.5810833032E-04
9.90	5.9256108954E-04
10.00	5.3357718835E-04
10.10	4.8049657338E-04
10.20	4.3272640958E-04
10.30	3.8973388965E-04
10.40	3.5103972041E-04
10.50	3.1621298414E-04
10.60	2.8486614480E-04
10.70	2.5665078040E-04
10.80	2.3125361413E-04
10.90	2.0839302184E-04
11.00	1.8781597123E-04
11.10	1.6929486830E-04
11.20	1.5262496827E-04
11.30	1.3762206077E-04
11.40	1.2412045270E-04
11.50	1.1197107745E-04
11.60	1.0103983580E-04
11.70	9.1206200463E-05
11.80	8.2361686585E-05
11.90	7.4408611598E-05
12.00	6.7259009817E-05
12.10	6.0835474032E-05
12.20	5.5091449237E-05
12.30	5.0293021779E-05
12.40	-4.4623370254E-05
# 1p 3/2
0.10	2.2074325012E-03
0.20	8.7889361769E-03
0.30	1.9619237776E-02
0.40	3.4499424169E-02
0.50	5.3161851351E-02
0.60	7.5282050996E-02
0.70	1.0049074405E-01
0.80	1.2838669717E-01
0.90	1.5854857944E-01
1.00	1.9054588425E-01
1.10	2.2394798131E-01
1.20	2.5833123562E-01
1.30	2.9328395371E-01
1.40	3.2840957996E-01
1.50	3.6332812781E-01
1.60	3.9767644747E-01
1.70	4.3110754539E-01
1.80	4.6328934210E-01
1.90	4.9390341322E-01
2.00	5.2264394880E-01
2.10	5.4921715390E-01
2.20	5.7334159282E-01
2.30	5.9474956976E-01
2.40	6.1318976991E-01
2.50	6.2843133564E-01
2.60	6.4026928615E-01
2.70	6.4853133284E-01
2.80	6.5308587485E-01
2.90	6.5385084944E-01
3.00	6.5080271428E-01
3.10	6.4398506813E-01
3.20	6.3351543274E-01
3.30	6.1958899846E-01
3.40	6.0247842049E-01
3.50	5.8252886368E-01
3.60	5.6014751392E-01
3.70	5.3578808164E-01
3.80	5.0993117866E-01
3.90	4.8306231739E-01
4.00	4.5564999307E-01
4.10	4.2812661549E-01
4.20	4.0087434581E-01
4.30	3.7421581560E-01
4.40	3.4841017969E-01
4.50	3.2365393615E-01
4.60	3.0008552230E-01
4.70	2.7779237559E-01
4.80	2.5681951429E-01
4.90	2.3717771790E-01
5.00	2.1885109504E-01
5.10	2.0180390895E-01
5.20	1.8598629564E-01
5.30	1.7133909841E-01
5.40	1.5779759668E-01
5.50	1.4529453154E-01
5.60	1.3376234218E-01
5.70	1.2313437674E-01
5.80	1.1334594696E-01
5.90	1.0433504596E-01
6.00	9.6042821063E-02
6.10	8.8413856487E-02
6.20	8.1396286469E-02
6.30	7.4941865335E-02
6.40	6.9005863089E-02
6.50	6.3546795930E-02
6.60	5.8526274945E-02
6.70	5.3908858904E-02
6.80	4.9661870070E-02
6.90	4.5755225624E-02
7.00	4.2161271998E-02
7.10	3.8854655365E-02
7.20	3.5812088325E-02
7.30	3.3012155356E-02
7.40	3.0435177326E-02
7.50	2.8063076042E-02
7.60	2.5879252075E-02
7.70	2.3868467520E-02
7.80	2.2016746947E-02
7.90	2.0311293701E-02
8.00	1.8740351969E-02
8.10	1.7293118475E-02
8.20	1.5959667033E-02
8.30	1.4730879827E-02
8.40	1.3598380253E-02
8.50	1.2554475498E-02
8.60	1.1592109321E-02
8.70	1.0704809078E-02
8.80	9.8866211434E-03
8.90	9.1320700640E-03
9.00	8.4361193937E-03
9.10	7.7941390008E-03
9.20	7.2018704992E-03
9.30	6.6553982814E-03
9.40	6.1511298600E-03
9.50	5.6857615939E-03
9.60	5.2562514535E-03
9.70	4.8597990916E-03
9.80	4.4938263354E-03
9.90	4.1559596711E-03
10.00	3.8440143044E-03
10.10	3.5559805204E-03
10.20	3.2900117546E-03
10.30	3.0444072800E-03
10.40	2.8175996770E-03
10.50	2.6081447307E-03
10.60	2.4147116949E-03
10.70	2.2360745943E-03
10.80	2.0711040682E-03
10.90	1.9187611409E-03
11.00	1.7780898492E-03
11.10	1.6482086815E-03
11.20	1.5283047933E-03
11.30	1.4176285750E-03
11.40	1.3154888066E-03
11.50	1.2212479620E-03
11.60	1.1343179535E-03
11.70	1.0541567864E-03
11.80	9.8026371137E-04
11.90	9.1217564965E-04
12.00	8.4946134005E-04
12.10	7.9171116441E-04
12.20	7.3841866507E-04
12.30	6.8749812555E-04
12.40	-6.4704962586E-04
# 1p 1/2
0.10	2.2074491842E-03
0.20	8.7890263799E-03
0.30	1.9619422497E-02
0.40	3.4499739797E-02
0.50	5.3162332824E-02
0.60	7.5282733943E-02
0.70	1.0049165550E-01
0.80	1.2838787355E-01
0.90	1.5855005051E-01
1.00	1.9054768155E-01
1.10	2.2395013527E-01
1.20	2.5833371159E-01
1.30	2.9328674692E-01
1.40	3.2841264239E-01
1.50	3.6333145134E-01
1.60	3.9767999829E-01
1.70	4.3111127678E-01
1.80	4.6329322090E-01
1.90	4.9390740601E-01
2.00	5.2264803002E-01
2.10	5.4922125099E-01
2.20	5.7334570338E-01
2.30	5.9475372049E-01
2.40	6.1319397377E-01
2.50	6.2843561648E-01
2.60	6.4027363857E-01
2.70	6.4853569869E-01
2.80	6.5309026832E-01
2.90	6.5385519109E-01
3.00	6.5080702649E-01
3.10	6.4398934515E-01
3.20	6.3351953661E-01
3.30	6.1959285129E-01
3.40	6.0248212767E-01
3.50	5.8253243509E-01
3.60	5.6015095404E-01
3.70	5.3579135922E-01
3.80	5.0993424857E-01
3.90	4.8306524367E-01
4.00	4.5565270617E-01
4.10	4.2812907763E-01
4.20	4.0087655593E-01
4.30	3.7421780974E-01
4.40	3.4841197065E-01
4.50	3.2365554664E-01
4.60	3.0008696941E-01
4.70	2.7779370403E-01
4.80	2.5682072506E-01
4.90	2.3717883161E-01
5.00	2.1885214895E-01
5.10	2.0180486034E-01
5.20	1.8598716654E-01
5.30	1.7133988496E-01
5.40	1.5779829644E-01
5.50	1.4529512388E-01
5.60	1.3376282462E-01
5.70	1.2313476142E-01
5.80	1.1334621710E-01
5.90	1.0433518655E-01
6.00	9.6042846091E-02
6.10	8.8413775241E-02
6.20	8.1396075478E-02
6.30	7.4941524052E-02
6.40	6.9005392650E-02
6.50	6.3546185506E-02
6.60	5.8525517288E-02
6.70	5.3907935954E-02
6.80	4.9660774070E-02
6.90	4.5753955019E-02
7.00	4.2159814915E-02
7.10	3.8853001004E-02
7.20	3.5810222741E-02
7.30	3.3010065439E-02
7.40	3.0432845736E-02
7.50	2.8060486341E-02
7.60	2.5876387269E-02
7.70	2.3865307659E-02
7.80	2.2013272328E-02
7.90	2.0307480229E-02
8.00	1.8736174155E-02
8.10	1.7288548537E-02
8.20	1.5954675317E-02
8.30	1.4725432256E-02
8.40	1.3592441824E-02
8.50	1.2548006688E-02
8.60	1.1585067954E-02
8.70	1.0697149068E-02
8.80	9.8782932933E-03
8.90	9.1230203015E-03
9.00	8.4262911447E-03
9.10	7.7834687912E-03
9.20	7.1902897247E-03
9.30	6.6428345278E-03
9.40	6.1375029020E-03
9.50	5.6709856279E-03
9.60	5.2402345175E-03
9.70	4.8424410649E-03
9.80	4.4750188715E-03
9.90	4.1355860718E-03
10.00	3.8219485672E-03
10.10	3.5320857636E-03
10.20	3.2641402769E-03
10.30	3.0163996010E-03
10.40	2.7872837676E-03
10.50	2.5753347141E-03
10.60	2.3792071359E-03
10.70	2.1976592759E-03
10.80	2.0295446437E-03
10.90	1.8738051885E-03
11.00	1.7294651032E-03
11.10	1.5956215690E-03
11.20	1.4714385128E-03
11.30	1.3561414815E-03
11.40	1.2490123424E-03
11.50	1.1493846410E-03
11.60	1.0566391540E-03
11.70	9.7020065353E-04
11.80	8.8953383798E-04
11.90	8.1413677049E-04
12.00	7.4354285734E-04
12.10	6.7733357285E-04
12.20	6.1541211810E-04
12.30	5.6165258644E-04
12.40	-4.9476242603E-04
