# 1s 1/2
0.10	8.6651844774E-02
0.20	1.7224063519E-01
0.30	2.5579652976E-01
0.40	3.3626190378E-01
0.50	4.1261098471E-01
0.60	4.8388049230E-01
0.70	5.4923503992E-01
0.80	6.0803083040E-01
0.90	6.5978192332E-01
1.00	7.0415351661E-01
1.10	7.4088173485E-01
1.20	7.6972190247E-01
1.30	7.9041263446E-01
1.40	8.0257285866E-01
1.50	8.0581038601E-01
1.60	7.9971760909E-01
1.70	7.8399608989E-01
1.80	7.5862574959E-01
1.90	7.2410751045E-01
2.00	6.8147381360E-01
2.10	6.3234324654E-01
2.20	5.7873586086E-01
2.30	5.2287212014E-01
2.40	4.6689637252E-01
2.50	4.1263614390E-01
2.60	3.6149469804E-01
2.70	3.1438304576E-01
2.80	2.7179756484E-01
2.90	2.3387654883E-01
3.00	2.0049564474E-01
3.10	1.7138597606E-01
3.20	1.4617933582E-01
3.30	1.2447212036E-01
3.40	1.0585335645E-01
3.50	8.9936522595E-02
3.60	7.6358564792E-02
3.70	6.4795650583E-02
3.80	5.4960900459E-02
3.90	4.6604138640E-02
4.00	3.9509137804E-02
4.10	3.3488214345E-02
4.20	2.8382466880E-02
4.30	2.4053375485E-02
4.40	2.0383202790E-02
4.50	1.7272536841E-02
4.60	1.4636767709E-02
4.70	1.2403666551E-02
4.80	1.0511540039E-02
4.90	8.9087561049E-03
5.00	7.5512342401E-03
5.10	6.4014861678E-03
5.20	5.4279649406E-03
5.30	4.6037837776E-03
5.40	3.9064594466E-03
5.50	3.3167953617E-03
5.60	2.8183237662E-03
5.70	2.3975894994E-03
5.80	2.0429063506E-03
5.90	1.7444061404E-03
6.00	1.4939241682E-03
6.10	1.2844543060E-03
6.20	1.1102059101E-03
6.30	9.6624570123E-04
6.40	8.4853933751E-04
6.50	7.5365949497E-04
6.60	6.7868338394E-04
6.70	6.2108817084E-04
6.80	5.7856149407E-04
6.90	5.4872149842E-04
7.00	5.2875589600E-04
7.10	5.1469104643E-04
7.20	5.0048539489E-04
7.30	4.7636716232E-04
7.40	4.2057767562E-04
# 1p 3/2
0.10	5.8849614022E-03
0.20	2.3396409018E-02
0.30	5.1999212931E-02
0.40	9.0927862693E-02
0.50	1.3907909183E-01
0.60	1.9509797136E-01
0.70	2.5741589066E-01
0.80	3.2431155480E-01
0.90	3.9399711533E-01
1.00	4.6465135200E-01
1.10	5.3444354620E-01
1.20	6.0151302771E-01
1.30	6.6393791146E-01
1.40	7.1977855206E-01
1.50	7.6704528325E-01
1.60	8.0379478475E-01
1.70	8.2831717082E-01
1.80	8.3933143775E-01
1.90	8.3620006683E-01
2.00	8.1917281992E-01
2.10	7.8944072002E-01
2.20	7.4903543380E-01
2.30	7.0058854414E-01
2.40	6.4693720226E-01
2.50	5.9081721515E-01
2.60	5.3455367293E-01
2.70	4.7996391219E-01
2.80	4.2831677510E-01
2.90	3.8039760560E-01
3.00	3.3659814308E-01
3.10	2.9700795233E-01
3.20	2.6152816518E-01
3.30	2.2993783017E-01
3.40	2.0194202082E-01
3.50	1.7721865082E-01
3.60	1.5544087420E-01
3.70	1.3629083269E-01
3.80	1.1947454664E-01
3.90	1.0472144725E-01
4.00	9.1785408025E-02
4.10	8.0446711164E-02
4.20	7.0511207456E-02
4.30	6.1806226301E-02
4.40	5.4178682514E-02
4.50	4.7495221677E-02
4.60	4.1637775468E-02
4.70	3.6504917863E-02
4.80	3.2005928381E-02
4.90	2.8062256216E-02
5.00	2.4604302812E-02
5.10	2.1571562393E-02
5.20	1.8911382832E-02
5.30	1.6576967977E-02
5.40	1.4527616452E-02
5.50	1.2728012640E-02
5.60	1.1146947101E-02
5.70	9.7567956530E-03
5.80	8.5333680581E-03
5.90	7.4556101711E-03
6.00	6.5047439718E-03
6.10	5.6642400195E-03
6.20	4.9194486875E-03
6.30	4.2571754418E-03
6.40	3.6655359830E-03
6.50	3.1334892897E-03
6.60	2.6508656215E-03
6.70	2.2078107949E-03
6.80	1.7945163759E-03
6.90	1.4010881605E-03
7.00	1.0172507064E-03
7.10	6.3316200535E-04
7.20	2.4035785809E-04
7.30	-1.6756535107E-04
7.40	-6.3017847382E-04
# 1p 1/2
0.10	5.8822616667E-03
0.20	2.3395985573E-02
0.30	5.2000357005E-02
0.40	9.0930357867E-02
0.50	1.3908446921E-01
0.60	1.9509958240E-01
0.70	2.5741357024E-01
0.80	3.2430327153E-01
0.90	3.9398993041E-01
1.00	4.6464445924E-01
1.10	5.3442823798E-01
1.20	6.0148298778E-01
1.30	6.6391228033E-01
1.40	7.1975579889E-01
1.50	7.6700733465E-01
1.60	8.0375984786E-01
1.70	8.2828803942E-01
1.80	8.3930179480E-01
1.90	8.3617752069E-01
2.00	8.1916369480E-01
2.10	7.8944316881E-01
2.20	7.4906965184E-01
2.30	7.0063461379E-01
2.40	6.4700157898E-01
2.50	5.9087355841E-01
2.60	5.3460054195E-01
2.70	4.8000201562E-01
2.80	4.2835137784E-01
2.90	3.8042473413E-01
3.00	3.3660857770E-01
3.10	2.9701513468E-01
3.20	2.6154243659E-01
3.30	2.2995553865E-01
3.40	2.0196159927E-01
3.50	1.7723586835E-01
3.60	1.5545609408E-01
3.70	1.3631091116E-01
3.80	1.1949947017E-01
3.90	1.0474707073E-01
4.00	9.1812164974E-02
4.10	8.0477738243E-02
4.20	7.0546118883E-02
4.30	6.1844442587E-02
4.40	5.4222260132E-02
4.50	4.7546272613E-02
4.60	4.1701019654E-02
4.70	3.6580559511E-02
4.80	3.2095509558E-02
4.90	2.8166094201E-02
5.00	2.4724898668E-02
5.10	2.1711786632E-02
5.20	1.9073161322E-02
5.30	1.6763425864E-02
5.40	1.4742443909E-02
5.50	1.2974652769E-02
5.60	1.1429339146E-02
5.70	1.0079892458E-02
5.80	8.9029794793E-03
5.90	7.8780210197E-03
6.00	6.9874381348E-03
6.10	6.2156796114E-03
6.20	5.5490056002E-03
6.30	4.9755504011E-03
6.40	4.4848246258E-03
6.50	4.0675930997E-03
6.60	3.7149656749E-03
6.70	3.4183514999E-03
6.80	3.1687257538E-03
6.90	2.9554061554E-03
7.00	2.7645460109E-03
7.10	2.5762023523E-03
7.20	2.3608929635E-03
7.30	2.0729910342E-03
7.40	1.6003871438E-03
