# 1s 1/2
0.10	7.0339139597E-02
0.20	1.3991128342E-01
0.30	2.0796335797E-01
0.40	2.7376978102E-01
0.50	3.3664533521E-01
0.60	3.9595702736E-01
0.70	4.5113464657E-01
0.80	5.0167977645E-01
0.90	5.4717306538E-01
1.00	5.8727961284E-01
1.10	6.2175238775E-01
1.20	6.5043365305E-01
1.30	6.7325442876E-01
1.40	6.9023208040E-01
1.50	7.0146616965E-01
1.60	7.0713274736E-01
1.70	7.0747730536E-01
1.80	7.0280663009E-01
1.90	6.9347981968E-01
2.00	6.7989873466E-01
2.10	6.6249815230E-01
2.20	6.4173588567E-01
2.30	6.1808311229E-01
2.40	5.9201513400E-01
2.50	5.6400276137E-01
2.60	5.3450448380E-01
2.70	5.0395955154E-01
2.80	4.7278205998E-01
2.90	4.4135609102E-01
3.00	4.1003193195E-01
3.10	3.7912336070E-01
3.20	3.4890595796E-01
3.30	3.1961638233E-01
3.40	2.9145252475E-01
3.50	2.6457444330E-01
3.60	2.3910596907E-01
3.70	2.1513686746E-01
3.80	1.9272543801E-01
3.90	1.7190143759E-01
4.00	1.5266921713E-01
4.10	1.3501097026E-01
4.20	1.1889000222E-01
4.30	1.0425393886E-01
4.40	9.1037808310E-02
4.50	7.9166940313E-02
4.60	6.8559641257E-02
4.70	5.9129614770E-02
4.80	5.0788109193E-02
4.90	4.3445783299E-02
5.00	3.7014290498E-02
5.10	3.1407589262E-02
5.20	2.6542993512E-02
5.30	2.2341981417E-02
5.40	1.8730784384E-02
5.50	1.5640780136E-02
5.60	1.3008714856E-02
5.70	1.0776779508E-02
5.80	8.8925647952E-03
5.90	7.3089179798E-03
6.00	5.9837230937E-03
6.10	4.8796240335E-03
6.20	3.9637078271E-03
6.30	3.2071630602E-03
6.40	2.5849261573E-03
6.50	2.0753260061E-03
6.60	1.6597353361E-03
6.70	1.3222353667E-03
6.80	1.0492985434E-03
6.90	8.2949269818E-04
7.00	6.5320870659E-04
7.10	5.1241265906E-04
7.20	4.0042271292E-04
7.30	3.1171011960E-04
7.40	2.4172341684E-04
7.50	1.8673441268E-04
7.60	1.4370434832E-04
7.70	1.1016848871E-04
7.80	8.4137334146E-05
7.90	6.4012655369E-05
8.00	4.8516612957E-05
8.10	3.6632315466E-05
8.20	2.7554288240E-05
8.30	2.0647456463E-05
8.40	1.5413384179E-05
8.50	1.1462649749E-05
8.60	8.4923729050E-06
8.70	6.2680361752E-06
8.80	4.6088617337E-06
8.90	3.3761124876E-06
9.00	2.4637828862E-06
9.10	1.7912304730E-06
9.20	1.2973739834E-06
9.30	9.3614843417E-07
9.40	6.7296295560E-07
9.50	4.8195398656E-07
9.60	3.4386581280E-07
9.70	2.4442320019E-07
9.80	1.7308794449E-07
9.90	1.2211334315E-07
10.00	8.5828641254E-08
10.10	6.0100080050E-08
10.20	4.1926867556E-08
10.30	2.9139706045E-08
10.40	2.0176884438E-08
10.50	1.3918743153E-08
10.60	9.5658522810E-09
10.70	6.5497661494E-09
10.80	4.4679377414E-09
10.90	3.0364653150E-09
11.00	2.0559384557E-09
11.10	1.3868616226E-09
11.20	9.3204746584E-10
11.30	6.2405869009E-10
11.40	4.1628997856E-10
11.50	2.7666242994E-10
11.60	1.8318449288E-10
11.70	1.2084037892E-10
11.80	7.9418348579E-11
11.90	5.2001463110E-11
12.00	3.3923193793E-11
12.10	2.2047780269E-11
12.20	1.4276458114E-11
12.30	9.2100932668E-12
12.40	5.9196496281E-12
12.50	3.7906776941E-12
12.60	2.4183939624E-12
12.70	1.5371880961E-12
12.80	9.7345790680E-13
12.90	6.1418324125E-13
13.00	3.8607330831E-13
13.10	2.4178704211E-13
13.20	1.5086485808E-13
13.30	9.3785426483E-14
13.40	5.8086499242E-14
13.50	3.5843300248E-14
13.60	2.2036066571E-14
13.70	1.3497514692E-14
13.80	8.2369708915E-15
13.90	5.0081298074E-15
14.00	3.0337394078E-15
14.10	1.8309477012E-15
14.20	1.1009532789E-15
14.30	6.5956473812E-16
14.40	3.9367864700E-16
14.50	2.3411135250E-16
14.60	1.3870737747E-16
14.70	8.1879164317E-17
14.80	4.8155319954E-17
14.90	2.8217104409E-17
15.00	1.6473208068E-17
15.10	9.5816819067E-18
15.20	5.5526895818E-18
15.30	3.2059989262E-18
15.40	1.8442590603E-18
15.50	1.0570104840E-18
15.60	6.0358121607E-19
15.70	3.4339298517E-19
15.80	1.9464651474E-19
15.90	1.0992629133E-19
16.00	6.1852387783E-20
16.10	3.4674605425E-20
16.20	1.9367205440E-20
16.30	1.0777622583E-20
16.40	5.9755758776E-21
16.50	3.3009393203E-21
16.60	1.8167555388E-21
16.70	9.9622357060E-22
16.80	5.4427537927E-22
16.90	2.9626633592E-22
17.00	1.6067482896E-22
17.10	8.6819141519E-23
17.20	4.6739644441E-23
17.30	2.5070198343E-23
17.40	1.3397777256E-23
17.50	7.1336290214E-24
17.60	3.7843494719E-24
17.70	2.0002075311E-24
17.80	1.0533244063E-24
17.90	5.5265316019E-25
18.00	2.8889946827E-25
18.10	1.5046813970E-25
18.20	7.8081155713E-26
18.30	4.0369366245E-26
18.40	2.0795137217E-26
18.50	1.0672740505E-26
18.60	5.4575101127E-27
18.70	2.7804668611E-27
18.80	1.4113853548E-27
18.90	7.1380293766E-28
19.00	3.5967978162E-28
19.10	1.8057549708E-28
19.20	9.0324764126E-29
19.30	4.5015305390E-29
19.40	2.2352136187E-29
19.50	1.1058174990E-29
19.60	5.4507164307E-30
19.70	2.6768839450E-30
19.80	1.3098194502E-30
19.90	6.3855657085E-31
20.00	3.1016549566E-31
20.10	1.5010455082E-31
20.20	7.2377006097E-32
20.30	3.4770733689E-32
20.40	1.6643079391E-32
20.50	7.9370699515E-33
20.60	3.7713212249E-33
20.70	1.7853926283E-33
20.80	8.4213349712E-34
20.90	3.9576304419E-34
21.00	1.8530908843E-34
21.10	8.6450096447E-35
21.20	4.0182931626E-35
21.30	1.8609093599E-35
21.40	8.5865040343E-36
21.50	3.9474367658E-36
21.60	1.8080969709E-36
21.70	8.2515602615E-37
21.80	3.7519611999E-37
21.90	1.6997638622E-37
22.00	7.6723237105E-38
22.10	3.4504314251E-38
22.20	1.5460663199E-38
22.30	6.9022574615E-39
22.40	3.0701711461E-39
22.50	1.3606376684E-39
22.60	6.0080141125E-40
22.70	2.6431878180E-40
22.80	1.1586007478E-40
22.90	5.0599748613E-41
23.00	2.2017690419E-41
23.10	9.5456186844E-42
23.20	4.1233043518E-42
23.30	1.7745807367E-42
23.40	7.6094849497E-43
23.50	3.2510523229E-43
23.60	1.3838911132E-43
23.70	5.8693392536E-44
23.80	2.4801954250E-44
23.90	1.0442201102E-44
24.00	4.3803390688E-45
24.10	1.8307666581E-45
24.20	7.6237370911E-46
24.30	3.1630972202E-46
24.40	1.3075760095E-46
24.50	5.3855638762E-47
24.60	2.2100663499E-47
24.70	9.0362740819E-48
24.80	3.6811497784E-48
24.90	1.4941274650E-48
25.00	6.0422951239E-49
25.10	2.4345931648E-49
25.20	9.7737471235E-50
25.30	3.9093638084E-50
25.40	1.5579783620E-50
25.50	6.1862455206E-51
25.60	2.4473908547E-51
25.70	9.6469497261E-52
25.80	3.7886741170E-52
25.90	1.4825013278E-52
26.00	5.7798103122E-53
26.10	2.2451366750E-53
26.20	8.6892588797E-54
26.30	3.3506841434E-54
26.40	1.2873454265E-54
26.50	4.9279647868E-55
26.60	1.8795377019E-55
26.70	7.1424215398E-56
26.80	2.7042756122E-56
26.90	1.0201581582E-56
27.00	3.8343803401E-57
27.10	1.4359325584E-57
27.20	5.3577705610E-58
27.30	1.9917986744E-58
27.40	7.3776503349E-59
27.50	2.7227141024E-59
27.60	1.0011459612E-59
27.70	3.6677876686E-60
27.80	1.3388207693E-60
27.90	4.8691393662E-61
28.00	1.7643856581E-61
28.10	6.3701025199E-62
28.20	2.2914529977E-62
28.30	8.2127225724E-63
28.40	2.9327500959E-63
28.50	1.0434573608E-63
28.60	3.6990153902E-64
28.70	1.3064999238E-64
28.80	4.5977409200E-65
28.90	1.6120982063E-65
29.00	5.6318414911E-66
29.10	1.9602944755E-66
29.20	6.7983607924E-67
29.30	2.3490871942E-67
29.40	8.0873480796E-68
29.50	2.7741199655E-68
29.60	9.4810509124E-69
29.70	3.2284933140E-69
29.80	1.0953565491E-69
29.90	3.7027412588E-70
30.00	1.2471063552E-70
30.10	4.1850044356E-71
30.20	1.3992673099E-71
30.30	4.6614155494E-72
30.40	1.5472031868E-72
30.50	5.1166924247E-73
30.60	1.6859462771E-73
30.70	5.5349110077E-74
30.80	1.8104647530E-74
# 1p 3/2
0.10	3.4672252917E-03
0.20	1.3793286163E-02
0.30	3.0753396415E-02
0.40	5.3979705426E-02
0.50	8.2971246682E-02
0.60	1.1710739377E-01
0.70	1.5566437489E-01
0.80	1.9783430042E-01
0.90	2.4274608303E-01
1.00	2.8948757955E-01
1.10	3.3712825860E-01
1.20	3.8474170005E-01
1.30	4.3142725877E-01
1.40	4.7633027586E-01
1.50	5.1866029182E-01
1.60	5.5770680398E-01
1.70	5.9285221213E-01
1.80	6.2358170523E-01
1.90	6.4948995528E-01
2.00	6.7028459606E-01
2.10	6.8578657078E-01
2.20	6.9592752960E-01
2.30	7.0074454232E-01
2.40	7.0037246089E-01
2.50	6.9503431874E-01
2.60	6.8503018888E-01
2.70	6.7072493996E-01
2.80	6.5253532963E-01
2.90	6.3091685932E-01
3.00	6.0635078550E-01
3.10	5.7933164217E-01
3.20	5.5035558015E-01
3.30	5.1990977366E-01
3.40	4.8846308628E-01
3.50	4.5645812887E-01
3.60	4.2430478467E-01
3.70	3.9237522260E-01
3.80	3.6100037107E-01
3.90	3.3046778231E-01
4.00	3.0102078242E-01
4.10	2.7285877523E-01
4.20	2.4613854888E-01
4.30	2.2097642242E-01
4.40	1.9745106500E-01
4.50	1.7560682243E-01
4.60	1.5545739231E-01
4.70	1.3698970102E-01
4.80	1.2016785037E-01
4.90	1.0493701881E-01
5.00	9.1227220652E-02
5.10	7.8956845531E-02
5.20	6.8035918910E-02
5.30	5.8369042106E-02
5.40	4.9857986392E-02
5.50	4.2403930199E-02
5.60	3.5909340708E-02
5.70	3.0279511424E-02
5.80	2.5423775341E-02
5.90	2.1256419396E-02
6.00	1.7697329966E-02
6.10	1.4672401646E-02
6.20	1.2113742399E-02
6.30	9.9597078845E-03
6.40	8.1547964570E-03
6.50	6.6494342378E-03
6.60	5.3996770544E-03
6.70	4.3668530977E-03
6.80	3.5171670266E-03
6.90	2.8212831070E-03
7.00	2.2539019283E-03
7.10	1.7933423702E-03
7.20	1.4211378632E-03
7.30	1.1216536456E-03
7.40	8.8172966921E-04
7.50	6.9035207373E-04
7.60	5.3835470401E-04
7.70	4.1815098805E-04
7.80	3.2349558693E-04
7.90	2.4927455209E-04
8.00	1.9132224645E-04
8.10	1.4626297398E-04
8.20	1.1137508792E-04
8.30	8.4475284236E-05
8.40	6.3820808216E-05
8.50	4.8027386950E-05
8.60	3.6000830335E-05
8.70	2.6880401867E-05
8.80	1.9992235636E-05
8.90	1.4811257257E-05
9.00	1.0930246441E-05
9.10	8.0348518159E-06
9.20	5.8835306780E-06
9.30	4.2915351511E-06
9.40	3.1182003956E-06
9.50	2.2569097492E-06
9.60	1.6272161416E-06
9.70	1.1686895763E-06
9.80	8.3613789453E-07
9.90	5.9591363998E-07
10.00	4.2307488748E-07
10.10	2.9921367245E-07
10.20	2.1080339389E-07
10.30	1.4794742182E-07
10.40	1.0343617594E-07
10.50	7.2040103838E-08
10.60	4.9982105361E-08
10.70	3.4545746545E-08
10.80	2.3785696802E-08
10.90	1.6314727823E-08
11.00	1.1147765011E-08
11.10	7.5882410715E-09
11.20	5.1456597180E-09
11.30	3.4760730049E-09
11.40	2.3392994451E-09
11.50	1.5683140664E-09
11.60	1.0474461531E-09
11.70	6.9692003619E-10
11.80	4.6194244613E-10
11.90	3.0503349780E-10
12.00	2.0066100808E-10
12.10	1.3150287648E-10
12.20	8.5854945424E-11
12.30	5.5841123804E-11
12.40	3.6182843851E-11
12.50	2.3356721537E-11
12.60	1.5020438290E-11
12.70	9.6231165093E-12
12.80	6.1420331619E-12
12.90	3.9054643932E-12
13.00	2.4739911388E-12
13.10	1.5613106723E-12
13.20	9.8162820869E-13
13.30	6.1485400882E-13
13.40	3.8367633408E-13
13.50	2.3852108104E-13
13.60	1.4772635916E-13
13.70	9.1150569482E-14
13.80	5.6031419879E-14
13.90	3.4314319254E-14
14.00	2.0935884756E-14
14.10	1.2725652576E-14
14.20	7.7062349172E-15
14.30	4.6492026531E-15
14.40	2.7944050782E-15
14.50	1.6733064554E-15
14.60	9.9824565084E-16
14.70	5.9330191012E-16
14.80	3.5131039342E-16
14.90	2.0724483886E-16
15.00	1.2180200947E-16
15.10	7.1318747360E-17
15.20	4.1603703593E-17
15.30	2.4179082311E-17
15.40	1.3999987788E-17
15.50	8.0759942934E-18
15.60	4.6413607404E-18
15.70	2.6575171867E-18
15.80	1.5159634449E-18
15.90	8.6155639564E-19
16.00	4.8782209052E-19
16.10	2.7518351525E-19
16.20	1.5465607507E-19
16.30	8.6595552183E-20
16.40	4.8306839424E-20
16.50	2.6847663477E-20
16.60	1.4865844692E-20
16.70	8.2008391608E-21
16.80	4.5072638421E-21
16.90	2.4680503837E-21
17.00	1.3464237942E-21
17.10	7.3180708174E-22
17.20	3.9627699543E-22
17.30	2.1379073647E-22
17.40	1.1491243085E-22
17.50	6.1536611672E-23
17.60	3.2831363032E-23
17.70	1.7451523034E-23
17.80	9.2420254440E-24
17.90	4.8763031730E-24
18.00	2.5633284512E-24
18.10	1.3424809658E-24
18.20	7.0049111517E-25
18.30	3.6415647088E-25
18.40	1.8860996034E-25
18.50	9.7326854777E-26
18.60	5.0037142896E-26
18.70	2.5629748242E-26
18.80	1.3079419410E-26
18.90	6.6500535952E-27
19.00	3.3686402783E-27
19.10	1.7001106840E-27
19.20	8.5485621831E-28
19.30	4.2825507686E-28
19.40	2.1374982857E-28
19.50	1.0629261211E-28
19.60	5.2661675236E-29
19.70	2.5994458771E-29
19.80	1.2783849105E-29
19.90	6.2637939781E-30
20.00	3.0577958653E-30
20.10	1.4872190063E-30
20.20	7.2067091349E-31
20.30	3.4793242416E-31
20.40	1.6735891923E-31
20.50	8.0204563437E-32
20.60	3.8295324683E-32
20.70	1.8217513207E-32
20.80	8.6343428140E-33
20.90	4.0772424234E-33
21.00	1.9182315279E-33
21.10	8.9915165448E-34
21.20	4.1991606460E-34
21.30	1.9538437681E-34
21.40	9.0576422215E-35
21.50	4.1834891983E-35
21.60	1.9251318540E-35
21.70	8.8263433927E-36
21.80	4.0318080022E-36
21.90	1.8349224610E-36
22.00	8.3202161597E-37
22.10	3.7588126912E-37
22.20	1.6918665506E-37
22.30	7.5871911945E-38
22.40	3.3899681234E-38
22.50	1.5090721991E-38
22.60	6.6930549965E-39
22.70	2.9575962817E-39
22.80	1.3021279522E-39
22.90	5.7117455481E-40
23.00	2.4962300520E-40
23.10	1.0869287392E-40
23.20	4.7153983544E-41
23.30	2.0381525858E-41
23.40	8.7772027425E-42
23.50	3.7659697890E-42
23.60	1.6099001237E-42
23.70	6.8568171639E-43
23.80	2.9096976911E-43
23.90	1.2301978512E-43
24.00	5.1820784249E-44
24.10	2.1748787370E-44
24.20	9.0942792861E-45
24.30	3.7888187018E-45
24.40	1.5726851301E-45
24.50	6.5040261086E-46
24.60	2.6799422131E-46
24.70	1.1001992859E-46
24.80	4.5000794301E-47
24.90	1.8338846121E-47
25.00	7.4460672228E-48
25.10	3.0122091970E-48
25.20	1.2140781677E-48
25.30	4.8754153414E-49
25.40	1.9506535777E-49
25.50	7.7759300134E-50
25.60	3.0883627705E-50
25.70	1.2221039531E-50
25.80	4.8182792585E-51
25.90	1.8926916468E-51
26.00	7.4075048383E-52
26.10	2.8884729308E-52
26.20	1.1221968312E-52
26.30	4.3438442915E-53
26.40	1.6752669920E-53
26.50	6.4372219002E-54
26.60	2.4644368194E-54
26.70	9.4003007825E-55
26.80	3.5724878131E-55
26.90	1.3527103011E-55
27.00	5.1032161520E-56
27.10	1.9181755194E-56
27.20	7.1835319213E-57
27.30	2.6803598036E-57
27.40	9.9644570843E-58
27.50	3.6907934818E-58
27.60	1.3620451122E-58
27.70	5.0080535659E-59
27.80	1.8346458686E-59
27.90	6.6964004797E-60
28.00	2.4352107969E-60
28.10	8.8234362476E-61
28.20	3.1852613512E-61
28.30	1.1456675133E-61
28.40	4.1056167642E-62
28.50	1.4659007847E-62
28.60	5.2147942945E-63
28.70	1.8483163097E-63
28.80	6.5271259555E-64
28.90	2.2965417645E-64
29.00	8.0506960660E-65
29.10	2.8118963972E-65
29.20	9.7852532687E-66
29.30	3.3927492881E-66
29.40	1.1720293199E-66
29.50	4.0339662863E-67
29.60	1.3833535855E-67
29.70	4.7265183789E-68
29.80	1.6090027398E-68
29.90	5.4573218071E-69
30.00	1.8442073876E-69
30.10	6.2093684195E-70
30.20	2.0830161705E-70
30.30	6.9621833991E-71
30.40	2.3184938338E-71
30.50	7.6926178986E-72
30.60	2.5430222994E-72
30.70	8.3759490772E-73
30.80	2.7486902440E-73
# 1p 1/2
0.10	3.4672252917E-03
0.20	1.3793286163E-02
0.30	3.0753396415E-02
0.40	5.3979705426E-02
0.50	8.2971246682E-02
0.60	1.1710739377E-01
0.70	1.5566437489E-01
0.80	1.9783430042E-01
0.90	2.4274608303E-01
1.00	2.8948757955E-01
1.10	3.3712825860E-01
1.20	3.8474170005E-01
1.30	4.3142725877E-01
1.40	4.7633027586E-01
1.50	5.1866029182E-01
1.60	5.5770680398E-01
1.70	5.9285221213E-01
1.80	6.2358170523E-01
1.90	6.4948995528E-01
2.00	6.7028459606E-01
2.10	6.8578657078E-01
2.20	6.9592752960E-01
2.30	7.0074454232E-01
2.40	7.0037246089E-01
2.50	6.9503431874E-01
2.60	6.8503018888E-01
2.70	6.7072493996E-01
2.80	6.5253532963E-01
2.90	6.3091685932E-01
3.00	6.0635078550E-01
3.10	5.7933164217E-01
3.20	5.5035558015E-01
3.30	5.1990977366E-01
3.40	4.8846308628E-01
3.50	4.5645812887E-01
3.60	4.2430478467E-01
3.70	3.9237522260E-01
3.80	3.6100037107E-01
3.90	3.3046778231E-01
4.00	3.0102078242E-01
4.10	2.7285877523E-01
4.20	2.4613854888E-01
4.30	2.2097642242E-01
4.40	1.9745106500E-01
4.50	1.7560682243E-01
4.60	1.5545739231E-01
4.70	1.3698970102E-01
4.80	1.2016785037E-01
4.90	1.0493701881E-01
5.00	9.1227220652E-02
5.10	7.8956845531E-02
5.20	6.8035918910E-02
5.30	5.8369042106E-02
5.40	4.9857986392E-02
5.50	4.2403930199E-02
5.60	3.5909340708E-02
5.70	3.0279511424E-02
5.80	2.5423775341E-02
5.90	2.1256419396E-02
6.00	1.7697329966E-02
6.10	1.4672401646E-02
6.20	1.2113742399E-02
6.30	9.9597078845E-03
6.40	8.1547964570E-03
6.50	6.6494342378E-03
6.60	5.3996770544E-03
6.70	4.3668530977E-03
6.80	3.5171670266E-03
6.90	2.8212831070E-03
7.00	2.2539019283E-03
7.10	1.7933423702E-03
7.20	1.4211378632E-03
7.30	1.1216536456E-03
7.40	8.8172966921E-04
7.50	6.9035207373E-04
7.60	5.3835470401E-04
7.70	4.1815098805E-04
7.80	3.2349558693E-04
7.90	2.4927455209E-04
8.00	1.9132224645E-04
8.10	1.4626297398E-04
8.20	1.1137508792E-04
8.30	8.4475284236E-05
8.40	6.3820808216E-05
8.50	4.8027386950E-05
8.60	3.6000830335E-05
8.70	2.6880401867E-05
8.80	1.9992235636E-05
8.90	1.4811257257E-05
9.00	1.0930246441E-05
9.10	8.0348518159E-06
9.20	5.8835306780E-06
9.30	4.2915351511E-06
9.40	3.1182003956E-06
9.50	2.2569097492E-06
9.60	1.6272161416E-06
9.70	1.1686895763E-06
9.80	8.3613789453E-07
9.90	5.9591363998E-07
10.00	4.2307488748E-07
10.10	2.9921367245E-07
10.20	2.1080339389E-07
10.30	1.4794742182E-07
10.40	1.0343617594E-07
10.50	7.2040103838E-08
10.60	4.9982105361E-08
10.70	3.4545746545E-08
10.80	2.3785696802E-08
10.90	1.6314727823E-08
11.00	1.1147765011E-08
11.10	7.5882410715E-09
11.20	5.1456597180E-09
11.30	3.4760730049E-09
11.40	2.3392994451E-09
11.50	1.5683140664E-09
11.60	1.0474461531E-09
11.70	6.9692003619E-10
11.80	4.6194244613E-10
11.90	3.0503349780E-10
12.00	2.0066100808E-10
12.10	1.3150287648E-10
12.20	8.5854945424E-11
12.30	5.5841123804E-11
12.40	3.6182843851E-11
12.50	2.3356721537E-11
12.60	1.5020438290E-11
12.70	9.6231165093E-12
12.80	6.1420331619E-12
12.90	3.9054643932E-12
13.00	2.4739911388E-12
13.10	1.5613106723E-12
13.20	9.8162820869E-13
13.30	6.1485400882E-13
13.40	3.8367633408E-13
13.50	2.3852108104E-13
13.60	1.4772635916E-13
13.70	9.1150569482E-14
13.80	5.6031419879E-14
13.90	3.4314319254E-14
14.00	2.0935884756E-14
14.10	1.2725652576E-14
14.20	7.7062349172E-15
14.30	4.6492026531E-15
14.40	2.7944050782E-15
14.50	1.6733064554E-15
14.60	9.9824565084E-16
14.70	5.9330191012E-16
14.80	3.5131039342E-16
14.90	2.0724483886E-16
15.00	1.2180200947E-16
15.10	7.1318747360E-17
15.20	4.1603703593E-17
15.30	2.4179082311E-17
15.40	1.3999987788E-17
15.50	8.0759942934E-18
15.60	4.6413607404E-18
15.70	2.6575171867E-18
15.80	1.5159634449E-18
15.90	8.6155639564E-19
16.00	4.8782209052E-19
16.10	2.7518351525E-19
16.20	1.5465607507E-19
16.30	8.6595552183E-20
16.40	4.8306839424E-20
16.50	2.6847663477E-20
16.60	1.4865844692E-20
16.70	8.2008391608E-21
16.80	4.5072638421E-21
16.90	2.4680503837E-21
17.00	1.3464237942E-21
17.10	7.3180708174E-22
17.20	3.9627699543E-22
17.30	2.1379073647E-22
17.40	1.1491243085E-22
17.50	6.1536611672E-23
17.60	3.2831363032E-23
17.70	1.7451523034E-23
17.80	9.2420254440E-24
17.90	4.8763031730E-24
18.00	2.5633284512E-24
18.10	1.3424809658E-24
18.20	7.0049111517E-25
18.30	3.6415647088E-25
18.40	1.8860996034E-25
18.50	9.7326854777E-26
18.60	5.0037142896E-26
18.70	2.5629748242E-26
18.80	1.3079419410E-26
18.90	6.6500535952E-27
19.00	3.3686402783E-27
19.10	1.7001106840E-27
19.20	8.5485621831E-28
19.30	4.2825507686E-28
19.40	2.1374982857E-28
19.50	1.0629261211E-28
19.60	5.2661675236E-29
19.70	2.5994458771E-29
19.80	1.2783849105E-29
19.90	6.2637939781E-30
20.00	3.0577958653E-30
20.10	1.4872190063E-30
20.20	7.2067091349E-31
20.30	3.4793242416E-31
20.40	1.6735891923E-31
20.50	8.0204563437E-32
20.60	3.8295324683E-32
20.70	1.8217513207E-32
20.80	8.6343428140E-33
20.90	4.0772424234E-33
21.00	1.9182315279E-33
21.10	8.9915165448E-34
21.20	4.1991606460E-34
21.30	1.9538437681E-34
21.40	9.0576422215E-35
21.50	4.1834891983E-35
21.60	1.9251318540E-35
21.70	8.8263433927E-36
21.80	4.0318080022E-36
21.90	1.8349224610E-36
22.00	8.3202161597E-37
22.10	3.7588126912E-37
22.20	1.6918665506E-37
22.30	7.5871911945E-38
22.40	3.3899681234E-38
22.50	1.5090721991E-38
22.60	6.6930549965E-39
22.70	2.9575962817E-39
22.80	1.3021279522E-39
22.90	5.7117455481E-40
23.00	2.4962300520E-40
23.10	1.0869287392E-40
23.20	4.7153983544E-41
23.30	2.0381525858E-41
23.40	8.7772027425E-42
23.50	3.7659697890E-42
23.60	1.6099001237E-42
23.70	6.8568171639E-43
23.80	2.9096976911E-43
23.90	1.2301978512E-43
24.00	5.1820784249E-44
24.10	2.1748787370E-44
24.20	9.0942792861E-45
24.30	3.7888187018E-45
24.40	1.5726851301E-45
24.50	6.5040261086E-46
24.60	2.6799422131E-46
24.70	1.1001992859E-46
24.80	4.5000794301E-47
24.90	1.8338846121E-47
25.00	7.4460672228E-48
25.10	3.0122091970E-48
25.20	1.2140781677E-48
25.30	4.8754153414E-49
25.40	1.9506535777E-49
25.50	7.7759300134E-50
25.60	3.0883627705E-50
25.70	1.2221039531E-50
25.80	4.8182792585E-51
25.90	1.8926916468E-51
26.00	7.4075048383E-52
26.10	2.8884729308E-52
26.20	1.1221968312E-52
26.30	4.3438442915E-53
26.40	1.6752669920E-53
26.50	6.4372219002E-54
26.60	2.4644368194E-54
26.70	9.4003007825E-55
26.80	3.5724878131E-55
26.90	1.3527103011E-55
27.00	5.1032161520E-56
27.10	1.9181755194E-56
27.20	7.1835319213E-57
27.30	2.6803598036E-57
27.40	9.9644570843E-58
27.50	3.6907934818E-58
27.60	1.3620451122E-58
27.70	5.0080535659E-59
27.80	1.8346458686E-59
27.90	6.6964004797E-60
28.00	2.4352107969E-60
28.10	8.8234362476E-61
28.20	3.1852613512E-61
28.30	1.1456675133E-61
28.40	4.1056167642E-62
28.50	1.4659007847E-62
28.60	5.2147942945E-63
28.70	1.8483163097E-63
28.80	6.5271259555E-64
28.90	2.2965417645E-64
29.00	8.0506960660E-65
29.10	2.8118963972E-65
29.20	9.7852532687E-66
29.30	3.3927492881E-66
29.40	1.1720293199E-66
29.50	4.0339662863E-67
29.60	1.3833535855E-67
29.70	4.7265183789E-68
29.80	1.6090027398E-68
29.90	5.4573218071E-69
30.00	1.8442073876E-69
30.10	6.2093684195E-70
30.20	2.0830161705E-70
30.30	6.9621833991E-71
30.40	2.3184938338E-71
30.50	7.6926178986E-72
30.60	2.5430222994E-72
30.70	8.3759490772E-73
30.80	2.7486902440E-73
# 1d 5/2
0.10	1.3238619422E-04
0.20	1.0533152635E-03
0.30	3.5226944618E-03
0.40	8.2442496989E-03
0.50	1.5840112272E-02
0.60	2.6828488268E-02
0.70	4.1605228113E-02
0.80	6.0429947098E-02
0.90	8.3417155370E-02
1.00	1.1053264702E-01
1.10	1.4159518261E-01
1.20	1.7628328757E-01
1.30	2.1414679027E-01
1.40	2.5462254672E-01
1.50	2.9705365106E-01
1.60	3.4071131841E-01
1.70	3.8481855244E-01
1.80	4.2857467640E-01
1.90	4.7117981283E-01
2.00	5.1185844158E-01
2.10	5.4988124420E-01
2.20	5.8458454981E-01
2.30	6.1538682704E-01
2.40	6.4180181098E-01
2.50	6.6344800649E-01
2.60	6.8005446204E-01
2.70	6.9146285488E-01
2.80	6.9762606273E-01
2.90	6.9860351453E-01
3.00	6.9455370885E-01
3.10	6.8572436180E-01
3.20	6.7244069453E-01
3.30	6.5509239406E-01
3.40	6.3411978209E-01
3.50	6.0999970574E-01
3.60	5.8323162549E-01
3.70	5.5432432223E-01
3.80	5.2378358091E-01
3.90	4.9210113708E-01
4.00	4.5974509776E-01
4.10	4.2715197391E-01
4.20	3.9472039049E-01
4.30	3.6280647492E-01
4.40	3.3172086757E-01
4.50	3.0172724948E-01
4.60	2.7304224469E-01
4.70	2.4583652665E-01
4.80	2.2023694047E-01
4.90	1.9632944440E-01
5.00	1.7416267384E-01
5.10	1.5375193875E-01
5.20	1.3508347803E-01
5.30	1.1811881226E-01
5.40	1.0279905683E-01
5.50	8.9049079793E-02
5.60	7.6781411936E-02
5.70	6.5899839139E-02
5.80	5.6302628608E-02
5.90	4.7885360069E-02
6.00	4.0543350345E-02
6.10	3.4173674421E-02
6.20	2.8676798128E-02
6.30	2.3957846931E-02
6.40	1.9927542088E-02
6.50	1.6502839936E-02
6.60	1.3607312453E-02
6.70	1.1171307867E-02
6.80	9.1319293152E-03
6.90	7.4328675625E-03
7.00	6.0241210577E-03
7.10	4.8616332503E-03
7.20	3.9068734361E-03
7.30	3.1263836285E-03
7.40	2.4913102211E-03
7.50	1.9769356480E-03
7.60	1.5622219658E-03
7.70	1.2293753135E-03
7.80	9.6343761596E-04
7.90	7.5190967210E-04
8.00	5.8440792154E-04
8.10	4.5235568648E-04
8.20	3.4870851127E-04
8.30	2.6771233968E-04
8.40	2.0469263717E-04
8.50	1.5587214778E-04
8.60	1.1821473264E-04
8.70	8.9292636292E-05
8.80	6.7174535116E-05
8.90	5.0331812194E-05
9.00	3.7560649971E-05
9.10	2.7917716931E-05
9.20	2.0667430466E-05
9.30	1.5238992600E-05
9.40	1.1191608551E-05
9.50	8.1865031518E-06
9.60	5.9645421535E-06
9.70	4.3284413804E-06
9.80	3.1287050106E-06
9.90	2.2525744630E-06
10.00	1.6153918339E-06
10.10	1.1538874340E-06
10.20	8.2099101826E-07
10.30	5.8184226021E-07
10.40	4.1073946305E-07
10.50	2.8881800562E-07
10.60	2.0229308916E-07
10.70	1.4113638699E-07
10.80	9.8084474490E-08
10.90	6.7899560991E-08
11.00	4.6821047546E-08
11.10	3.2160643792E-08
11.20	2.2004916309E-08
11.30	1.4997814162E-08
11.40	1.0182426987E-08
11.50	6.8863883972E-09
11.60	4.6392772869E-09
11.70	3.1133607627E-09
11.80	2.0812800079E-09
11.90	1.3859741546E-09
12.00	9.1940078725E-10
12.10	6.0754892739E-10
12.20	3.9993165714E-10
12.30	2.6225265695E-10
12.40	1.7131090865E-10
12.50	1.1147629638E-10
12.60	7.2262633715E-11
12.70	4.6663799822E-11
12.80	3.0018069729E-11
12.90	1.9236365861E-11
13.00	1.2280106339E-11
13.10	7.8094645801E-12
13.20	4.9474520841E-12
13.30	3.1223694240E-12
13.40	1.9630458609E-12
13.50	1.2294791637E-12
13.60	7.6710981286E-13
13.70	4.7680476729E-13
13.80	2.9523738491E-13
13.90	1.8211714078E-13
14.00	1.1191285888E-13
14.10	6.8510921739E-14
14.20	4.1782192326E-14
14.30	2.5384882058E-14
14.40	1.5364289774E-14
14.50	9.2641189831E-15
14.60	5.5648173969E-15
14.70	3.3300727149E-15
14.80	1.9852415189E-15
14.90	1.1790456703E-15
15.00	6.9759980070E-16
15.10	4.1118881197E-16
15.20	2.4145500773E-16
15.30	1.4125111347E-16
15.40	8.2320692129E-17
15.50	4.7795646134E-17
15.60	2.7645888891E-17
15.70	1.5930755409E-17
15.80	9.1454788886E-18
15.90	5.2304790934E-18
16.00	2.9801771545E-18
16.10	1.6916438168E-18
16.20	9.5662700004E-19
16.30	5.3894422889E-19
16.40	3.0249145253E-19
16.50	1.6914184954E-19
16.60	9.4223300928E-20
16.70	5.2292017882E-20
16.80	2.8912317097E-20
16.90	1.5925803813E-20
17.00	8.7395955495E-21
17.10	4.7780793051E-21
17.20	2.6024832556E-21
17.30	1.4121980972E-21
17.40	7.6344348896E-22
17.50	4.1118026647E-22
17.60	2.2062880701E-22
17.70	1.1794166016E-22
17.80	6.2812748556E-23
17.90	3.3327624966E-23
18.00	1.7617220843E-23
18.10	9.2778500094E-24
18.20	4.8678216137E-24
18.30	2.5444841902E-24
18.40	1.3250829999E-24
18.50	6.8748789045E-25
18.60	3.5535798891E-25
18.70	1.8299810067E-25
18.80	9.3887321873E-26
18.90	4.7989650288E-26
19.00	2.4438180805E-26
19.10	1.2398558610E-26
19.20	6.2669313793E-27
19.30	3.1558798802E-27
19.40	1.5833179688E-27
19.50	7.9140415620E-28
19.60	3.9410448505E-28
19.70	1.9552740710E-28
19.80	9.6646796114E-29
19.90	4.7593887188E-29
20.00	2.3350657847E-29
20.10	1.1413835785E-29
20.20	5.5583897909E-30
20.30	2.6968176159E-30
20.40	1.3035859336E-30
20.50	6.2778881787E-31
20.60	3.0121293085E-31
20.70	1.4398593603E-31
20.80	6.8573017105E-32
20.90	3.2536696479E-32
21.00	1.5380871894E-32
21.10	7.2439599167E-33
21.20	3.3990612153E-33
21.30	1.5890225961E-33
21.40	7.4009857981E-34
21.50	3.4342961849E-34
21.60	1.5877234777E-34
21.70	7.3130945637E-35
21.80	3.3559615131E-35
21.90	1.5343430384E-35
22.00	6.9890464324E-36
22.10	3.1717839250E-36
22.20	1.4341009191E-36
22.30	6.4602083804E-37
22.40	2.8993741885E-37
22.50	1.2964422384E-37
22.60	5.7755515995E-38
22.70	2.5634531479E-38
22.80	1.1335720896E-38
22.90	4.9941889534E-39
23.00	2.1921641890E-39
23.10	9.5868004451E-40
23.20	4.1770243596E-40
23.30	1.8132314818E-40
23.40	7.8421044613E-41
23.50	3.3791333417E-41
23.60	1.4506798283E-41
23.70	6.2048537673E-42
23.80	2.6441461850E-42
23.90	1.1226218752E-42
24.00	4.7487122973E-43
24.10	2.0013024426E-43
24.20	8.4031920419E-44
24.30	3.5153675017E-44
24.40	1.4651842527E-44
24.50	6.0842772491E-45
24.60	2.5172199912E-45
24.70	1.0375975736E-45
24.80	4.2612056661E-46
24.90	1.7435402958E-46
25.00	7.1076755810E-47
25.10	2.8868185492E-47
25.20	1.1681747794E-47
25.30	4.7096949257E-48
25.40	1.8917968619E-48
25.50	7.5709984809E-49
25.60	3.0187622421E-49
25.70	1.1992284079E-49
25.80	4.7464871424E-50
25.90	1.8717173453E-50
26.00	7.3537003181E-51
26.10	2.8785212824E-51
26.20	1.1226153206E-51
26.30	4.3620499383E-52
26.40	1.6886847989E-52
26.50	6.5133586029E-53
26.60	2.5029948774E-53
26.70	9.5832682940E-54
26.80	3.6556632722E-54
26.90	1.3893693463E-54
27.00	5.2610007460E-55
27.10	1.9848069427E-55
27.20	7.4604936578E-56
27.30	2.7939355194E-56
27.40	1.0424730571E-56
27.50	3.8753691193E-57
27.60	1.4353612238E-57
27.70	5.2967487161E-58
27.80	1.9474112685E-58
27.90	7.1335590013E-59
28.00	2.6034858850E-59
28.10	9.4668328152E-60
28.20	3.4296895951E-60
28.30	1.2379573121E-60
28.40	4.4520228387E-61
28.50	1.5951813845E-61
28.60	5.6946082155E-62
28.70	2.0254374140E-62
28.80	7.1775316581E-63
28.90	2.5341529658E-63
29.00	8.9143989150E-64
29.10	3.1243015177E-64
29.20	1.0909769069E-64
29.30	3.7955963812E-65
29.40	1.3156683950E-65
29.50	4.5437551012E-66
29.60	1.5634555793E-66
29.70	5.3599215817E-67
29.80	1.8307695615E-67
29.90	6.2303348405E-68
30.00	2.1124753387E-68
30.10	7.1363240032E-69
30.20	2.4019292995E-69
30.30	8.0546880144E-70
30.40	2.6911639986E-70
30.50	8.9584863421E-71
30.60	2.9712023538E-71
30.70	9.8182263313E-72
30.80	3.2324897244E-72
# 2s 1/2
0.10	8.5938179527E-02
0.20	1.6969018915E-01
0.30	2.4913218712E-01
0.40	3.2226283192E-01
0.50	3.8725923120E-01
0.60	4.4252677400E-01
0.70	4.8674120299E-01
0.80	5.1888159744E-01
0.90	5.3825330214E-01
1.00	5.4450023370E-01
1.10	5.3760640679E-01
1.20	5.1788692968E-01
1.30	4.8596910333E-01
1.40	4.4276460491E-01
1.50	3.8943403142E-01
1.60	3.2734531033E-01
1.70	2.5802764557E-01
1.80	1.8312275334E-01
1.90	1.0433515455E-01
2.00	2.3383230855E-02
2.10	-5.8047372799E-02
2.20	-1.3834659641E-01
2.30	-2.1601788588E-01
2.40	-2.8971026541E-01
2.50	-3.5824391537E-01
2.60	-4.2062889123E-01
2.70	-4.7607689327E-01
2.80	-5.2400625342E-01
2.90	-5.6404053472E-01
3.00	-5.9600133287E-01
3.10	-6.1989602353E-01
3.20	-6.3590131044E-01
3.30	-6.4434349647E-01
3.40	-6.4567642546E-01
3.50	-6.4045802856E-01
3.60	-6.2932636067E-01
3.70	-6.1297593528E-01
3.80	-5.9213506655E-01
3.90	-5.6754481208E-01
4.00	-5.3993998530E-01
4.10	-5.1003257889E-01
4.20	-4.7849781595E-01
4.30	-4.4596292835E-01
4.40	-4.1299865563E-01
4.50	-3.8011336612E-01
4.60	-3.4774962632E-01
4.70	-3.1628298570E-01
4.80	-2.8602270214E-01
4.90	-2.5721410775E-01
5.00	-2.3004230390E-01
5.10	-2.0463687669E-01
5.20	-1.8107733724E-01
5.30	-1.5939901347E-01
5.40	-1.3959914833E-01
5.50	-1.2164299259E-01
5.60	-1.0546971504E-01
5.70	-9.0997989127E-02
5.80	-7.8131149201E-02
5.90	-6.6761842386E-02
6.00	-5.6776131361E-02
6.10	-4.8057029084E-02
6.20	-4.0487468209E-02
6.30	-3.3952725558E-02
6.40	-2.8342335529E-02
6.50	-2.3551536148E-02
6.60	-1.9482297751E-02
6.70	-1.6043987667E-02
6.80	-1.3153725024E-02
6.90	-1.0736478594E-02
7.00	-8.7249577082E-03
7.10	-7.0593423335E-03
7.20	-5.6868936300E-03
7.30	-4.5614811825E-03
7.40	-3.6430578133E-03
7.50	-2.8971077034E-03
7.60	-2.2940886477E-03
7.70	-1.8088847533E-03
7.80	-1.4202818565E-03
7.90	-1.1104744079E-03
8.00	-8.6460958446E-04
8.10	-6.7037190041E-04
8.20	-5.1760959435E-04
8.30	-3.9800250916E-04
8.40	-3.0477001364E-04
8.50	-2.3241668389E-04
8.60	-1.7651291390E-04
8.70	-1.3350730932E-04
8.80	-1.0056758609E-04
8.90	-7.5446706194E-05
9.00	-5.6371096697E-05
9.10	-4.1947985952E-05
9.20	-3.1089124696E-05
9.30	-2.2948419937E-05
9.40	-1.6871278922E-05
9.50	-1.2353727343E-05
9.60	-9.0096213119E-06
9.70	-6.5445106795E-06
9.80	-4.7349284079E-06
9.90	-3.4120752603E-06
10.00	-2.4490405663E-06
10.10	-1.7508489626E-06
10.20	-1.2467510621E-06
10.30	-8.8428468507E-07
10.40	-6.2472457833E-07
10.50	-4.3961445421E-07
10.60	-3.0813772980E-07
10.70	-2.1513442931E-07
10.80	-1.4961308741E-07
10.90	-1.0363973711E-07
11.00	-7.1512576260E-08
11.10	-4.9151891040E-08
11.20	-3.3651307275E-08
11.30	-2.2949313658E-08
11.40	-1.5589981677E-08
11.50	-1.0549495202E-08
11.60	-7.1109871936E-09
11.70	-4.7746569596E-09
11.80	-3.1935254217E-09
11.90	-2.1277290280E-09
12.00	-1.4121530275E-09
12.10	-9.3361629447E-10
12.20	-6.1486245363E-10
12.30	-4.0337784471E-10
12.40	-2.6361626916E-10
12.50	-1.7161688778E-10
12.60	-1.1129534053E-10
12.70	-7.1899282621E-11
12.80	-4.6270498074E-11
12.90	-2.9663147238E-11
13.00	-1.8943711666E-11
13.10	-1.2051720250E-11
13.20	-7.6378376390E-12
13.30	-4.8220363180E-12
13.40	-3.0327068939E-12
13.50	-1.9000783483E-12
13.60	-1.1859185525E-12
13.70	-7.3736352004E-13
13.80	-4.5672310551E-13
13.90	-2.8181880161E-13
14.00	-1.7323420998E-13
14.10	-1.0608283484E-13
14.20	-6.4715059810E-14
14.30	-3.9329224188E-14
14.40	-2.3810919254E-14
14.50	-1.4361131572E-14
14.60	-8.6288677194E-15
14.70	-5.1650261900E-15
14.80	-3.0799644715E-15
14.90	-1.8296761378E-15
15.00	-1.0828266556E-15
15.10	-6.3841148133E-16
15.20	-3.7497326036E-16
15.30	-2.1941108956E-16
15.40	-1.2790169602E-16
15.50	-7.4276983843E-17
15.60	-4.2972755419E-17
15.70	-2.4768167173E-17
15.80	-1.4221879470E-17
15.90	-8.1354819330E-18
16.00	-4.6363204247E-18
16.10	-2.6322561802E-18
16.20	-1.4888402101E-18
16.30	-8.3894580957E-19
16.40	-4.7096242545E-19
16.50	-2.6339393759E-19
16.60	-1.4675505777E-19
16.70	-8.1460820268E-20
16.80	-4.5047788750E-20
16.90	-2.4818056133E-20
17.00	-1.3621728210E-20
17.10	-7.4484754242E-21
17.20	-4.0576431902E-21
17.30	-2.2021766503E-21
17.40	-1.1907012860E-21
17.50	-6.4139620992E-22
17.60	-3.4420991119E-22
17.70	-1.8403239466E-22
17.80	-9.8025622102E-23
17.90	-5.2018742825E-23
18.00	-2.7501443811E-23
18.10	-1.4485283827E-23
18.20	-7.6010722763E-24
18.30	-3.9737405815E-24
18.40	-2.0696714466E-24
18.50	-1.0739424146E-24
18.60	-5.5518625732E-25
18.70	-2.8594004027E-25
18.80	-1.4672030329E-25
18.90	-7.5004073025E-26
19.00	-3.8199640640E-26
19.10	-1.9382683542E-26
19.20	-9.7982637577E-27
19.30	-4.9347519573E-27
19.40	-2.4760698567E-27
19.50	-1.2377763986E-27
19.60	-6.1645816743E-28
19.70	-3.0587747583E-28
19.80	-1.5120780748E-28
19.90	-7.4470474223E-29
20.00	-3.6540758230E-29
20.10	-1.7863019181E-29
20.20	-8.6999425642E-30
20.30	-4.2214577724E-30
20.40	-2.0407668118E-30
20.50	-9.8290039131E-31
20.60	-4.7164055477E-31
20.70	-2.2547510398E-31
20.80	-1.0739206136E-31
20.90	-5.0960325447E-32
21.00	-2.4092337437E-32
21.10	-1.1347826996E-32
21.20	-5.3251738339E-33
21.30	-2.4896739366E-33
21.40	-1.1596823258E-33
21.50	-5.3817530226E-34
21.60	-2.4882666670E-34
21.70	-1.1461957222E-34
21.80	-5.2602891083E-35
21.90	-2.4051915859E-35
22.00	-1.0956686308E-35
22.10	-4.9727717426E-36
22.20	-2.2485772816E-36
22.30	-1.0129951276E-36
22.40	-4.5467113487E-37
22.50	-2.0331908241E-37
22.60	-9.0583660544E-38
22.70	-4.0208030039E-38
22.80	-1.7781449443E-38
22.90	-7.8345342964E-39
23.00	-3.4391498677E-39
23.10	-1.5041152965E-39
23.20	-6.5539554506E-40
23.30	-2.8452366172E-40
23.40	-1.2306259097E-40
23.50	-5.3030618420E-41
23.60	-2.2767770712E-41
23.70	-9.7388507950E-42
23.80	-4.1503861392E-42
23.90	-1.7622320062E-42
24.00	-7.4547254281E-43
24.10	-3.1419147820E-43
24.20	-1.3193241905E-43
24.30	-5.5195441880E-44
24.40	-2.3006452450E-44
24.50	-9.5541275942E-45
24.60	-3.9530065977E-45
24.70	-1.6295186833E-45
24.80	-6.6924730486E-46
24.90	-2.7384800140E-46
25.00	-1.1164219153E-46
25.10	-4.5346433485E-47
25.20	-1.8350761574E-47
25.30	-7.3988017922E-48
25.40	-2.9721122169E-48
25.50	-1.1895033956E-48
25.60	-4.7431079058E-49
25.70	-1.8843315497E-49
25.80	-7.4584535354E-50
25.90	-2.9412881146E-50
26.00	-1.1556433187E-50
26.10	-4.5238445766E-51
26.20	-1.7643685494E-51
26.30	-6.8559692041E-52
26.40	-2.6542784103E-52
26.50	-1.0238169205E-52
26.60	-3.9345628506E-53
26.70	-1.5065001177E-53
26.80	-5.7469906725E-54
26.90	-2.1842914880E-54
27.00	-8.2714111881E-55
27.10	-3.1206688170E-55
27.20	-1.1730457194E-55
27.30	-4.3932054863E-56
27.40	-1.6392588905E-56
27.50	-6.0941502941E-57
27.60	-2.2572438823E-57
27.70	-8.3299740268E-58
27.80	-3.0627304361E-58
27.90	-1.1219512599E-58
28.00	-4.0948634035E-59
28.10	-1.4890359458E-59
28.20	-5.3947509409E-60
28.30	-1.9473238864E-60
28.40	-7.0033474763E-61
28.50	-2.5094235375E-61
28.60	-8.9586626704E-62
28.70	-3.1864964523E-62
28.80	-1.1292363413E-62
28.90	-3.9871035655E-63
29.00	-1.4025926582E-63
29.10	-4.9159458405E-64
29.20	-1.7166596927E-64
29.30	-5.9725944967E-65
29.40	-2.0703494488E-65
29.50	-7.1503317329E-66
29.60	-2.4604284571E-66
29.70	-8.4352393328E-67
29.80	-2.8812855195E-67
29.90	-9.8056752071E-68
30.00	-3.3248429145E-68
30.10	-1.1232263358E-68
30.20	-3.7806462280E-69
30.30	-1.2678489536E-69
30.40	-4.2361546046E-70
30.50	-1.4101944186E-70
30.60	-4.6772348730E-71
30.70	-1.5456190356E-71
30.80	-5.0888414470E-72
# 1d 3/2
0.10	1.3238619422E-04
0.20	1.0533152635E-03
0.30	3.5226944618E-03
0.40	8.2442496989E-03
0.50	1.5840112272E-02
0.60	2.6828488268E-02
0.70	4.1605228113E-02
0.80	6.0429947098E-02
0.90	8.3417155370E-02
1.00	1.1053264702E-01
1.10	1.4159518261E-01
1.20	1.7628328757E-01
1.30	2.1414679027E-01
1.40	2.5462254672E-01
1.50	2.9705365106E-01
1.60	3.4071131841E-01
1.70	3.8481855244E-01
1.80	4.2857467640E-01
1.90	4.7117981283E-01
2.00	5.1185844158E-01
2.10	5.4988124420E-01
2.20	5.8458454981E-01
2.30	6.1538682704E-01
2.40	6.4180181098E-01
2.50	6.6344800649E-01
2.60	6.8005446204E-01
2.70	6.9146285488E-01
2.80	6.9762606273E-01
2.90	6.9860351453E-01
3.00	6.9455370885E-01
3.10	6.8572436180E-01
3.20	6.7244069453E-01
3.30	6.5509239406E-01
3.40	6.3411978209E-01
3.50	6.0999970574E-01
3.60	5.8323162549E-01
3.70	5.5432432223E-01
3.80	5.2378358091E-01
3.90	4.9210113708E-01
4.00	4.5974509776E-01
4.10	4.2715197391E-01
4.20	3.9472039049E-01
4.30	3.6280647492E-01
4.40	3.3172086757E-01
4.50	3.0172724948E-01
4.60	2.7304224469E-01
4.70	2.4583652665E-01
4.80	2.2023694047E-01
4.90	1.9632944440E-01
5.00	1.7416267384E-01
5.10	1.5375193875E-01
5.20	1.3508347803E-01
5.30	1.1811881226E-01
5.40	1.0279905683E-01
5.50	8.9049079793E-02
5.60	7.6781411936E-02
5.70	6.5899839139E-02
5.80	5.6302628608E-02
5.90	4.7885360069E-02
6.00	4.0543350345E-02
6.10	3.4173674421E-02
6.20	2.8676798128E-02
6.30	2.3957846931E-02
6.40	1.9927542088E-02
6.50	1.6502839936E-02
6.60	1.3607312453E-02
6.70	1.1171307867E-02
6.80	9.1319293152E-03
6.90	7.4328675625E-03
7.00	6.0241210577E-03
7.10	4.8616332503E-03
7.20	3.9068734361E-03
7.30	3.1263836285E-03
7.40	2.4913102211E-03
7.50	1.9769356480E-03
7.60	1.5622219658E-03
7.70	1.2293753135E-03
7.80	9.6343761596E-04
7.90	7.5190967210E-04
8.00	5.8440792154E-04
8.10	4.5235568648E-04
8.20	3.4870851127E-04
8.30	2.6771233968E-04
8.40	2.0469263717E-04
8.50	1.5587214778E-04
8.60	1.1821473264E-04
8.70	8.9292636292E-05
8.80	6.7174535116E-05
8.90	5.0331812194E-05
9.00	3.7560649971E-05
9.10	2.7917716931E-05
9.20	2.0667430466E-05
9.30	1.5238992600E-05
9.40	1.1191608551E-05
9.50	8.1865031518E-06
9.60	5.9645421535E-06
9.70	4.3284413804E-06
9.80	3.1287050106E-06
9.90	2.2525744630E-06
10.00	1.6153918339E-06
10.10	1.1538874340E-06
10.20	8.2099101826E-07
10.30	5.8184226021E-07
10.40	4.1073946305E-07
10.50	2.8881800562E-07
10.60	2.0229308916E-07
10.70	1.4113638699E-07
10.80	9.8084474490E-08
10.90	6.7899560991E-08
11.00	4.6821047546E-08
11.10	3.2160643792E-08
11.20	2.2004916309E-08
11.30	1.4997814162E-08
11.40	1.0182426987E-08
11.50	6.8863883972E-09
11.60	4.6392772869E-09
11.70	3.1133607627E-09
11.80	2.0812800079E-09
11.90	1.3859741546E-09
12.00	9.1940078725E-10
12.10	6.0754892739E-10
12.20	3.9993165714E-10
12.30	2.6225265695E-10
12.40	1.7131090865E-10
12.50	1.1147629638E-10
12.60	7.2262633715E-11
12.70	4.6663799822E-11
12.80	3.0018069729E-11
12.90	1.9236365861E-11
13.00	1.2280106339E-11
13.10	7.8094645801E-12
13.20	4.9474520841E-12
13.30	3.1223694240E-12
13.40	1.9630458609E-12
13.50	1.2294791637E-12
13.60	7.6710981286E-13
13.70	4.7680476729E-13
13.80	2.9523738491E-13
13.90	1.8211714078E-13
14.00	1.1191285888E-13
14.10	6.8510921739E-14
14.20	4.1782192326E-14
14.30	2.5384882058E-14
14.40	1.5364289774E-14
14.50	9.2641189831E-15
14.60	5.5648173969E-15
14.70	3.3300727149E-15
14.80	1.9852415189E-15
14.90	1.1790456703E-15
15.00	6.9759980070E-16
15.10	4.1118881197E-16
15.20	2.4145500773E-16
15.30	1.4125111347E-16
15.40	8.2320692129E-17
15.50	4.7795646134E-17
15.60	2.7645888891E-17
15.70	1.5930755409E-17
15.80	9.1454788886E-18
15.90	5.2304790934E-18
16.00	2.9801771545E-18
16.10	1.6916438168E-18
16.20	9.5662700004E-19
16.30	5.3894422889E-19
16.40	3.0249145253E-19
16.50	1.6914184954E-19
16.60	9.4223300928E-20
16.70	5.2292017882E-20
16.80	2.8912317097E-20
16.90	1.5925803813E-20
17.00	8.7395955495E-21
17.10	4.7780793051E-21
17.20	2.6024832556E-21
17.30	1.4121980972E-21
17.40	7.6344348896E-22
17.50	4.1118026647E-22
17.60	2.2062880701E-22
17.70	1.1794166016E-22
17.80	6.2812748556E-23
17.90	3.3327624966E-23
18.00	1.7617220843E-23
18.10	9.2778500094E-24
18.20	4.8678216137E-24
18.30	2.5444841902E-24
18.40	1.3250829999E-24
18.50	6.8748789045E-25
18.60	3.5535798891E-25
18.70	1.8299810067E-25
18.80	9.3887321873E-26
18.90	4.7989650288E-26
19.00	2.4438180805E-26
19.10	1.2398558610E-26
19.20	6.2669313793E-27
19.30	3.1558798802E-27
19.40	1.5833179688E-27
19.50	7.9140415620E-28
19.60	3.9410448505E-28
19.70	1.9552740710E-28
19.80	9.6646796114E-29
19.90	4.7593887188E-29
20.00	2.3350657847E-29
20.10	1.1413835785E-29
20.20	5.5583897909E-30
20.30	2.6968176159E-30
20.40	1.3035859336E-30
20.50	6.2778881787E-31
20.60	3.0121293085E-31
20.70	1.4398593603E-31
20.80	6.8573017105E-32
20.90	3.2536696479E-32
21.00	1.5380871894E-32
21.10	7.2439599167E-33
21.20	3.3990612153E-33
21.30	1.5890225961E-33
21.40	7.4009857981E-34
21.50	3.4342961849E-34
21.60	1.5877234777E-34
21.70	7.3130945637E-35
21.80	3.3559615131E-35
21.90	1.5343430384E-35
22.00	6.9890464324E-36
22.10	3.1717839250E-36
22.20	1.4341009191E-36
22.30	6.4602083804E-37
22.40	2.8993741885E-37
22.50	1.2964422384E-37
22.60	5.7755515995E-38
22.70	2.5634531479E-38
22.80	1.1335720896E-38
22.90	4.9941889534E-39
23.00	2.1921641890E-39
23.10	9.5868004451E-40
23.20	4.1770243596E-40
23.30	1.8132314818E-40
23.40	7.8421044613E-41
23.50	3.3791333417E-41
23.60	1.4506798283E-41
23.70	6.2048537673E-42
23.80	2.6441461850E-42
23.90	1.1226218752E-42
24.00	4.7487122973E-43
24.10	2.0013024426E-43
24.20	8.4031920419E-44
24.30	3.5153675017E-44
24.40	1.4651842527E-44
24.50	6.0842772491E-45
24.60	2.5172199912E-45
24.70	1.0375975736E-45
24.80	4.2612056661E-46
24.90	1.7435402958E-46
25.00	7.1076755810E-47
25.10	2.8868185492E-47
25.20	1.1681747794E-47
25.30	4.7096949257E-48
25.40	1.8917968619E-48
25.50	7.5709984809E-49
25.60	3.0187622421E-49
25.70	1.1992284079E-49
25.80	4.7464871424E-50
25.90	1.8717173453E-50
26.00	7.3537003181E-51
26.10	2.8785212824E-51
26.20	1.1226153206E-51
26.30	4.3620499383E-52
26.40	1.6886847989E-52
26.50	6.5133586029E-53
26.60	2.5029948774E-53
26.70	9.5832682940E-54
26.80	3.6556632722E-54
26.90	1.3893693463E-54
27.00	5.2610007460E-55
27.10	1.9848069427E-55
27.20	7.4604936578E-56
27.30	2.7939355194E-56
27.40	1.0424730571E-56
27.50	3.8753691193E-57
27.60	1.4353612238E-57
27.70	5.2967487161E-58
27.80	1.9474112685E-58
27.90	7.1335590013E-59
28.00	2.6034858850E-59
28.10	9.4668328152E-60
28.20	3.4296895951E-60
28.30	1.2379573121E-60
28.40	4.4520228387E-61
28.50	1.5951813845E-61
28.60	5.6946082155E-62
28.70	2.0254374140E-62
28.80	7.1775316581E-63
28.90	2.5341529658E-63
29.00	8.9143989150E-64
29.10	3.1243015177E-64
29.20	1.0909769069E-64
29.30	3.7955963812E-65
29.40	1.3156683950E-65
29.50	4.5437551012E-66
29.60	1.5634555793E-66
29.70	5.3599215817E-67
29.80	1.8307695615E-67
29.90	6.2303348405E-68
30.00	2.1124753387E-68
30.10	7.1363240032E-69
30.20	2.4019292995E-69
30.30	8.0546880144E-70
30.40	2.6911639986E-70
30.50	8.9584863421E-71
30.60	2.9712023538E-71
30.70	9.8182263313E-72
30.80	3.2324897244E-72
