# 1s 1/2
0.10	1.8449108781E+00
0.20	1.8354346309E+00
0.30	1.8196857307E+00
0.40	1.7978189193E+00
0.50	1.7700512762E+00
0.60	1.7366585728E+00
0.70	1.6979686801E+00
0.80	1.6543510844E+00
0.90	1.6062162331E+00
1.00	1.5540089758E+00
1.11	1.4982031106E+00
1.21	1.4392930736E+00
1.31	1.3777882656E+00
1.41	1.3142051725E+00
1.51	1.2490612288E+00
1.61	1.1828675616E+00
1.71	1.1161230379E+00
1.81	1.0493080830E+00
1.91	9.8287967167E-01
2.01	9.1726702065E-01
2.11	8.5286657188E-01
2.21	7.9003884530E-01
2.31	7.2910545112E-01
2.41	6.7034808181E-01
2.51	6.1400607614E-01
2.61	5.6027674243E-01
2.71	5.0931481340E-01
2.81	4.6123438424E-01
2.91	4.1610943732E-01
3.01	3.7397686982E-01
3.12	3.3483823163E-01
3.22	2.9866353572E-01
3.32	2.6539395825E-01
3.42	2.3494604599E-01
3.52	2.0721498509E-01
3.62	1.8207881907E-01
3.72	1.5940178270E-01
3.82	1.3903816139E-01
3.92	1.2083540803E-01
4.02	1.0463739581E-01
4.12	9.0287124208E-02
4.22	7.7629239128E-02
4.32	6.6512031471E-02
4.42	5.6789176723E-02
4.52	4.8321086269E-02
4.62	4.0975934957E-02
4.72	3.4630409279E-02
4.82	2.9170139385E-02
4.92	2.4489909773E-02
5.02	2.0493640361E-02
5.13	1.7094245239E-02
5.23	1.4213308744E-02
5.33	1.1780687864E-02
5.43	9.7340104110E-03
5.53	8.0181555762E-03
5.63	6.5846746667E-03
5.73	5.3912245516E-03
5.83	4.4009834789E-03
5.93	3.5821002046E-03
6.03	2.9071518113E-03
6.13	2.3526458333E-03
6.23	1.8985453997E-03
6.33	1.5278413052E-03
6.43	1.2261545770E-03
6.53	9.8138509426E-04
6.63	7.8339063128E-04
6.73	6.2370577042E-04
6.83	4.9529130798E-04
6.93	3.9231831580E-04
7.03	3.0997744678E-04
7.14	2.4431605541E-04
7.24	1.9209679287E-04
7.34	1.5067798664E-04
7.44	1.1791118037E-04
7.54	9.2055283330E-05
7.64	7.1703823897E-05
7.74	5.5724452634E-05
7.84	4.3208307101E-05
7.94	3.3428156763E-05
8.04	2.5803831910E-05
8.14	1.9873902140E-05
8.24	1.5272420063E-05
8.34	1.1709913519E-05
8.44	8.9580406826E-06
8.54	6.8371416542E-06
8.64	5.2062430664E-06
8.74	3.9549915308E-06
8.84	2.9972296290E-06
8.94	2.2658228891E-06
9.04	1.7085970568E-06
9.15	1.2850928510E-06
9.25	9.6401642345E-07
9.35	7.2120843325E-07
9.45	5.3806599649E-07
9.55	4.0029375403E-07
9.65	2.9693548486E-07
9.75	2.1961192928E-07
9.85	1.6193204343E-07
9.95	1.1903230042E-07
10.05	8.7222035390E-08
10.15	6.3707639350E-08
10.25	4.6380742654E-08
10.35	3.3654429310E-08
10.45	2.4337977808E-08
10.55	1.7540615058E-08
10.65	1.2598123340E-08
10.75	9.0167736125E-09
10.85	6.4308189654E-09
10.95	4.5702209479E-09
11.06	3.2363189636E-09
11.16	2.2834795835E-09
11.26	1.6053354219E-09
11.36	1.1244703859E-09
11.46	7.8475757219E-10
11.56	5.4565753839E-10
11.66	3.7800407053E-10
11.76	2.6089050824E-10
11.86	1.7939129233E-10
11.96	1.2289109509E-10
12.06	8.3871126501E-11
12.16	5.7026015710E-11
12.26	3.8627816073E-11
12.36	2.6066945982E-11
12.46	1.7524371012E-11
12.56	1.1736909658E-11
12.66	7.8311172638E-12
12.76	5.2053424732E-12
12.86	3.4469201446E-12
12.96	2.2738769620E-12
13.07	1.4943688433E-12
13.17	9.7836530138E-13
13.27	6.3811314701E-13
13.37	4.1461538508E-13
13.47	2.6837801309E-13
13.57	1.7306133439E-13
13.67	1.1117486536E-13
13.77	7.1148242785E-14
13.87	4.5360270534E-14
13.97	2.8809699097E-14
14.07	1.8228721790E-14
14.17	1.1490148314E-14
14.27	7.2152266545E-15
14.37	4.5136394655E-15
14.47	2.8129354734E-15
14.57	1.7464098588E-15
14.67	1.0801630962E-15
14.77	6.6555907859E-16
14.87	4.0854663936E-16
14.97	2.4983416728E-16
15.08	1.5220221185E-16
15.18	9.2373258339E-17
15.28	5.5851064251E-17
15.38	3.3641385997E-17
15.48	2.0187280650E-17
15.58	1.2068135951E-17
15.68	7.1872778441E-18
15.78	4.2642977971E-18
15.88	2.5205419127E-18
15.98	1.4842280927E-18
16.08	8.7070640900E-19
16.18	5.0886670080E-19
16.28	2.9627960433E-19
16.38	1.7185481897E-19
16.48	9.9308901966E-20
16.58	5.7171263529E-20
16.68	3.2789496536E-20
16.78	1.8735094130E-20
16.88	1.0664631565E-20
16.98	6.0478500009E-21
17.09	3.4168442097E-21
17.19	1.9231591685E-21
17.29	1.0783913239E-21
17.39	6.0242738871E-22
17.49	3.3527687443E-22
17.59	1.8589587581E-22
17.69	1.0268537493E-22
17.79	5.6508848558E-23
17.89	3.0981132495E-23
17.99	1.6921834835E-23
18.09	9.2081358178E-24
18.19	4.9919049465E-24
18.29	2.6960967832E-24
18.39	1.4506932658E-24
18.49	7.7766289812E-25
18.59	4.1531628070E-25
18.69	2.2097471770E-25
18.79	1.1713286948E-25
18.89	6.1857515307E-26
18.99	3.2544637769E-26
19.10	1.7058603722E-26
19.20	8.9080214126E-27
19.30	4.6344487348E-27
19.40	2.4020921249E-27
19.50	1.2403935666E-27
19.60	6.3812278823E-28
19.70	3.2706139307E-28
19.80	1.6700545952E-28
19.90	8.4959575026E-29
20.00	4.3059632303E-29
# 1p 3/2
0.10	9.0941141645E-02
0.20	1.8140499805E-01
0.30	2.6999919500E-01
0.40	3.5582208085E-01
0.50	4.3801809492E-01
0.60	5.1579212630E-01
0.70	5.8842176792E-01
0.80	6.5526606938E-01
0.90	7.1577555401E-01
1.00	7.6949911750E-01
1.11	8.1608957890E-01
1.21	8.5530591304E-01
1.31	8.8701471024E-01
1.41	9.1118841984E-01
1.51	9.2790254697E-01
1.61	9.3733013716E-01
1.71	9.3973520243E-01
1.81	9.3546417328E-01
1.91	9.2493661672E-01
2.01	9.0863516083E-01
2.11	8.8709340034E-01
2.21	8.6088434878E-01
2.31	8.3060813649E-01
2.41	7.9688117410E-01
2.51	7.6032324800E-01
2.61	7.2154744529E-01
2.71	6.8114901330E-01
2.81	6.3969750119E-01
2.91	5.9772744733E-01
3.01	5.5573294215E-01
3.12	5.1416111029E-01
3.22	4.7340939463E-01
3.32	4.3382215791E-01
3.42	3.9569062566E-01
3.52	3.5925245236E-01
3.62	3.2469395199E-01
3.72	2.9215196202E-01
3.82	2.6171768747E-01
3.92	2.3344025783E-01
4.02	2.0733147973E-01
4.12	1.8337044600E-01
4.22	1.6150856250E-01
4.32	1.4167421293E-01
4.42	1.2377745338E-01
4.52	1.0771435839E-01
4.62	9.3371030970E-02
4.72	8.0627267669E-02
4.82	6.9359694159E-02
4.92	5.9444492112E-02
5.02	5.0759619919E-02
5.13	4.3186718791E-02
5.23	3.6612506273E-02
5.33	3.0929880088E-02
5.43	2.6038624953E-02
5.53	2.1845922219E-02
5.63	1.8266539189E-02
5.73	1.5222882112E-02
5.83	1.2644830127E-02
5.93	1.0469492918E-02
6.03	8.6408304487E-03
6.13	7.1092454177E-03
6.23	5.8310984189E-03
6.33	4.7682284044E-03
6.43	3.8874426308E-03
6.53	3.1600367556E-03
6.63	2.5613099567E-03
6.73	2.0701169776E-03
6.83	1.6684393365E-03
6.93	1.3410005050E-03
7.03	1.0749044360E-03
7.14	8.5931524018E-04
7.24	6.8516503973E-04
7.34	5.4489857030E-04
7.44	4.3224513157E-04
7.54	3.4202179305E-04
7.64	2.6996041619E-04
7.74	2.1255977871E-04
7.84	1.6695782175E-04
7.94	1.3082320720E-04
8.04	1.0226330090E-04
8.14	7.9746956697E-05
8.24	6.2039457895E-05
8.34	4.8148014425E-05
8.44	3.7276852173E-05
8.54	2.8789937639E-05
8.64	2.2180452954E-05
8.74	1.7045612892E-05
8.84	1.3066244640E-05
8.94	9.9899736090E-06
9.04	7.6178218217E-06
9.15	5.7932839247E-06
9.25	4.3936092957E-06
9.35	3.3227156292E-06
9.45	2.5056077283E-06
9.55	1.8838761256E-06
9.65	1.4121586682E-06
9.75	1.0553051524E-06
9.85	7.8615738538E-07
9.95	5.8378223253E-07
10.05	4.3209305811E-07
10.15	3.1876026176E-07
10.25	2.3436317348E-07
10.35	1.7172406599E-07
10.45	1.2539197463E-07
10.55	9.1240199912E-08
10.65	6.6155206381E-08
10.75	4.7795547780E-08
10.85	3.4406676815E-08
10.95	2.4678375534E-08
11.06	1.7635876925E-08
11.16	1.2556637209E-08
11.26	8.9071183251E-09
11.36	6.2947726430E-09
11.46	4.4319425140E-09
11.56	3.1086506487E-09
11.66	2.1722437092E-09
11.76	1.5121622213E-09
11.86	1.0486673996E-09
11.96	7.2447254586E-10
12.06	4.9859558872E-10
12.16	3.4183242783E-10
12.26	2.3346135037E-10
12.36	1.5883653943E-10
12.46	1.0765133515E-10
12.56	7.2680718469E-11
12.66	4.8882099184E-11
12.76	3.2749806710E-11
12.86	2.1857326416E-11
12.96	1.4531573749E-11
13.07	9.6240365805E-12
13.17	6.3493398589E-12
13.27	4.1728040055E-12
13.37	2.7318291923E-12
13.47	1.7815923589E-12
13.57	1.1574188387E-12
13.67	7.4903544567E-13
13.77	4.8288277279E-13
13.87	3.1010716756E-13
13.97	1.9838586168E-13
14.07	1.2642750289E-13
14.17	8.0260556285E-14
14.27	5.0756988877E-14
14.37	3.1975735171E-14
14.47	2.0066886892E-14
14.57	1.2545039176E-14
14.67	7.8126818581E-15
14.77	4.8468769769E-15
14.87	2.9954460922E-15
14.97	1.8441504542E-15
15.08	1.1310207426E-15
15.18	6.9100573796E-16
15.28	4.2056543790E-16
15.38	2.5499046632E-16
15.48	1.5401295957E-16
15.58	9.2668195987E-17
15.68	5.5545379585E-17
15.78	3.3166998729E-17
15.88	1.9729228108E-17
15.98	1.1691142184E-17
16.08	6.9016189928E-18
16.18	4.0587214766E-18
16.28	2.3778047774E-18
16.38	1.3877423006E-18
16.48	8.0684779619E-19
16.58	4.6732757159E-19
16.68	2.6965134186E-19
16.78	1.5500017149E-19
16.88	8.8759540228E-20
16.98	5.0634636736E-20
17.09	2.8776247345E-20
17.19	1.6291890178E-20
17.29	9.1889320497E-21
17.39	5.1631066125E-21
17.49	2.8901022050E-21
17.59	1.6116407098E-21
17.69	8.9532715632E-22
17.79	4.9550756676E-22
17.89	2.7319825879E-22
17.99	1.5005870252E-22
18.09	8.2111690511E-23
18.19	4.4761612261E-23
18.29	2.4309037938E-23
18.39	1.3151874484E-23
18.49	7.0887594299E-24
18.59	3.8063768568E-24
18.69	2.0361824740E-24
18.79	1.0851296117E-24
18.89	5.7611821763E-25
18.99	3.0472114782E-25
19.10	1.6056781277E-25
19.20	8.4290006972E-26
19.30	4.4081954391E-26
19.40	2.2967226695E-26
19.50	1.1921279817E-26
19.60	6.1645385120E-27
19.70	3.1757559123E-27
19.80	1.6298915686E-27
19.90	8.3337294231E-28
20.00	4.2450745638E-28
# 1p 1/2
0.10	9.0941141645E-02
0.20	1.8140499805E-01
0.30	2.6999919500E-01
0.40	3.5582208085E-01
0.50	4.3801809492E-01
0.60	5.1579212630E-01
0.70	5.8842176792E-01
0.80	6.5526606938E-01
0.90	7.1577555401E-01
1.00	7.6949911750E-01
1.11	8.1608957890E-01
1.21	8.5530591304E-01
1.31	8.8701471024E-01
1.41	9.1118841984E-01
1.51	9.2790254697E-01
1.61	9.3733013716E-01
1.71	9.3973520243E-01
1.81	9.3546417328E-01
1.91	9.2493661672E-01
2.01	9.0863516083E-01
2.11	8.8709340034E-01
2.21	8.6088434878E-01
2.31	8.3060813649E-01
2.41	7.9688117410E-01
2.51	7.6032324800E-01
2.61	7.2154744529E-01
2.71	6.8114901330E-01
2.81	6.3969750119E-01
2.91	5.9772744733E-01
3.01	5.5573294215E-01
3.12	5.1416111029E-01
3.22	4.7340939463E-01
3.32	4.3382215791E-01
3.42	3.9569062566E-01
3.52	3.5925245236E-01
3.62	3.2469395199E-01
3.72	2.9215196202E-01
3.82	2.6171768747E-01
3.92	2.3344025783E-01
4.02	2.0733147973E-01
4.12	1.8337044600E-01
4.22	1.6150856250E-01
4.32	1.4167421293E-01
4.42	1.2377745338E-01
4.52	1.0771435839E-01
4.62	9.3371030970E-02
4.72	8.0627267669E-02
4.82	6.9359694159E-02
4.92	5.9444492112E-02
5.02	5.0759619919E-02
5.13	4.3186718791E-02
5.23	3.6612506273E-02
5.33	3.0929880088E-02
5.43	2.6038624953E-02
5.53	2.1845922219E-02
5.63	1.8266539189E-02
5.73	1.5222882112E-02
5.83	1.2644830127E-02
5.93	1.0469492918E-02
6.03	8.6408304487E-03
6.13	7.1092454177E-03
6.23	5.8310984189E-03
6.33	4.7682284044E-03
6.43	3.8874426308E-03
6.53	3.1600367556E-03
6.63	2.5613099567E-03
6.73	2.0701169776E-03
6.83	1.6684393365E-03
6.93	1.3410005050E-03
7.03	1.0749044360E-03
7.14	8.5931524018E-04
7.24	6.8516503973E-04
7.34	5.4489857030E-04
7.44	4.3224513157E-04
7.54	3.4202179305E-04
7.64	2.6996041619E-04
7.74	2.1255977871E-04
7.84	1.6695782175E-04
7.94	1.3082320720E-04
8.04	1.0226330090E-04
8.14	7.9746956697E-05
8.24	6.2039457895E-05
8.34	4.8148014425E-05
8.44	3.7276852173E-05
8.54	2.8789937639E-05
8.64	2.2180452954E-05
8.74	1.7045612892E-05
8.84	1.3066244640E-05
8.94	9.9899736090E-06
9.04	7.6178218217E-06
9.15	5.7932839247E-06
9.25	4.3936092957E-06
9.35	3.3227156292E-06
9.45	2.5056077283E-06
9.55	1.8838761256E-06
9.65	1.4121586682E-06
9.75	1.0553051524E-06
9.85	7.8615738538E-07
9.95	5.8378223253E-07
10.05	4.3209305811E-07
10.15	3.1876026176E-07
10.25	2.3436317348E-07
10.35	1.7172406599E-07
10.45	1.2539197463E-07
10.55	9.1240199912E-08
10.65	6.6155206381E-08
10.75	4.7795547780E-08
10.85	3.4406676815E-08
10.95	2.4678375534E-08
11.06	1.7635876925E-08
11.16	1.2556637209E-08
11.26	8.9071183251E-09
11.36	6.2947726430E-09
11.46	4.4319425140E-09
11.56	3.1086506487E-09
11.66	2.1722437092E-09
11.76	1.5121622213E-09
11.86	1.0486673996E-09
11.96	7.2447254586E-10
12.06	4.9859558872E-10
12.16	3.4183242783E-10
12.26	2.3346135037E-10
12.36	1.5883653943E-10
12.46	1.0765133515E-10
12.56	7.2680718469E-11
12.66	4.8882099184E-11
12.76	3.2749806710E-11
12.86	2.1857326416E-11
12.96	1.4531573749E-11
13.07	9.6240365805E-12
13.17	6.3493398589E-12
13.27	4.1728040055E-12
13.37	2.7318291923E-12
13.47	1.7815923589E-12
13.57	1.1574188387E-12
13.67	7.4903544567E-13
13.77	4.8288277279E-13
13.87	3.1010716756E-13
13.97	1.9838586168E-13
14.07	1.2642750289E-13
14.17	8.0260556285E-14
14.27	5.0756988877E-14
14.37	3.1975735171E-14
14.47	2.0066886892E-14
14.57	1.2545039176E-14
14.67	7.8126818581E-15
14.77	4.8468769769E-15
14.87	2.9954460922E-15
14.97	1.8441504542E-15
15.08	1.1310207426E-15
15.18	6.9100573796E-16
15.28	4.2056543790E-16
15.38	2.5499046632E-16
15.48	1.5401295957E-16
15.58	9.2668195987E-17
15.68	5.5545379585E-17
15.78	3.3166998729E-17
15.88	1.9729228108E-17
15.98	1.1691142184E-17
16.08	6.9016189928E-18
16.18	4.0587214766E-18
16.28	2.3778047774E-18
16.38	1.3877423006E-18
16.48	8.0684779619E-19
16.58	4.6732757159E-19
16.68	2.6965134186E-19
16.78	1.5500017149E-19
16.88	8.8759540228E-20
16.98	5.0634636736E-20
17.09	2.8776247345E-20
17.19	1.6291890178E-20
17.29	9.1889320497E-21
17.39	5.1631066125E-21
17.49	2.8901022050E-21
17.59	1.6116407098E-21
17.69	8.9532715632E-22
17.79	4.9550756676E-22
17.89	2.7319825879E-22
17.99	1.5005870252E-22
18.09	8.2111690511E-23
18.19	4.4761612261E-23
18.29	2.4309037938E-23
18.39	1.3151874484E-23
18.49	7.0887594299E-24
18.59	3.8063768568E-24
18.69	2.0361824740E-24
18.79	1.0851296117E-24
18.89	5.7611821763E-25
18.99	3.0472114782E-25
19.10	1.6056781277E-25
19.20	8.4290006972E-26
19.30	4.4081954391E-26
19.40	2.2967226695E-26
19.50	1.1921279817E-26
19.60	6.1645385120E-27
19.70	3.1757559123E-27
19.80	1.6298915686E-27
19.90	8.3337294231E-28
20.00	4.2450745638E-28
# 1d 5/2
0.10	3.4723303588E-03
0.20	1.3887855865E-02
0.30	3.1031600412E-02
0.40	5.4550089694E-02
0.50	8.3960280650E-02
0.60	1.1866170853E-01
0.70	1.5795137506E-01
0.80	2.0104038396E-01
0.90	2.4707302815E-01
1.00	2.9514698725E-01
1.11	3.4433454502E-01
1.21	3.9370355717E-01
1.31	4.4233854801E-01
1.41	4.8936041577E-01
1.51	5.3394513134E-01
1.61	5.7534012665E-01
1.71	6.1287872284E-01
1.81	6.4599168162E-01
1.91	6.7421625338E-01
2.01	6.9720247925E-01
2.11	7.1471554678E-01
2.21	7.2663582202E-01
2.31	7.3295555742E-01
2.41	7.3377411642E-01
2.51	7.2928871955E-01
2.61	7.1978504163E-01
2.71	7.0562438555E-01
2.81	6.8723181701E-01
2.91	6.6508087161E-01
3.01	6.3968057870E-01
3.12	6.1155994795E-01
3.22	5.8125562296E-01
3.32	5.4929804575E-01
3.42	5.1620119745E-01
3.52	4.8245182006E-01
3.62	4.4850221848E-01
3.72	4.1476305590E-01
3.82	3.8159946534E-01
3.92	3.4932761656E-01
4.02	3.1821393733E-01
4.12	2.8847520292E-01
4.22	2.6028036024E-01
4.32	2.3375291195E-01
4.42	2.0897442497E-01
4.52	1.8598851812E-01
4.62	1.6480525736E-01
4.72	1.4540585214E-01
4.82	1.2774722055E-01
4.92	1.1176650790E-01
5.02	9.7385262138E-02
5.13	8.4513504836E-02
5.23	7.3053218342E-02
5.33	6.2901564660E-02
5.43	5.3953535836E-02
5.53	4.6104350970E-02
5.63	3.9251282247E-02
5.73	3.3295226400E-02
5.83	2.8141800866E-02
5.93	2.3702228993E-02
6.03	1.9893851917E-02
6.13	1.6640489029E-02
6.23	1.3872520703E-02
6.33	1.1526872229E-02
6.43	9.5468123774E-03
6.53	7.8817097201E-03
6.63	6.4866658608E-03
6.73	5.3221319462E-03
6.83	4.3534720430E-03
6.93	3.5505442034E-03
7.03	2.8872556430E-03
7.14	2.3411467945E-03
7.24	1.8929794585E-03
7.34	1.5263606226E-03
7.44	1.2273851349E-03
7.54	9.8431581975E-04
7.64	7.8728773628E-04
7.74	6.2804677885E-04
7.84	4.9971445717E-04
7.94	3.9658179931E-04
8.04	3.1392870965E-04
8.14	2.4786814419E-04
8.24	1.9521076035E-04
8.34	1.5334820664E-04
8.44	1.2015478139E-04
8.54	9.3903654801E-05
8.64	7.3196785045E-05
8.74	5.6905639727E-05
8.84	4.4122201993E-05
8.94	3.4117590118E-05
9.04	2.6308591169E-05
9.15	2.0229760657E-05
9.25	1.5510795115E-05
9.35	1.1857719627E-05
9.45	9.0378730698E-06
9.55	6.8675447211E-06
9.65	5.2021218094E-06
9.75	3.9280392171E-06
9.85	2.9563906916E-06
9.95	2.2177497781E-06
10.05	1.6580742944E-06
10.15	1.2354138389E-06
10.25	9.1731113868E-07
10.35	6.7872792933E-07
10.45	5.0041534370E-07
10.55	3.6762349856E-07
10.65	2.6909016595E-07
10.75	1.9624533695E-07
10.85	1.4259188083E-07
10.95	1.0322183276E-07
11.06	7.4442067407E-08
11.16	5.3484160759E-08
11.26	3.8281088658E-08
11.36	2.7295289210E-08
11.46	1.9387791806E-08
11.56	1.3718268631E-08
11.66	9.6693269426E-09
11.76	6.7891298309E-09
11.86	4.7484273842E-09
11.96	3.3082557475E-09
12.06	2.2959372413E-09
12.16	1.5871907176E-09
12.26	1.0929629917E-09
12.36	7.4969792067E-10
12.46	5.1223827597E-10
12.56	3.4862641262E-10
12.66	2.3634781617E-10
12.76	1.5960401022E-10
12.86	1.0735900533E-10
12.96	7.1933959198E-11
13.07	4.8010071321E-11
13.17	3.1917710524E-11
13.27	2.1136540491E-11
13.37	1.3942392190E-11
13.47	9.1610525560E-12
13.57	5.9959316141E-12
13.67	3.9090727462E-12
13.77	2.5386034773E-12
13.87	1.6421907353E-12
13.97	1.0581770523E-12
14.07	6.7920758734E-13
14.17	4.3426449327E-13
14.27	2.7657781851E-13
14.37	1.7546473135E-13
14.47	1.1088578128E-13
14.57	6.9802904596E-14
14.67	4.3771010111E-14
14.77	2.7340912602E-14
14.87	1.7012063658E-14
14.97	1.0544269387E-14
15.08	6.5102220407E-15
15.18	4.0039870991E-15
15.28	2.4530778499E-15
15.38	1.4970959361E-15
15.48	9.1014866718E-16
15.58	5.5118431221E-16
15.68	3.3251180552E-16
15.78	1.9982068684E-16
15.88	1.1961947444E-16
15.98	7.1332732792E-17
16.08	4.2374622707E-17
16.18	2.5075528311E-17
16.28	1.4781763849E-17
16.38	8.6802366086E-18
16.48	5.0777425705E-18
16.58	2.9589705556E-18
16.68	1.7176949878E-18
16.78	9.9330838852E-19
16.88	5.7221581499E-19
16.98	3.2837494357E-19
17.09	1.8772355199E-19
17.19	1.0690631090E-19
17.29	6.0649792605E-20
17.39	3.4276234273E-20
17.49	1.9297383540E-20
17.59	1.0822867173E-20
17.69	6.0468688138E-21
17.79	3.3655786875E-21
17.89	1.8660968951E-21
17.99	1.0307433638E-21
18.09	5.6717084176E-22
18.19	3.1090002710E-22
18.29	1.6977576254E-22
18.39	9.2358174668E-23
18.49	5.0052378692E-23
18.59	2.7022170965E-23
18.69	1.4533373255E-23
18.79	7.7868188670E-24
18.89	4.1562950574E-24
18.99	2.2100463105E-24
19.10	1.1707094600E-24
19.20	6.1779807738E-25
19.30	3.2478743882E-25
19.40	1.7009951679E-25
19.50	8.8748676245E-26
19.60	4.6128837633E-26
19.70	2.3885843009E-26
19.80	1.2321465993E-26
19.90	6.3320171935E-27
20.00	3.2417233864E-27
# 2s 1/2
0.10	2.2540548997E+00
0.20	2.2259805228E+00
0.30	2.1795854979E+00
0.40	2.1156182361E+00
0.50	2.0351083627E+00
0.60	1.9393430454E+00
0.70	1.8298353804E+00
0.80	1.7082852486E+00
0.90	1.5765483351E+00
1.00	1.4365961611E+00
1.11	1.2904758563E+00
1.21	1.1402668285E+00
1.31	9.8804045790E-01
1.41	8.3581928964E-01
1.51	6.8553995373E-01
1.61	5.3901836485E-01
1.71	3.9791961967E-01
1.81	2.6373216148E-01
1.91	1.3774733899E-01
2.01	2.1044166865E-02
2.11	-8.5520543591E-02
2.21	-1.8131608955E-01
2.31	-2.6593633060E-01
2.41	-3.3919337274E-01
2.51	-4.0110592008E-01
2.61	-4.5188401178E-01
2.71	-4.9190940981E-01
2.81	-5.2171446453E-01
2.91	-5.4195729195E-01
3.01	-5.5339754851E-01
3.12	-5.5686977369E-01
3.22	-5.5325920202E-01
3.32	-5.4347658016E-01
3.42	-5.2843679255E-01
3.52	-5.0903781607E-01
3.62	-4.8614417317E-01
3.72	-4.6057145712E-01
3.82	-4.3307545710E-01
3.92	-4.0434291270E-01
4.02	-3.7498629870E-01
4.12	-3.4554065253E-01
4.22	-3.1646337179E-01
4.32	-2.8813553630E-01
4.42	-2.6086532487E-01
4.52	-2.3489266536E-01
4.62	-2.1039492563E-01
4.72	-1.8749342278E-01
4.82	-1.6626011223E-01
4.92	-1.4672447415E-01
5.02	-1.2888013852E-01
5.13	-1.1269149498E-01
5.23	-9.8099603194E-02
5.33	-8.5027769314E-02
5.43	-7.3386351201E-02
5.53	-6.3077184635E-02
5.63	-5.3997179964E-02
5.73	-4.6041500698E-02
5.83	-3.9106012152E-02
5.93	-3.3089355766E-02
6.03	-2.7894422475E-02
6.13	-2.3429532436E-02
6.23	-1.9609147413E-02
6.33	-1.6354369469E-02
6.43	-1.3593109224E-02
6.53	-1.1260130925E-02
6.63	-9.2968656124E-03
6.73	-7.6511490354E-03
6.83	-6.2768382036E-03
6.93	-5.1334134627E-03
7.03	-4.1855087213E-03
7.14	-3.4024532679E-03
7.24	-2.7577937646E-03
7.34	-2.2288459578E-03
7.44	-1.7962551829E-03
7.54	-1.4435957275E-03
7.64	-1.1569923197E-03
7.74	-9.2478091157E-04
7.84	-7.3719877966E-04
7.94	-5.8610991863E-04
8.04	-4.6476176192E-04
8.14	-3.6757348780E-04
8.24	-2.8995049509E-04
8.34	-2.2812314752E-04
8.44	-1.7901007609E-04
8.54	-1.4010096072E-04
8.64	-1.0935795958E-04
8.74	-8.5131861030E-05
8.84	-6.6092485224E-05
8.94	-5.1169591562E-05
9.04	-3.9504939580E-05
9.15	-3.0412149219E-05
9.25	-2.3344046271E-05
9.35	-1.7865404609E-05
9.45	-1.3631138482E-05
9.55	-1.0368283904E-05
9.65	-7.8616065794E-06
9.75	-5.9418067481E-06
9.85	-4.4761386798E-06
9.95	-3.3607860901E-06
10.05	-2.5148209096E-06
10.15	-1.8753351874E-06
10.25	-1.3935916839E-06
10.35	-1.0319449944E-06
10.45	-7.6141831760E-07
10.55	-5.5978101009E-07
10.65	-4.1003942323E-07
10.75	-2.9924787523E-07
10.85	-2.1758144708E-07
10.95	-1.5761069322E-07
11.06	-1.1373957832E-07
11.16	-8.1769203462E-08
11.26	-5.8561589411E-08
11.36	-4.1780452311E-08
11.46	-2.9693662642E-08
11.56	-2.1022195942E-08
11.66	-1.4825589743E-08
11.76	-1.0415032486E-08
11.86	-7.2882143538E-09
11.96	-5.0803013837E-09
12.06	-3.5274747917E-09
12.16	-2.4397265541E-09
12.26	-1.6808170065E-09
12.36	-1.1534511348E-09
12.46	-7.8845694486E-10
12.56	-5.3685203827E-10
12.66	-3.6410758885E-10
12.76	-2.4598088150E-10
12.86	-1.6552789431E-10
12.96	-1.1095265694E-10
13.07	-7.4080367424E-11
13.17	-4.9268083591E-11
13.27	-3.2638279100E-11
13.37	-2.1537059610E-11
13.47	-1.4156201326E-11
13.57	-9.2684443158E-12
13.67	-6.0446258625E-12
13.77	-3.9267460867E-12
13.87	-2.5409767793E-12
13.97	-1.6378402953E-12
14.07	-1.0515959565E-12
14.17	-6.7255995262E-13
14.27	-4.2847111654E-13
14.37	-2.7190604326E-13
14.47	-1.7188068620E-13
14.57	-1.0822917639E-13
14.67	-6.7885119507E-14
14.77	-4.2414638497E-14
14.87	-2.6398069028E-14
14.97	-1.6365970648E-14
15.08	-1.0107155983E-14
15.18	-6.2177258031E-15
15.28	-3.8102533373E-15
15.38	-2.3259144019E-15
15.48	-1.4143471304E-15
15.58	-8.5671853095E-16
15.68	-5.1694474549E-16
15.78	-3.1072157016E-16
15.88	-1.8604797509E-16
15.98	-1.1096915293E-16
16.08	-6.5933768163E-17
16.18	-3.9024659616E-17
16.28	-2.3009153872E-17
16.38	-1.3514180848E-17
16.48	-7.9069878790E-18
16.58	-4.6085230307E-18
16.68	-2.6757554758E-18
16.78	-1.5476127529E-18
16.88	-8.9169119146E-19
16.98	-5.1179930084E-19
17.09	-2.9263223495E-19
17.19	-1.6667834002E-19
17.29	-9.4574987881E-20
17.39	-5.3457665103E-20
17.49	-3.0101213802E-20
17.59	-1.6884780519E-20
17.69	-9.4351756956E-21
17.79	-5.2522382261E-21
17.89	-2.9126142785E-21
17.99	-1.6090234259E-21
18.09	-8.8549822409E-22
18.19	-4.8546229514E-22
18.29	-2.6513701985E-22
18.39	-1.4425436711E-22
18.49	-7.8187320841E-23
18.59	-4.2217147301E-23
18.69	-2.2708643133E-23
18.79	-1.2168583792E-23
18.89	-6.4959198299E-24
18.99	-3.4545311597E-24
19.10	-1.8301617486E-24
19.20	-9.6591447575E-25
19.30	-5.0785801372E-25
19.40	-2.6600900096E-25
19.50	-1.3880481247E-25
19.60	-7.2154558755E-26
19.70	-3.7366267107E-26
19.80	-1.9277409245E-26
19.90	-9.9077444537E-27
20.00	-5.0728776588E-27
# 1d 3/2
0.10	3.4723303588E-03
0.20	1.3887855865E-02
0.30	3.1031600412E-02
0.40	5.4550089694E-02
0.50	8.3960280650E-02
0.60	1.1866170853E-01
0.70	1.5795137506E-01
0.80	2.0104038396E-01
0.90	2.4707302815E-01
1.00	2.9514698725E-01
1.11	3.4433454502E-01
1.21	3.9370355717E-01
1.31	4.4233854801E-01
1.41	4.8936041577E-01
1.51	5.3394513134E-01
1.61	5.7534012665E-01
1.71	6.1287872284E-01
1.81	6.4599168162E-01
1.91	6.7421625338E-01
2.01	6.9720247925E-01
2.11	7.1471554678E-01
2.21	7.2663582202E-01
2.31	7.3295555742E-01
2.41	7.3377411642E-01
2.51	7.2928871955E-01
2.61	7.1978504163E-01
2.71	7.0562438555E-01
2.81	6.8723181701E-01
2.91	6.6508087161E-01
3.01	6.3968057870E-01
3.12	6.1155994795E-01
3.22	5.8125562296E-01
3.32	5.4929804575E-01
3.42	5.1620119745E-01
3.52	4.8245182006E-01
3.62	4.4850221848E-01
3.72	4.1476305590E-01
3.82	3.8159946534E-01
3.92	3.4932761656E-01
4.02	3.1821393733E-01
4.12	2.8847520292E-01
4.22	2.6028036024E-01
4.32	2.3375291195E-01
4.42	2.0897442497E-01
4.52	1.8598851812E-01
4.62	1.6480525736E-01
4.72	1.4540585214E-01
4.82	1.2774722055E-01
4.92	1.1176650790E-01
5.02	9.7385262138E-02
5.13	8.4513504836E-02
5.23	7.3053218342E-02
5.33	6.2901564660E-02
5.43	5.3953535836E-02
5.53	4.6104350970E-02
5.63	3.9251282247E-02
5.73	3.3295226400E-02
5.83	2.8141800866E-02
5.93	2.3702228993E-02
6.03	1.9893851917E-02
6.13	1.6640489029E-02
6.23	1.3872520703E-02
6.33	1.1526872229E-02
6.43	9.5468123774E-03
6.53	7.8817097201E-03
6.63	6.4866658608E-03
6.73	5.3221319462E-03
6.83	4.3534720430E-03
6.93	3.5505442034E-03
7.03	2.8872556430E-03
7.14	2.3411467945E-03
7.24	1.8929794585E-03
7.34	1.5263606226E-03
7.44	1.2273851349E-03
7.54	9.8431581975E-04
7.64	7.8728773628E-04
7.74	6.2804677885E-04
7.84	4.9971445717E-04
7.94	3.9658179931E-04
8.04	3.1392870965E-04
8.14	2.4786814419E-04
8.24	1.9521076035E-04
8.34	1.5334820664E-04
8.44	1.2015478139E-04
8.54	9.3903654801E-05
8.64	7.3196785045E-05
8.74	5.6905639727E-05
8.84	4.4122201993E-05
8.94	3.4117590118E-05
9.04	2.6308591169E-05
9.15	2.0229760657E-05
9.25	1.5510795115E-05
9.35	1.1857719627E-05
9.45	9.0378730698E-06
9.55	6.8675447211E-06
9.65	5.2021218094E-06
9.75	3.9280392171E-06
9.85	2.9563906916E-06
9.95	2.2177497781E-06
10.05	1.6580742944E-06
10.15	1.2354138389E-06
10.25	9.1731113868E-07
10.35	6.7872792933E-07
10.45	5.0041534370E-07
10.55	3.6762349856E-07
10.65	2.6909016595E-07
10.75	1.9624533695E-07
10.85	1.4259188083E-07
10.95	1.0322183276E-07
11.06	7.4442067407E-08
11.16	5.3484160759E-08
11.26	3.8281088658E-08
11.36	2.7295289210E-08
11.46	1.9387791806E-08
11.56	1.3718268631E-08
11.66	9.6693269426E-09
11.76	6.7891298309E-09
11.86	4.7484273842E-09
11.96	3.3082557475E-09
12.06	2.2959372413E-09
12.16	1.5871907176E-09
12.26	1.0929629917E-09
12.36	7.4969792067E-10
12.46	5.1223827597E-10
12.56	3.4862641262E-10
12.66	2.3634781617E-10
12.76	1.5960401022E-10
12.86	1.0735900533E-10
12.96	7.1933959198E-11
13.07	4.8010071321E-11
13.17	3.1917710524E-11
13.27	2.1136540491E-11
13.37	1.3942392190E-11
13.47	9.1610525560E-12
13.57	5.9959316141E-12
13.67	3.9090727462E-12
13.77	2.5386034773E-12
13.87	1.6421907353E-12
13.97	1.0581770523E-12
14.07	6.7920758734E-13
14.17	4.3426449327E-13
14.27	2.7657781851E-13
14.37	1.7546473135E-13
14.47	1.1088578128E-13
14.57	6.9802904596E-14
14.67	4.3771010111E-14
14.77	2.7340912602E-14
14.87	1.7012063658E-14
14.97	1.0544269387E-14
15.08	6.5102220407E-15
15.18	4.0039870991E-15
15.28	2.4530778499E-15
15.38	1.4970959361E-15
15.48	9.1014866718E-16
15.58	5.5118431221E-16
15.68	3.3251180552E-16
15.78	1.9982068684E-16
15.88	1.1961947444E-16
15.98	7.1332732792E-17
16.08	4.2374622707E-17
16.18	2.5075528311E-17
16.28	1.4781763849E-17
16.38	8.6802366086E-18
16.48	5.0777425705E-18
16.58	2.9589705556E-18
16.68	1.7176949878E-18
16.78	9.9330838852E-19
16.88	5.7221581499E-19
16.98	3.2837494357E-19
17.09	1.8772355199E-19
17.19	1.0690631090E-19
17.29	6.0649792605E-20
17.39	3.4276234273E-20
17.49	1.9297383540E-20
17.59	1.0822867173E-20
17.69	6.0468688138E-21
17.79	3.3655786875E-21
17.89	1.8660968951E-21
17.99	1.0307433638E-21
18.09	5.6717084176E-22
18.19	3.1090002710E-22
18.29	1.6977576254E-22
18.39	9.2358174668E-23
18.49	5.0052378692E-23
18.59	2.7022170965E-23
18.69	1.4533373255E-23
18.79	7.7868188670E-24
18.89	4.1562950574E-24
18.99	2.2100463105E-24
19.10	1.1707094600E-24
19.20	6.1779807738E-25
19.30	3.2478743882E-25
19.40	1.7009951679E-25
19.50	8.8748676245E-26
19.60	4.6128837633E-26
19.70	2.3885843009E-26
19.80	1.2321465993E-26
19.90	6.3320171935E-27
20.00	3.2417233864E-27
