# 1s 1/2
0.10	6.9262102136E-01
0.20	6.8571933017E-01
0.30	6.7454800337E-01
0.40	6.5967003536E-01
0.50	6.4172172999E-01
0.60	6.2136019470E-01
0.70	5.9920898338E-01
0.80	5.7582496292E-01
0.90	5.5168556291E-01
1.00	5.2719015502E-01
1.10	5.0266955123E-01
1.20	4.7839823359E-01
1.30	4.5460619835E-01
1.40	4.3148871861E-01
1.50	4.0921341196E-01
1.60	3.8792485819E-01
1.70	3.6774716301E-01
1.80	3.4878495480E-01
1.90	3.3112338184E-01
2.00	3.1482712997E-01
2.10	2.9993858607E-01
2.20	2.8647514532E-01
2.30	2.7442579728E-01
2.40	2.6374743394E-01
2.50	2.5436114474E-01
2.60	2.4614956052E-01
2.70	2.3895675817E-01
2.80	2.3259266720E-01
2.90	2.2684174388E-01
3.00	2.2147540175E-01
3.10	2.1626720519E-01
3.20	2.1100824526E-01
3.30	2.0552000069E-01
3.40	1.9966246944E-01
3.50	1.9333817810E-01
3.60	1.8649255041E-01
3.70	1.7911116701E-01
3.80	1.7121445094E-01
3.90	1.6285075592E-01
4.00	1.5409071513E-01
4.10	1.4502119209E-01
4.20	1.3573941758E-01
4.30	1.2634749579E-01
4.40	1.1694704551E-01
4.50	1.0763606456E-01
4.60	9.8506177731E-02
4.70	8.9640244356E-02
4.80	8.1110595605E-02
4.90	7.2977541305E-02
5.00	6.5289119624E-02
5.10	5.8081413552E-02
5.20	5.1378901477E-02
5.30	4.5195126272E-02
5.40	3.9533481856E-02
5.50	3.4388353477E-02
5.60	2.9746596023E-02
5.70	2.5588812904E-02
5.80	2.1890618267E-02
5.90	1.8623823743E-02
6.00	1.5757549903E-02
6.10	1.3259391394E-02
6.20	1.1096346803E-02
6.30	9.2355959556E-03
6.40	7.6451398359E-03
6.50	6.2942943911E-03
6.60	5.1541230878E-03
6.70	4.1977251307E-03
6.80	3.4004035171E-03
6.90	2.7397460325E-03
7.00	2.1956271308E-03
7.10	1.7501666559E-03
7.20	1.3876410950E-03
7.30	1.0943509259E-03
7.40	8.5846576128E-04
7.50	6.6985521715E-04
7.60	5.1991691392E-04
7.70	4.0140760008E-04
7.80	3.0827609287E-04
7.90	2.3550552074E-04
8.00	1.7896729377E-04
8.10	1.3528841342E-04
8.20	1.0173370281E-04
8.30	7.6100886612E-05
8.40	5.6628999419E-05
8.50	4.1919519762E-05
# 1p 3/2
0.10	3.9774434485E-02
0.20	7.8756196337E-02
0.30	1.1620972165E-01
0.40	1.5152876851E-01
0.50	1.8425746635E-01
0.60	2.1409327404E-01
0.70	2.4087110270E-01
0.80	2.6453845963E-01
0.90	2.8512971078E-01
1.00	3.0274406400E-01
1.10	3.1752915618E-01
1.20	3.2966979540E-01
1.30	3.3938062899E-01
1.40	3.4690121922E-01
1.50	3.5249216113E-01
1.60	3.5643138470E-01
1.70	3.5901004279E-01
1.80	3.6052766277E-01
1.90	3.6128655090E-01
2.00	3.6158507088E-01
2.10	3.6170955362E-01
2.20	3.6192449269E-01
2.30	3.6246085931E-01
2.40	3.6350285799E-01
2.50	3.6517339119E-01
2.60	3.6751981377E-01
2.70	3.7050274248E-01
2.80	3.7399207142E-01
2.90	3.7777161285E-01
3.00	3.8155319801E-01
3.10	3.8499997991E-01
3.20	3.8775530598E-01
3.30	3.8947212281E-01
3.40	3.8983757815E-01
3.50	3.8859213935E-01
3.60	3.8554256654E-01
3.70	3.8056840732E-01
3.80	3.7362192971E-01
3.90	3.6472264684E-01
4.00	3.5395235574E-01
4.10	3.4144729190E-01
4.20	3.2738864836E-01
4.30	3.1199198647E-01
4.40	2.9549509483E-01
4.50	2.7814974709E-01
4.60	2.6021339234E-01
4.70	2.4194086820E-01
4.80	2.2357702499E-01
4.90	2.0534950132E-01
5.00	1.8746455356E-01
5.10	1.7010445922E-01
5.20	1.5342513115E-01
5.30	1.3755482187E-01
5.40	1.2259342284E-01
5.50	1.0861315187E-01
5.60	9.5660720506E-02
5.70	8.3759357957E-02
5.80	7.2911220198E-02
5.90	6.3099978250E-02
6.00	5.4293555951E-02
6.10	4.6447438730E-02
6.20	3.9507546164E-02
6.30	3.3412872958E-02
6.40	2.8097892882E-02
6.50	2.3494637747E-02
6.60	1.9534714417E-02
6.70	1.6150915507E-02
6.80	1.3278460149E-02
6.90	1.0855947704E-02
7.00	8.8260213510E-03
7.10	7.1358563574E-03
7.20	5.7374378552E-03
7.30	4.5876239879E-03
7.40	3.6480689950E-03
7.50	2.8850314560E-03
7.60	2.2691117437E-03
7.70	1.7749440235E-03
7.80	1.3808382026E-03
7.90	1.0684065177E-03
8.00	8.2218964559E-04
8.10	6.2929454575E-04
8.20	4.7905684431E-04
8.30	3.6272388470E-04
8.40	2.7316592200E-04
8.50	2.0461787469E-04
# 1p 1/2
0.10	3.9774434485E-02
0.20	7.8756196337E-02
0.30	1.1620972165E-01
0.40	1.5152876851E-01
0.50	1.8425746635E-01
0.60	2.1409327404E-01
0.70	2.4087110270E-01
0.80	2.6453845963E-01
0.90	2.8512971078E-01
1.00	3.0274406400E-01
1.10	3.1752915618E-01
1.20	3.2966979540E-01
1.30	3.3938062899E-01
1.40	3.4690121922E-01
1.50	3.5249216113E-01
1.60	3.5643138470E-01
1.70	3.5901004279E-01
1.80	3.6052766277E-01
1.90	3.6128655090E-01
2.00	3.6158507088E-01
2.10	3.6170955362E-01
2.20	3.6192449269E-01
2.30	3.6246085931E-01
2.40	3.6350285799E-01
2.50	3.6517339119E-01
2.60	3.6751981377E-01
2.70	3.7050274248E-01
2.80	3.7399207142E-01
2.90	3.7777161285E-01
3.00	3.8155319801E-01
3.10	3.8499997991E-01
3.20	3.8775530598E-01
3.30	3.8947212281E-01
3.40	3.8983757815E-01
3.50	3.8859213935E-01
3.60	3.8554256654E-01
3.70	3.8056840732E-01
3.80	3.7362192971E-01
3.90	3.6472264684E-01
4.00	3.5395235574E-01
4.10	3.4144729190E-01
4.20	3.2738864836E-01
4.30	3.1199198647E-01
4.40	2.9549509483E-01
4.50	2.7814974709E-01
4.60	2.6021339234E-01
4.70	2.4194086820E-01
4.80	2.2357702499E-01
4.90	2.0534950132E-01
5.00	1.8746455356E-01
5.10	1.7010445922E-01
5.20	1.5342513115E-01
5.30	1.3755482187E-01
5.40	1.2259342284E-01
5.50	1.0861315187E-01
5.60	9.5660720506E-02
5.70	8.3759357957E-02
5.80	7.2911220198E-02
5.90	6.3099978250E-02
6.00	5.4293555951E-02
6.10	4.6447438730E-02
6.20	3.9507546164E-02
6.30	3.3412872958E-02
6.40	2.8097892882E-02
6.50	2.3494637747E-02
6.60	1.9534714417E-02
6.70	1.6150915507E-02
6.80	1.3278460149E-02
6.90	1.0855947704E-02
7.00	8.8260213510E-03
7.10	7.1358563574E-03
7.20	5.7374378552E-03
7.30	4.5876239879E-03
7.40	3.6480689950E-03
7.50	2.8850314560E-03
7.60	2.2691117437E-03
7.70	1.7749440235E-03
7.80	1.3808382026E-03
7.90	1.0684065177E-03
8.00	8.2218964559E-04
8.10	6.2929454575E-04
8.20	4.7905684431E-04
8.30	3.6272388470E-04
8.40	2.7316592200E-04
8.50	2.0461787469E-04
