1.000000000000000056e-01 -2.029273748233876162e+01
2.000000000000000111e-01 -1.997034864744254179e+01
3.000000000000000444e-01 -1.983458273751079659e+01
4.000000000000000222e-01 -1.960372625549919334e+01
5.000000000000000000e-01 -1.930393657003054386e+01
5.999999999999999778e-01 -1.894709923947006658e+01
7.000000000000000666e-01 -1.855162772887749156e+01
8.000000000000000444e-01 -1.811219813585752192e+01
9.000000000000000222e-01 -1.764325469652503742e+01
1.000000000000000000e+00 -1.716389983666373809e+01
1.100000000000000089e+00 -1.666653233028808145e+01
1.200000000000000178e+00 -1.616220324578473466e+01
1.300000000000000266e+00 -1.566714116350771313e+01
1.400000000000000133e+00 -1.517443915695738710e+01
1.500000000000000222e+00 -1.470022685389671402e+01
1.600000000000000089e+00 -1.424694077988710639e+01
1.700000000000000178e+00 -1.381476910892109089e+01
1.800000000000000266e+00 -1.341330646901981005e+01
1.900000000000000133e+00 -1.303904145478415266e+01
2.000000000000000000e+00 -1.269677395490274918e+01
2.100000000000000089e+00 -1.238309217183528510e+01
2.200000000000000178e+00 -1.211050088654141277e+01
2.300000000000000266e+00 -1.186247403402928313e+01
2.400000000000000355e+00 -1.164312546999938469e+01
2.500000000000000444e+00 -1.145644324722615615e+01
2.600000000000000089e+00 -1.129967029904240583e+01
2.700000000000000178e+00 -1.117067364747179425e+01
2.800000000000000266e+00 -1.105560306074159094e+01
2.900000000000000355e+00 -1.096943208076748100e+01
3.000000000000000444e+00 -1.089401623054129686e+01
3.100000000000000089e+00 -1.082254254582762698e+01
3.200000000000000178e+00 -1.076046628726263776e+01
3.300000000000000266e+00 -1.069225505791857778e+01
3.400000000000000355e+00 -1.061422019078590040e+01
3.500000000000000444e+00 -1.051838322725710206e+01
3.600000000000000089e+00 -1.040276108490011531e+01
3.700000000000000178e+00 -1.023537902938213762e+01
3.800000000000000266e+00 -1.002765955031577150e+01
3.900000000000000355e+00 -9.767206967134180573e+00
4.000000000000000000e+00 -9.437757268519526122e+00
4.099999999999999645e+00 -9.028687587207732790e+00
4.200000000000000178e+00 -8.551457207610035027e+00
4.299999999999999822e+00 -7.992054075033545146e+00
4.399999999999999467e+00 -7.342820500429821706e+00
4.500000000000000000e+00 -6.602047432489889012e+00
4.599999999999999645e+00 -5.809552843187744564e+00
4.700000000000000178e+00 -4.950721053684917550e+00
4.799999999999999822e+00 -4.021757368853640102e+00
4.900000000000000355e+00 -3.080829660176075624e+00
5.000000000000000000e+00 -2.119331922932458312e+00
5.099999999999999645e+00 -1.153051563748093589e+00
5.200000000000000178e+00 -2.124185344146554133e-01
5.299999999999999822e+00 6.881841016862465521e-01
5.400000000000000355e+00 1.556809182134648362e+00
5.500000000000000000e+00 2.366891472841841981e+00
5.599999999999999645e+00 3.103913326394179606e+00
5.700000000000000178e+00 3.782282846397389431e+00
5.799999999999999822e+00 4.395457041602714554e+00
5.900000000000000355e+00 4.941032242063490010e+00
6.000000000000000000e+00 5.425048854630771800e+00
6.099999999999999645e+00 5.837532684439350028e+00
6.200000000000000178e+00 6.202913486242130681e+00
6.299999999999999822e+00 6.537354455949236254e+00
6.400000000000000355e+00 6.790128549693790205e+00
6.500000000000000000e+00 7.018600688444460722e+00
6.599999999999999645e+00 7.233949008369527256e+00
6.700000000000000178e+00 7.378863470603495678e+00
6.799999999999999822e+00 7.509768490445581257e+00
6.900000000000000355e+00 7.644027199064754363e+00
7.000000000000000000e+00 7.737609964661909423e+00
7.099999999999999645e+00 7.794901433776956878e+00
7.200000000000000178e+00 7.874481007799202459e+00
7.299999999999999822e+00 7.919536358355568240e+00
7.400000000000000355e+00 7.934115993042760273e+00
7.500000000000000000e+00 7.977224831526950943e+00
7.599999999999999645e+00 8.001703045916004342e+00
7.700000000000000178e+00 7.999756028708914890e+00
7.799999999999999822e+00 8.017523158052034304e+00
7.900000000000000355e+00 8.025751638590236325e+00
8.000000000000000000e+00 8.007142879809448388e+00
8.099999999999999645e+00 7.990691707106929442e+00
8.199999999999999289e+00 8.013434418029408590e+00
8.300000000000000711e+00 7.992636711062487187e+00
8.400000000000000355e+00 7.968195907488778040e+00
8.500000000000000000e+00 7.965434966856290266e+00
8.599999999999999645e+00 7.949019874036632238e+00
8.699999999999999289e+00 7.914118082064293347e+00
8.800000000000000711e+00 7.912789375468599395e+00
8.900000000000000355e+00 7.891829734432387333e+00
9.000000000000000000e+00 7.853003346649302330e+00
9.099999999999999645e+00 7.846523903817380408e+00
9.199999999999999289e+00 7.833244903084858102e+00
9.300000000000000711e+00 7.796658318635220297e+00
9.400000000000000355e+00 7.779366688215068493e+00
9.500000000000000000e+00 7.770328338018499537e+00
9.599999999999999645e+00 7.738497478926764650e+00
9.700000000000001066e+00 7.708857767873957378e+00
9.800000000000000711e+00 7.697839751262123720e+00
9.900000000000000355e+00 7.670536341790769264e+00
1.000000000000000000e+01 7.635985676717901960e+00
1.009999999999999964e+01 7.627759908903605890e+00
1.020000000000000107e+01 7.609784181045032625e+00
1.030000000000000071e+01 7.568382295339799448e+00
1.040000000000000036e+01 7.556307872979602713e+00
1.050000000000000000e+01 7.543613405966387297e+00
1.059999999999999964e+01 7.504546416744922510e+00
1.070000000000000107e+01 7.487377947053250438e+00
1.080000000000000071e+01 7.474307093033294436e+00
1.090000000000000036e+01 7.436679352171699620e+00
1.100000000000000000e+01 7.419813670602615652e+00
1.109999999999999964e+01 7.408362785047629018e+00
1.120000000000000107e+01 7.381670259934417722e+00
1.130000000000000071e+01 7.354968152952564786e+00
1.140000000000000036e+01 7.348766018501470931e+00
1.150000000000000000e+01 7.327141830921181764e+00
1.159999999999999964e+01 7.292945546606989460e+00
1.170000000000000107e+01 7.289696485056898823e+00
1.180000000000000071e+01 7.270342515509552683e+00
1.190000000000000036e+01 7.234147004595431696e+00
1.200000000000000000e+01 7.214335943548721986e+00
1.209999999999999964e+01 7.211721869288043152e+00
1.220000000000000107e+01 7.183879941863468233e+00
1.230000000000000071e+01 7.152703331803230036e+00
1.240000000000000036e+01 7.157071659301117883e+00
1.250000000000000000e+01 7.122099884290693517e+00
1.259999999999999964e+01 7.104711829178978810e+00
1.270000000000000107e+01 7.089873932059668427e+00
1.280000000000000071e+01 7.068192752421921021e+00
1.290000000000000036e+01 7.050262478265003629e+00
1.300000000000000000e+01 7.031117917759280189e+00
1.309999999999999964e+01 7.014785311415561608e+00
1.320000000000000107e+01 6.993485202021111569e+00
1.330000000000000071e+01 6.983583195976293290e+00
1.340000000000000036e+01 6.961156358283420609e+00
1.350000000000000000e+01 6.940412001853354163e+00
1.359999999999999964e+01 6.922082050999707192e+00
1.370000000000000107e+01 6.940538985637349612e+00
1.380000000000000071e+01 7.296791069447307265e+00
1.390000000000000036e+01 1.115508324168087739e+01
