0   0.00593206
0.1   0.00592655
0.2   0.00592106
0.3   0.00591555
0.4   0.00590963
0.5   0.00590253
0.6   0.00589366
0.7   0.00588308
0.8   0.00587103
0.9   0.00585764
1   0.00584294
1.1   0.00582693
1.2   0.00580971
1.3   0.00579138
1.4   0.00577202
1.5   0.00575173
1.6   0.00573061
1.7   0.00570876
1.8   0.0056863
1.9   0.00566332
2   0.00563995
2.1   0.0056163
2.2   0.00559247
2.3   0.0055686
2.4   0.00554479
2.5   0.00552114
2.6   0.00549776
2.7   0.00547474
2.8   0.00545219
2.9   0.00543018
3   0.00540879
3.1   0.00538809
3.2   0.00536812
3.3   0.00534894
3.4   0.00533058
3.5   0.00531304
3.6   0.00529635
3.7   0.00528048
3.8   0.00526542
3.9   0.00525112
4   0.00523754
4.1   0.0052246
4.2   0.00521224
4.3   0.00520035
4.4   0.00518885
4.5   0.0051776
4.6   0.00516649
4.7   0.00515539
4.8   0.00514414
4.9   0.00513261
5   0.00512063
5.1   0.00510804
5.2   0.0050947
5.3   0.00508041
5.4   0.00506503
5.5   0.00504838
5.6   0.00503029
5.7   0.00501062
5.8   0.00498918
5.9   0.00496584
6   0.00494044
6.1   0.00491282
6.2   0.00488287
6.3   0.00485044
6.4   0.00481541
6.5   0.00477767
6.6   0.00473712
6.7   0.00469365
6.8   0.0046472
6.9   0.00459768
7   0.00454505
7.1   0.00448924
7.2   0.00443024
7.3   0.00436801
7.4   0.00430257
7.5   0.0042339
7.6   0.00416205
7.7   0.00408705
7.79999   0.00400896
7.89999   0.00392785
7.99999   0.00384382
8.09999   0.00375697
8.2   0.00366743
8.3   0.00357535
8.4   0.00348087
8.5   0.00338419
8.6   0.00328549
8.7   0.00318499
8.8   0.0030829
8.9   0.00297948
9   0.00287497
9.1   0.00276964
9.2   0.00266375
9.3   0.00255761
9.4   0.00245148
9.5   0.00234566
9.6   0.00224046
9.7   0.00213615
9.8   0.00203303
9.9   0.00193137
10   0.00183145
10.1   0.00173353
10.2   0.00163785
10.3   0.00154464
10.4   0.0014541
10.5   0.00136641
10.6   0.00128174
10.7   0.00120023
10.8   0.00112199
10.9   0.0010471
11   0.000975625
11.1   0.000907598
11.2   0.000843027
11.3   0.000781902
11.4   0.000724193
11.5   0.000669839
11.6   0.000618775
11.7   0.000570909
11.8   0.000526142
11.9   0.000484363
12   0.000445451
12.1   0.000409278
12.2   0.000375713
12.3   0.00034462
12.4   0.000315864
12.5   0.000289309
12.6   0.000264819
12.7   0.000242265
12.8   0.000221516
12.9   0.00020245
13   0.000184949
13.1   0.000168897
13.2   0.000154188
13.3   0.00014072
13.4   0.000128396
13.5   0.000117127
13.6   0.000106827
13.7   9.74188e-05
13.8   8.88282e-05
13.9   8.09872e-05
14   7.38337e-05
14.1   6.73078e-05
14.2   6.13574e-05
14.3   5.59323e-05
14.4   5.0987e-05
14.5   4.64805e-05
14.6   4.23733e-05
14.7   3.86312e-05
14.8   3.52216e-05
14.9   3.21149e-05
15   2.9285e-05
15.1   2.67064e-05
15.2   2.43574e-05
15.3   2.22173e-05
15.4   2.02672e-05
15.5   1.84907e-05
15.6   1.68716e-05
15.7   1.53963e-05
15.8   1.40518e-05
15.9   1.28262e-05
16   1.17092e-05
16.1   1.06908e-05
16.2   9.76241e-06
16.3   8.91582e-06
16.4   8.14372e-06
16.5   7.43963e-06
16.6   6.79729e-06
16.7   6.21135e-06
16.8   5.67671e-06
16.9   5.1888e-06
17   4.74355e-06
17.1   4.33706e-06
17.2   3.96601e-06
17.3   3.62721e-06
17.4   3.31781e-06
17.5   3.03525e-06
17.6   2.77711e-06
17.7   2.54131e-06
17.8   2.32584e-06
17.9   2.12892e-06
18   1.94897e-06
18.1   1.78444e-06
18.2   1.63404e-06
18.3   1.49651e-06
18.4   1.37073e-06
18.5   1.25571e-06
18.6   1.15047e-06
18.7   1.05419e-06
18.8   9.66099e-07
18.9   8.85473e-07
19   8.11686e-07
19.1   7.44132e-07
19.2   6.8229e-07
19.3   6.25662e-07
19.4   5.738e-07
19.5   5.26305e-07
19.6   4.82793e-07
19.7   4.42934e-07
19.8   4.06413e-07
19.9   3.72943e-07
20   3.42272e-07
20.1   3.14156e-07
20.2   2.88383e-07
20.3   2.64753e-07
20.4   2.43085e-07
20.5   2.23216e-07
20.6   2.0499e-07
20.7   1.88274e-07
20.8   1.72939e-07
20.9   1.58869e-07
21   1.45959e-07
21.1   1.34111e-07
21.2   1.23237e-07
21.3   1.13256e-07
21.4   1.04094e-07
21.5   9.56821e-08
21.6   8.79576e-08
21.7   8.08648e-08
21.8   7.43509e-08
21.9   6.83679e-08
22   6.28726e-08
22.1   5.78236e-08
22.2   5.31851e-08
22.3   4.89228e-08
22.4   4.5006e-08
22.5   4.14066e-08
22.6   3.8098e-08
22.7001   3.50569e-08
22.8001   3.22612e-08
22.9001   2.96908e-08
23.0001   2.73276e-08
23.1001   2.51543e-08
23.2001   2.31558e-08
23.3001   2.13178e-08
23.4001   1.96272e-08
23.5001   1.80721e-08
23.6001   1.66413e-08
23.7001   1.53251e-08
23.8001   1.4114e-08
23.9001   1.29996e-08
24.0001   1.19741e-08
24.1001   1.10302e-08
24.2001   1.01615e-08
