# 1s 1/2
0.10	7.0480221534E-01
0.20	6.9814076878E-01
0.30	6.8728167900E-01
0.40	6.7279987053E-01
0.50	6.5531086793E-01
0.60	6.3547903718E-01
0.70	6.1398837197E-01
0.80	5.9143887525E-01
0.90	5.6839247603E-01
1.00	5.4534020412E-01
1.10	5.2260379517E-01
1.20	5.0047482433E-01
1.30	4.7916749130E-01
1.40	4.5881115390E-01
1.50	4.3948452880E-01
1.60	4.2128624627E-01
1.70	4.0420060616E-01
1.80	3.8819672671E-01
1.90	3.7321586554E-01
2.00	3.5925471952E-01
2.10	3.4623912042E-01
2.20	3.3414311186E-01
2.30	3.2289413513E-01
2.40	3.1239941211E-01
2.50	3.0259584074E-01
2.60	2.9345441075E-01
2.70	2.8491383616E-01
2.80	2.7690633915E-01
2.90	2.6936137752E-01
3.00	2.6221901991E-01
3.10	2.5542365319E-01
3.20	2.4894612192E-01
3.30	2.4270125469E-01
3.40	2.3664480936E-01
3.50	2.3080479948E-01
3.60	2.2512752309E-01
3.70	2.1959522264E-01
3.80	2.1419149797E-01
3.90	2.0890617300E-01
4.00	2.0372634399E-01
4.10	1.9866126375E-01
4.20	1.9367304699E-01
4.30	1.8877120457E-01
4.40	1.8397119625E-01
4.50	1.7925836834E-01
4.60	1.7461364630E-01
4.70	1.7005601225E-01
4.80	1.6560004137E-01
4.90	1.6121423258E-01
5.00	1.5690980769E-01
5.10	1.5268635393E-01
5.20	1.4856006540E-01
5.30	1.4451830519E-01
5.40	1.4054276130E-01
5.50	1.3664590864E-01
5.60	1.3283819875E-01
5.70	1.2911145708E-01
5.80	1.2547483257E-01
5.90	1.2192148790E-01
6.00	1.1844612661E-01
6.10	1.1505147372E-01
6.20	1.1174139416E-01
6.30	1.0851010559E-01
6.40	1.0535176625E-01
6.50	1.0228094281E-01
6.60	9.9284360645E-02
6.70	9.6375117550E-02
6.80	9.3539813569E-02
6.90	9.0779651987E-02
7.00	8.8091169641E-02
7.10	8.5469892643E-02
7.20	8.2904837349E-02
7.30	8.0414734599E-02
7.40	7.8000837512E-02
7.50	7.5661955035E-02
7.60	7.3393035128E-02
7.70	7.1191223934E-02
7.80	6.9051682713E-02
7.90	6.6974924547E-02
8.00	6.4971719985E-02
8.10	6.3042914226E-02
8.20	6.1187456406E-02
8.30	5.9416415938E-02
8.40	5.7721442419E-02
8.50	5.6100226188E-02
8.60	5.4560250443E-02
8.70	5.3113863118E-02
8.80	5.1769595469E-02
8.90	5.0546726716E-02
9.00	4.9457195234E-02
9.10	4.8524501431E-02
9.20	4.7761563034E-02
9.30	4.7204896533E-02
9.40	4.6871297997E-02
9.50	4.6828532401E-02
9.60	4.7120491727E-02
9.70	4.7822203418E-02
9.80	4.9007051109E-02
9.90	5.0789904401E-02
10.00	5.3293047140E-02
10.10	5.6673577901E-02
10.20	6.1111952984E-02
10.30	6.6824841718E-02
10.40	7.4067317611E-02
10.50	8.3136130604E-02
10.60	9.4450050813E-02
10.70	1.0962599308E-01
# 1p 3/2
0.10	3.2983042017E-02
0.20	6.4674839025E-02
0.30	9.5866097435E-02
0.40	1.2548174574E-01
0.50	1.5321311461E-01
0.60	1.7886410470E-01
0.70	2.0231287951E-01
0.80	2.2355813888E-01
0.90	2.4264412515E-01
1.00	2.5966693229E-01
1.10	2.7479846921E-01
1.20	2.8819365107E-01
1.30	3.0000941416E-01
1.40	3.1043492321E-01
1.50	3.1962302070E-01
1.60	3.2770382774E-01
1.70	3.3481574232E-01
1.80	3.4109949182E-01
1.90	3.4665816042E-01
2.00	3.5156822325E-01
2.10	3.5592513382E-01
2.20	3.5978819358E-01
2.30	3.6322310500E-01
2.40	3.6629854683E-01
2.50	3.6904496201E-01
2.60	3.7151349205E-01
2.70	3.7372561593E-01
2.80	3.7572540307E-01
2.90	3.7754711051E-01
3.00	3.7923556657E-01
3.10	3.8077172163E-01
3.20	3.8219025036E-01
3.30	3.8352906620E-01
3.40	3.8480697105E-01
3.50	3.8600697931E-01
3.60	3.8712196291E-01
3.70	3.8819160987E-01
3.80	3.8921084698E-01
3.90	3.9018426593E-01
4.00	3.9111782396E-01
4.10	3.9199755439E-01
4.20	3.9283256192E-01
4.30	3.9363037075E-01
4.40	3.9437318507E-01
4.50	3.9507600830E-01
4.60	3.9575073459E-01
4.70	3.9639163767E-01
4.80	3.9698256507E-01
4.90	3.9755808714E-01
5.00	3.9811771167E-01
5.10	3.9864959829E-01
5.20	3.9916858497E-01
5.30	3.9966429562E-01
5.40	4.0013756403E-01
5.50	4.0059215653E-01
5.60	4.0103747030E-01
5.70	4.0147177366E-01
5.80	4.0186449315E-01
5.90	4.0224608964E-01
6.00	4.0260843236E-01
6.10	4.0295881256E-01
6.20	4.0328727651E-01
6.30	4.0359926661E-01
6.40	4.0390057266E-01
6.50	4.0419407756E-01
6.60	4.0447823009E-01
6.70	4.0473966586E-01
6.80	4.0499430886E-01
6.90	4.0522116287E-01
7.00	4.0543757431E-01
7.10	4.0566432771E-01
7.20	4.0588864583E-01
7.30	4.0610664690E-01
7.40	4.0630896227E-01
7.50	4.0650814870E-01
7.60	4.0672224885E-01
7.70	4.0695567535E-01
7.80	4.0719440038E-01
7.90	4.0744555290E-01
8.00	4.0771175293E-01
8.10	4.0801345159E-01
8.20	4.0833360031E-01
8.30	4.0868020515E-01
8.40	4.0905537535E-01
8.50	4.0949655007E-01
8.60	4.0999562655E-01
8.70	4.1057010884E-01
8.80	4.1123365036E-01
8.90	4.1201897306E-01
9.00	4.1295412899E-01
9.10	4.1404501093E-01
9.20	4.1533755345E-01
9.30	4.1686338121E-01
9.40	4.1869220463E-01
9.50	4.2085661333E-01
9.60	4.2339334714E-01
9.70	4.2636963239E-01
9.80	4.2986469203E-01
9.90	4.3393968816E-01
10.00	4.3865316598E-01
10.10	4.4406326536E-01
10.20	4.5017699999E-01
10.30	4.5696048510E-01
10.40	4.6429663887E-01
10.50	4.7193880413E-01
10.60	4.7937635269E-01
10.70	4.8554084163E-01
# 1p 1/2
0.10	3.2835937220E-02
0.20	6.5068255678E-02
0.30	9.6246863858E-02
0.40	1.2589410466E-01
0.50	1.5368690332E-01
0.60	1.7939442216E-01
0.70	2.0287471408E-01
0.80	2.2415322218E-01
0.90	2.4326725119E-01
1.00	2.6029153210E-01
1.10	2.7542420613E-01
1.20	2.8881752897E-01
1.30	3.0064791998E-01
1.40	3.1105431080E-01
1.50	3.2021535511E-01
1.60	3.2823867447E-01
1.70	3.3529252106E-01
1.80	3.4147913453E-01
1.90	3.4694183860E-01
2.00	3.5176434126E-01
2.10	3.5602755621E-01
2.20	3.5979974786E-01
2.30	3.6315273527E-01
2.40	3.6614194962E-01
2.50	3.6884945265E-01
2.60	3.7127137591E-01
2.70	3.7347668889E-01
2.80	3.7548104834E-01
2.90	3.7731018097E-01
3.00	3.7895121051E-01
3.10	3.8050810816E-01
3.20	3.8195382597E-01
3.30	3.8328647331E-01
3.40	3.8450988297E-01
3.50	3.8565237836E-01
3.60	3.8677129317E-01
3.70	3.8780625803E-01
3.80	3.8878404469E-01
3.90	3.8970749861E-01
4.00	3.9057731120E-01
4.10	3.9142172045E-01
4.20	3.9224659696E-01
4.30	3.9303586580E-01
4.40	3.9382179155E-01
4.50	3.9458529745E-01
4.60	3.9531494679E-01
4.70	3.9601683311E-01
4.80	3.9672050201E-01
4.90	3.9737367679E-01
5.00	3.9797551559E-01
5.10	3.9855286453E-01
5.20	3.9907303260E-01
5.30	3.9956457813E-01
5.40	4.0003503806E-01
5.50	4.0047489827E-01
5.60	4.0086438793E-01
5.70	4.0121243880E-01
5.80	4.0157965056E-01
5.90	4.0190997243E-01
6.00	4.0222349495E-01
6.10	4.0250709819E-01
6.20	4.0278179348E-01
6.30	4.0304031172E-01
6.40	4.0327462256E-01
6.50	4.0347709509E-01
6.60	4.0365609282E-01
6.70	4.0383692990E-01
6.80	4.0399290343E-01
6.90	4.0416739814E-01
7.00	4.0432804713E-01
7.10	4.0443571405E-01
7.20	4.0451952277E-01
7.30	4.0458454203E-01
7.40	4.0465078190E-01
7.50	4.0469467676E-01
7.60	4.0468220089E-01
7.70	4.0460617828E-01
7.80	4.0449660273E-01
7.90	4.0433998593E-01
8.00	4.0413007751E-01
8.10	4.0382651979E-01
8.20	4.0346457388E-01
8.30	4.0302716779E-01
8.40	4.0251192187E-01
8.50	4.0184344542E-01
8.60	4.0103684840E-01
8.70	4.0005428049E-01
8.80	3.9886558784E-01
8.90	3.9739879980E-01
9.00	3.9559043922E-01
9.10	3.9341945686E-01
9.20	3.9077913644E-01
9.30	3.8758446593E-01
9.40	3.8366269248E-01
9.50	3.7890235873E-01
9.60	3.7317090817E-01
9.70	3.6624034727E-01
9.80	3.5781649033E-01
9.90	3.4758503008E-01
10.00	3.3515634117E-01
10.10	3.2001267824E-01
10.20	3.0158436093E-01
10.30	2.7913874135E-01
10.40	2.5176622673E-01
10.50	2.1830793842E-01
10.60	1.7750761713E-01
10.70	1.2854541867E-01
