0   0.00557051
0.1   0.00570811
0.2   0.00584571
0.3   0.0059833
0.4   0.0061209
0.5   0.0062585
0.6   0.0063961
0.7   0.00653369
0.8   0.00667129
0.9   0.00680889
1   0.00694752
1.1   0.00709117
1.2   0.00724346
1.3   0.00740295
1.4   0.00756653
1.5   0.00773226
1.6   0.00789892
1.7   0.00806508
1.8   0.00822906
1.9   0.00838923
2   0.00854414
2.1   0.00869236
2.2   0.00883255
2.3   0.00896339
2.4   0.00908366
2.5   0.00919221
2.6   0.00928797
2.7   0.00936993
2.8   0.00943715
2.9   0.00948875
3   0.00952391
3.1   0.0095419
3.2   0.00954201
3.3   0.00952364
3.4   0.00948622
3.5   0.00942927
3.6   0.00935241
3.7   0.00925533
3.8   0.00913788
3.9   0.00899997
4   0.00884172
4.1   0.00866335
4.2   0.00846535
4.3   0.0082483
4.4   0.00801309
4.5   0.00776076
4.6   0.00749261
4.7   0.00721017
4.8   0.00691513
4.9   0.00660947
5   0.00629524
5.1   0.00597468
5.2   0.00565012
5.3   0.00532391
5.4   0.00499843
5.5   0.00467595
5.6   0.0043587
5.7   0.00404871
5.8   0.0037478
5.9   0.00345765
6   0.00317956
6.1   0.0029147
6.2   0.00266385
6.3   0.00242764
6.4   0.00220635
6.5   0.0020001
6.6   0.00180879
6.7   0.0016321
6.8   0.00146962
6.9   0.00132076
7   0.0011849
7.1   0.00106129
7.2   0.000949191
7.3   0.000847809
7.4   0.000756354
7.5   0.000674049
7.6   0.000600133
7.7   0.000533878
7.79999   0.000474594
7.89999   0.000421623
7.99999   0.000374366
8.09999   0.000332247
8.2   0.000294757
8.3   0.00026141
8.4   0.000231778
8.5   0.000205463
8.6   0.000182108
8.7   0.000161392
8.8   0.000143021
8.9   0.00012674
9   0.000112311
9.1   9.95296e-05
9.2   8.82062e-05
9.3   7.81787e-05
9.4   6.92975e-05
9.5   6.14326e-05
9.6   5.44679e-05
9.7   4.82993e-05
9.8   4.28369e-05
9.9   3.79977e-05
10   3.3712e-05
10.1   2.99143e-05
10.2   2.65501e-05
10.3   2.35684e-05
10.4   2.09259e-05
10.5   1.85833e-05
10.6   1.65062e-05
10.7   1.46645e-05
10.8   1.30307e-05
10.9   1.15815e-05
11   1.02954e-05
11.1   9.15422e-06
11.2   8.141e-06
11.3   7.24153e-06
11.4   6.44268e-06
11.5   5.73312e-06
11.6   5.10275e-06
11.7   4.54253e-06
11.8   4.04468e-06
11.9   3.60202e-06
12   3.20849e-06
12.1   2.85842e-06
12.2   2.54708e-06
12.3   2.27004e-06
12.4   2.02352e-06
12.5   1.80408e-06
12.6   1.60873e-06
12.7   1.43479e-06
12.8   1.27986e-06
12.9   1.14188e-06
13   1.01892e-06
13.1   9.09367e-07
13.2   8.11712e-07
13.3   7.24672e-07
13.4   6.47061e-07
13.5   5.77853e-07
13.6   5.16129e-07
13.7   4.61063e-07
13.8   4.1194e-07
13.9   3.68097e-07
14   3.28975e-07
14.1   2.94046e-07
14.2   2.62867e-07
14.3   2.35024e-07
14.4   2.1016e-07
14.5   1.87951e-07
14.6   1.68111e-07
14.7   1.50386e-07
14.8   1.34545e-07
14.9   1.2039e-07
15   1.07735e-07
15.1   9.64242e-08
15.2   8.63098e-08
15.3   7.72665e-08
15.4   6.91783e-08
15.5   6.1944e-08
15.6   5.54728e-08
15.7   4.96827e-08
15.8   4.45024e-08
15.9   3.9866e-08
16   3.5717e-08
16.1   3.20027e-08
16.2   2.8678e-08
16.3   2.57011e-08
16.4   2.30357e-08
16.5   2.06487e-08
16.6   1.85108e-08
16.7   1.65961e-08
16.8   1.48806e-08
16.9   1.33439e-08
17   1.19668e-08
17.1   1.0733e-08
