0   0.0028521
0.1   0.00290846
0.2   0.00296482
0.3   0.00302118
0.4   0.00307754
0.5   0.0031339
0.6   0.00319026
0.7   0.00324662
0.8   0.00330298
0.9   0.00335934
1   0.0034157
1.1   0.00347206
1.2   0.00352856
1.3   0.00358611
1.4   0.0036459
1.5   0.00370865
1.6   0.00377376
1.7   0.00384039
1.8   0.00390791
1.9   0.00397597
2   0.00404425
2.1   0.00411237
2.2   0.00417989
2.3   0.00424636
2.4   0.00431139
2.5   0.0043746
2.6   0.00443562
2.7   0.00449409
2.8   0.00454967
2.9   0.00460202
3   0.00465083
3.1   0.0046958
3.2   0.00473665
3.3   0.0047731
3.4   0.00480491
3.5   0.00483182
3.6   0.00485362
3.7   0.00487008
3.8   0.004881
3.9   0.00488621
4   0.00488551
4.1   0.00487876
4.2   0.00486579
4.3   0.00484649
4.4   0.00482074
4.5   0.00478843
4.6   0.0047495
4.7   0.00470391
4.8   0.0046516
4.9   0.00459261
5   0.00452696
5.1   0.00445472
5.2   0.004376
5.3   0.00429096
5.4   0.00419977
5.5   0.0041027
5.6   0.00400002
5.7   0.00389206
5.8   0.00377921
5.9   0.00366188
6   0.00354055
6.1   0.00341574
6.2   0.00328797
6.3   0.00315783
6.4   0.00302593
6.5   0.00289286
6.6   0.00275926
6.7   0.00262573
6.8   0.0024929
6.9   0.00236135
7   0.00223166
7.1   0.00210434
7.2   0.00197988
7.3   0.00185875
7.4   0.00174132
7.5   0.00162793
7.6   0.00151888
7.7   0.00141438
7.79999   0.0013146
7.89999   0.00121968
7.99999   0.00112965
8.09999   0.00104456
8.2   0.000964374
8.3   0.000889024
8.4   0.000818423
8.5   0.000752443
8.6   0.000690928
8.7   0.000633716
8.8   0.000580619
8.9   0.000531442
9   0.000485984
9.1   0.000444039
9.2   0.000405397
9.3   0.000369855
9.4   0.000337211
9.5   0.000307266
9.6   0.000279832
9.7   0.000254726
9.8   0.000231772
9.9   0.000210806
10   0.000191674
10.1   0.000174224
10.2   0.000158324
10.3   0.000143843
10.4   0.000130661
10.5   0.00011867
10.6   0.000107764
10.7   9.78504e-05
10.8   8.88429e-05
10.9   8.06591e-05
11   7.32262e-05
11.1   6.64783e-05
11.2   6.03509e-05
11.3   5.47894e-05
11.4   4.97424e-05
11.5   4.51612e-05
11.6   4.10046e-05
11.7   3.7233e-05
11.8   3.38102e-05
11.9   3.07051e-05
12   2.78873e-05
12.1   2.53303e-05
12.2   2.30105e-05
12.3   2.0905e-05
12.4   1.89942e-05
12.5   1.72604e-05
12.6   1.56863e-05
12.7   1.42576e-05
12.8   1.29607e-05
12.9   1.17831e-05
13   1.0714e-05
13.1   9.74307e-06
13.2   8.86118e-06
13.3   8.06033e-06
13.4   7.33273e-06
13.5   6.67165e-06
13.6   6.07109e-06
13.7   5.5252e-06
13.8   5.02909e-06
13.9   4.57818e-06
14   4.16816e-06
14.1   3.79541e-06
14.2   3.45645e-06
14.3   3.14811e-06
14.4   2.8677e-06
14.5   2.61258e-06
14.6   2.38044e-06
14.7   2.16924e-06
14.8   1.97699e-06
14.9   1.802e-06
15   1.64273e-06
15.1   1.49769e-06
15.2   1.36563e-06
15.3   1.24537e-06
15.4   1.13581e-06
15.5   1.03603e-06
15.6   9.45123e-07
15.7   8.62278e-07
15.8   7.86798e-07
15.9   7.17997e-07
16   6.55283e-07
16.1   5.98121e-07
16.2   5.45994e-07
16.3   4.98466e-07
16.4   4.55128e-07
16.5   4.15593e-07
16.6   3.79536e-07
16.7   3.46644e-07
16.8   3.16629e-07
16.9   2.89246e-07
17   2.64256e-07
17.1   2.41446e-07
17.2   2.2063e-07
17.3   2.01625e-07
17.4   1.84274e-07
17.5   1.68434e-07
17.6   1.53966e-07
17.7   1.40756e-07
17.8   1.28691e-07
17.9   1.17668e-07
18   1.07601e-07
18.1   9.84031e-08
18.2   8.9998e-08
18.3   8.23191e-08
18.4   7.53008e-08
18.5   6.88863e-08
18.6   6.30242e-08
18.7   5.76646e-08
18.8   5.27652e-08
18.9   4.82863e-08
19   4.41903e-08
19.1   4.04452e-08
19.2   3.70204e-08
19.3   3.38876e-08
19.4   3.10227e-08
19.5   2.84018e-08
19.6   2.60041e-08
19.7   2.38108e-08
19.8   2.18038e-08
19.9   1.99673e-08
20   1.8287e-08
20.1   1.67489e-08
20.2   1.53414e-08
20.3   1.40531e-08
20.4   1.28737e-08
20.5   1.17942e-08
20.6   1.08058e-08
