0   0.0048603
0.1   0.00497502
0.2   0.00508974
0.3   0.00520446
0.4   0.00531917
0.5   0.00543389
0.6   0.00554861
0.7   0.00566333
0.8   0.00577805
0.9   0.00589276
1   0.00600768
1.1   0.00612501
1.2   0.00624813
1.3   0.0063781
1.4   0.00651273
1.5   0.00664988
1.6   0.00678841
1.7   0.00692738
1.8   0.00706564
1.9   0.00720188
2   0.00733491
2.1   0.00746362
2.2   0.00758693
2.3   0.00770381
2.4   0.00781326
2.5   0.00791436
2.6   0.00800623
2.7   0.00808802
2.8   0.00815899
2.9   0.00821838
3   0.00826553
3.1   0.0082998
3.2   0.0083206
3.3   0.00832738
3.4   0.00831966
3.5   0.00829699
3.6   0.00825896
3.7   0.00820525
3.8   0.00813557
3.9   0.00804974
4   0.00794764
4.1   0.00782926
4.2   0.0076947
4.3   0.00754415
4.4   0.00737799
4.5   0.00719669
4.6   0.00700091
4.7   0.00679145
4.8   0.00656928
4.9   0.00633557
5   0.00609155
5.1   0.00583872
5.2   0.00557861
5.3   0.00531289
5.4   0.00504332
5.5   0.00477168
5.6   0.00449978
5.7   0.00422941
5.8   0.00396225
5.9   0.00369998
6   0.00344404
6.1   0.00319582
6.2   0.00295649
6.3   0.00272701
6.4   0.00250822
6.5   0.00230068
6.6   0.00210485
6.7   0.00192091
6.8   0.00174896
6.9   0.00158891
7   0.00144052
7.1   0.00130351
7.2   0.00117742
7.3   0.00106179
7.4   0.000956077
7.5   0.000859703
7.6   0.000772079
7.7   0.000692601
7.79999   0.000620672
7.89999   0.000555708
7.99999   0.000497137
8.09999   0.000444425
8.2   0.000397049
8.3   0.00035453
8.4   0.000316417
8.5   0.000282284
8.6   0.000251751
8.7   0.000224454
8.8   0.000200074
8.9   0.000178309
9   0.00015889
9.1   0.000141573
9.2   0.000126134
9.3   0.000112378
9.4   0.00010012
9.5   8.92025e-05
9.6   7.94787e-05
9.7   7.08199e-05
9.8   6.31105e-05
9.9   5.62451e-05
10   5.01336e-05
10.1   4.46907e-05
10.2   3.98452e-05
10.3   3.55299e-05
10.4   3.16869e-05
10.5   2.82645e-05
10.6   2.52155e-05
10.7   2.24999e-05
10.8   2.00798e-05
10.9   1.79236e-05
11   1.60017e-05
11.1   1.42885e-05
11.2   1.27612e-05
11.3   1.13992e-05
11.4   1.01846e-05
11.5   9.10094e-06
11.6   8.13428e-06
11.7   7.27155e-06
11.8   6.50156e-06
11.9   5.81422e-06
12   5.20042e-06
12.1   4.65237e-06
12.2   4.16272e-06
12.3   3.72536e-06
12.4   3.33449e-06
12.5   2.98518e-06
12.6   2.67294e-06
12.7   2.39373e-06
12.8   2.1441e-06
12.9   1.92078e-06
13   1.72104e-06
13.1   1.5423e-06
13.2   1.38235e-06
13.3   1.2392e-06
13.4   1.11103e-06
13.5   9.9629e-07
13.6   8.93517e-07
13.7   8.01483e-07
13.8   7.19024e-07
13.9   6.45149e-07
14   5.78948e-07
14.1   5.1961e-07
14.2   4.66426e-07
14.3   4.18736e-07
14.4   3.7598e-07
14.5   3.3763e-07
14.6   3.03235e-07
14.7   2.72379e-07
14.8   2.44692e-07
14.9   2.19851e-07
15   1.97553e-07
15.1   1.77542e-07
15.2   1.59574e-07
15.3   1.43443e-07
15.4   1.28958e-07
15.5   1.15949e-07
15.6   1.04265e-07
15.7   9.37676e-08
15.8   8.4338e-08
15.9   7.58637e-08
16   6.8249e-08
16.1   6.14051e-08
16.2   5.5253e-08
16.3   4.9723e-08
16.4   4.47503e-08
16.5   4.02798e-08
16.6   3.62588e-08
16.7   3.26428e-08
16.8   2.93902e-08
16.9   2.64641e-08
17   2.38319e-08
17.1   2.14631e-08
17.2   1.93318e-08
17.3   1.74135e-08
17.4   1.56872e-08
17.5   1.41331e-08
17.6   1.27341e-08
17.7   1.14747e-08
17.8   1.03405e-08
