0   0.00808922
0.1   0.00803357
0.2   0.00797792
0.3   0.00792226
0.4   0.00786661
0.5   0.00781096
0.6   0.0077553
0.7   0.00769965
0.8   0.007644
0.9   0.00758834
1   0.00753268
1.1   0.00747639
1.2   0.0074176
1.3   0.00735458
1.4   0.00728748
1.5   0.00721731
1.6   0.00714481
1.7   0.00707028
1.8   0.00699406
1.9   0.00691662
2   0.00683853
2.1   0.00676031
2.2   0.00668247
2.3   0.00660554
2.4   0.00653002
2.5   0.00645645
2.6   0.00638533
2.7   0.00631712
2.8   0.0062523
2.9   0.00619128
3   0.00613445
3.1   0.00608217
3.2   0.00603473
3.3   0.0059924
3.4   0.00595536
3.5   0.00592376
3.6   0.00589769
3.7   0.00587716
3.8   0.00586216
3.9   0.00585256
4   0.00584823
4.1   0.00584893
4.2   0.0058544
4.3   0.00586431
4.4   0.00587825
4.5   0.00589582
4.6   0.00591653
4.7   0.00593985
4.8   0.00596524
4.9   0.0059921
5   0.00601983
5.1   0.00604778
5.2   0.00607531
5.3   0.00610175
5.4   0.00612643
5.5   0.00614867
5.6   0.00616781
5.7   0.00618319
5.8   0.00619415
5.9   0.00620007
6   0.00620032
6.1   0.00619433
6.2   0.00618154
6.3   0.00616144
6.4   0.00613353
6.5   0.0060974
6.6   0.00605267
6.7   0.00599899
6.8   0.00593612
6.9   0.00586386
7   0.00578208
7.1   0.00569075
7.2   0.0055899
7.3   0.00547967
7.4   0.00536026
7.5   0.00523201
7.6   0.00509532
7.7   0.00495068
7.79999   0.0047987
7.89999   0.00464005
7.99999   0.00447551
8.09999   0.00430589
8.2   0.0041321
8.3   0.00395507
8.4   0.00377577
8.5   0.0035952
8.6   0.00341435
8.7   0.00323419
8.8   0.00305566
8.9   0.00287967
9   0.00270705
9.1   0.00253857
9.2   0.00237491
9.3   0.00221666
9.4   0.00206435
9.5   0.00191836
9.6   0.00177903
9.7   0.00164657
9.8   0.00152112
9.9   0.00140274
10   0.00129141
10.1   0.00118707
10.2   0.00108955
10.3   0.000998687
10.4   0.000914247
10.5   0.00083597
10.6   0.000763583
10.7   0.000696784
10.8   0.000635266
10.9   0.000578717
11   0.000526824
11.1   0.000479277
11.2   0.000435777
11.3   0.000396027
11.4   0.000359749
11.5   0.000326673
11.6   0.000296545
11.7   0.000269128
11.8   0.000244193
11.9   0.000221534
12   0.000200952
12.1   0.000182267
12.2   0.000165314
12.3   0.000149934
12.4   0.000135989
12.5   0.000123346
12.6   0.000111886
12.7   0.000101501
12.8   9.20894e-05
12.9   8.3563e-05
13   7.58366e-05
13.1   6.88364e-05
13.2   6.24939e-05
13.3   5.67461e-05
13.4   5.15382e-05
13.5   4.68176e-05
13.6   4.25392e-05
13.7   3.86607e-05
13.8   3.51438e-05
13.9   3.19551e-05
14   2.90625e-05
14.1   2.64386e-05
14.2   2.40577e-05
14.3   2.18968e-05
14.4   1.99355e-05
14.5   1.81543e-05
14.6   1.65369e-05
14.7   1.50675e-05
14.8   1.37324e-05
14.9   1.2519e-05
15   1.14157e-05
15.1   1.04126e-05
15.2   9.5001e-06
15.3   8.66991e-06
15.4   7.91441e-06
15.5   7.22659e-06
15.6   6.60039e-06
15.7   6.02996e-06
15.8   5.51031e-06
15.9   5.03676e-06
16   4.60507e-06
16.1   4.21151e-06
16.2   3.85252e-06
16.3   3.52506e-06
16.4   3.22623e-06
16.5   2.95347e-06
16.6   2.70446e-06
16.7   2.47702e-06
16.8   2.26929e-06
16.9   2.07947e-06
17   1.90599e-06
17.1   1.7474e-06
17.2   1.60237e-06
17.3   1.46974e-06
17.4   1.34838e-06
17.5   1.23734e-06
17.6   1.13569e-06
17.7   1.04263e-06
17.8   9.57411e-07
17.9   8.79343e-07
18   8.07823e-07
18.1   7.42278e-07
18.2   6.82195e-07
18.3   6.27113e-07
18.4   5.76594e-07
18.5   5.30258e-07
18.6   4.87744e-07
18.7   4.48729e-07
18.8   4.12921e-07
18.9   3.80042e-07
19   3.49853e-07
19.1   3.22123e-07
19.2   2.96648e-07
19.3   2.73241e-07
19.4   2.51727e-07
19.5   2.31952e-07
19.6   2.13768e-07
19.7   1.97047e-07
19.8   1.81666e-07
19.9   1.67516e-07
20   1.54496e-07
20.1   1.42512e-07
20.2   1.31481e-07
20.3   1.21324e-07
20.4   1.11971e-07
20.5   1.03357e-07
20.6   9.54209e-08
20.7   8.81092e-08
20.8   8.13706e-08
20.9   7.51595e-08
21   6.94339e-08
21.1   6.41542e-08
21.2   5.92856e-08
21.3   5.47947e-08
21.4   5.06518e-08
21.5   4.68293e-08
21.6   4.33016e-08
21.7   4.00459e-08
21.8   3.70401e-08
21.9   3.42651e-08
22   3.17025e-08
22.1   2.93356e-08
22.2   2.71495e-08
22.3   2.51295e-08
22.4   2.32633e-08
22.5   2.15385e-08
22.6   1.99442e-08
22.7001   1.84706e-08
22.8001   1.71079e-08
22.9001   1.5848e-08
23.0001   1.46827e-08
23.1001   1.36049e-08
23.2001   1.26078e-08
23.3001   1.16852e-08
23.4001   1.08315e-08
23.5001   1.00414e-08
23.6001   9.3101e-09
23.7001   8.6331e-09
23.8001   8.00626e-09
23.9001   7.42585e-09
24.0001   6.88829e-09
24.1001   6.39042e-09
24.2001   5.92921e-09
24.3001   5.5019e-09
24.4001   5.10598e-09
24.5001   4.73906e-09
24.6001   4.39902e-09
24.7001   4.08381e-09
24.8001   3.7916e-09
24.9001   3.52069e-09
25.0001   3.26946e-09
25.1001   3.0365e-09
25.2001   2.82043e-09
25.3001   2.62e-09
25.4001   2.43407e-09
25.5001   2.26155e-09
25.6001   2.10149e-09
25.7001   1.95293e-09
25.8001   1.81507e-09
25.9001   1.6871e-09
26.0001   1.5683e-09
26.1001   1.45801e-09
26.2001   1.3556e-09
26.3001   1.26051e-09
26.4001   1.17219e-09
26.5001   1.09016e-09
26.6001   1.01397e-09
