0   0.0746537
0.1   0.0735762
0.2   0.0724989
0.3   0.0714216
0.4   0.0703442
0.5   0.0692657
0.6   0.06812
0.7   0.0668148
0.8   0.0654024
0.9   0.0639195
1   0.0624069
1.1   0.0609095
1.2   0.0594713
1.3   0.0581355
1.4   0.0569413
1.5   0.0559223
1.6   0.0551046
1.7   0.0545048
1.8   0.0541296
1.9   0.0539749
2   0.0540255
2.1   0.0542562
2.2   0.0546324
2.3   0.0551112
2.4   0.0556438
2.5   0.0561764
2.6   0.0566527
2.7   0.0570157
2.8   0.0572092
2.9   0.0571798
3   0.0568784
3.1   0.0562624
3.2   0.0552971
3.3   0.053958
3.4   0.052233
3.5   0.0501238
3.6   0.0476484
3.7   0.0448411
3.8   0.041753
3.9   0.0384497
4   0.0350078
4.1   0.0315102
4.2   0.0280404
4.3   0.0246761
4.4   0.0214846
4.5   0.0185185
4.6   0.015814
4.7   0.0133907
4.8   0.0112537
4.9   0.00939563
5   0.00780017
5.1   0.00644496
5.2   0.00530444
5.3   0.00435208
5.4   0.00356202
5.5   0.00291007
5.6   0.00237439
5.7   0.00193571
5.8   0.00157739
5.9   0.00128527
6   0.00104742
6.1   0.00085393
6.2   0.000696591
6.3   0.000568661
6.4   0.000464621
6.5   0.000379975
6.6   0.000311067
6.7   0.00025493
6.8   0.000209159
6.9   0.000171802
7   0.000141283
7.1   0.000116322
7.2   9.58833e-05
7.3   7.91291e-05
7.4   6.53792e-05
7.5   5.40815e-05
7.6   4.47877e-05
7.7   3.71333e-05
7.79999   3.08215e-05
7.89999   2.56108e-05
7.99999   2.13041e-05
8.09999   1.77405e-05
8.2   1.47884e-05
8.3   1.23403e-05
8.4   1.03078e-05
8.5   8.61858e-06
8.6   7.21312e-06
8.7   6.04255e-06
8.8   5.06664e-06
8.9   4.25219e-06
9   3.57184e-06
9.1   3.00295e-06
9.2   2.52682e-06
9.3   2.12794e-06
9.4   1.79348e-06
9.5   1.51279e-06
9.6   1.27702e-06
9.7   1.07882e-06
9.8   9.12064e-07
9.9   7.71643e-07
10   6.53306e-07
10.1   5.53501e-07
10.2   4.69263e-07
10.3   3.98111e-07
10.4   3.37968e-07
10.5   2.87095e-07
10.6   2.44032e-07
10.7   2.07555e-07
10.8   1.76636e-07
10.9   1.50411e-07
11   1.28153e-07
11.1   1.0925e-07
11.2   9.31873e-08
11.3   7.95288e-08
11.4   6.7908e-08
11.5   5.80151e-08
11.6   4.95884e-08
11.7   4.24068e-08
11.8   3.62828e-08
11.9   3.10581e-08
12   2.65981e-08
12.1   2.27889e-08
12.2   1.9534e-08
12.3   1.67513e-08
12.4   1.43712e-08
12.5   1.23345e-08
12.6   1.05908e-08
12.7   9.09729e-09
12.8   7.8175e-09
12.9   6.72035e-09
13   5.77939e-09
13.1   4.97204e-09
13.2   4.27904e-09
13.3   3.68396e-09
13.4   3.17276e-09
13.5   2.73345e-09
13.6   2.35576e-09
13.7   2.03093e-09
13.8   1.75147e-09
13.9   1.51095e-09
14   1.30387e-09
14.1   1.12552e-09
