0   0.00751165
0.1   0.00746123
0.2   0.00741081
0.3   0.00736039
0.4   0.00730997
0.5   0.00725955
0.6   0.00720913
0.7   0.00715871
0.8   0.00710829
0.9   0.00705787
1   0.00700745
1.1   0.00695675
1.2   0.00690431
1.3   0.00684847
1.4   0.00678879
1.5   0.0067261
1.6   0.00666118
1.7   0.00659437
1.8   0.00652592
1.9   0.0064562
2   0.00638567
2.1   0.00631481
2.2   0.00624405
2.3   0.00617384
2.4   0.00610463
2.5   0.00603687
2.6   0.00597101
2.7   0.00590745
2.8   0.00584663
2.9   0.00578891
3   0.00573466
3.1   0.00568421
3.2   0.00563784
3.3   0.0055958
3.4   0.00555831
3.5   0.00552553
3.6   0.00549757
3.7   0.0054745
3.8   0.00545634
3.9   0.00544305
4   0.00543453
4.1   0.00543066
4.2   0.00543125
4.3   0.00543605
4.4   0.00544479
4.5   0.00545712
4.6   0.0054727
4.7   0.00549111
4.8   0.00551189
4.9   0.00553459
5   0.0055587
5.1   0.00558369
5.2   0.00560902
5.3   0.00563412
5.4   0.00565844
5.5   0.00568139
5.6   0.0057024
5.7   0.00572087
5.8   0.00573625
5.9   0.00574796
6   0.00575545
6.1   0.00575819
6.2   0.00575566
6.3   0.00574736
6.4   0.00573284
6.5   0.00571167
6.6   0.00568343
6.7   0.00564779
6.8   0.00560443
6.9   0.00555308
7   0.00549355
7.1   0.00542567
7.2   0.00534937
7.3   0.00526462
7.4   0.00517148
7.5   0.00507008
7.6   0.00496061
7.7   0.00484338
7.79999   0.00471872
7.89999   0.00458709
7.99999   0.00444902
8.09999   0.00430509
8.2   0.00415595
8.3   0.00400234
8.4   0.00384501
8.5   0.00368478
8.6   0.00352249
8.7   0.00335898
8.8   0.00319512
8.9   0.00303174
9   0.00286967
9.1   0.00270969
9.2   0.00255253
9.3   0.00239887
9.4   0.00224932
9.5   0.0021044
9.6   0.00196461
9.7   0.00183028
9.8   0.00170174
9.9   0.00157922
10   0.00146284
10.1   0.00135271
10.2   0.00124882
10.3   0.00115114
10.4   0.00105957
10.5   0.000973963
10.6   0.000894157
10.7   0.000819935
10.8   0.000751069
10.9   0.000687312
11   0.000628402
11.1   0.000574073
11.2   0.000524055
11.3   0.000478078
11.4   0.000435877
11.5   0.000397195
11.6   0.000361777
11.7   0.000329388
11.8   0.000299795
11.9   0.00027278
12   0.000248142
12.1   0.000225683
12.2   0.000205227
12.3   0.000186604
12.4   0.000169657
12.5   0.000154243
12.6   0.000140227
12.7   0.000127487
12.8   0.000115909
12.9   0.000105389
13   9.58337e-05
13.1   8.71524e-05
13.2   7.92681e-05
13.3   7.21071e-05
13.4   6.56028e-05
13.5   5.9696e-05
13.6   5.433e-05
13.7   4.94564e-05
13.8   4.50288e-05
13.9   4.10059e-05
14   3.7351e-05
14.1   3.40289e-05
14.2   3.10097e-05
14.3   2.8265e-05
14.4   2.57691e-05
14.5   2.34997e-05
14.6   2.1435e-05
14.7   1.95568e-05
14.8   1.78476e-05
14.9   1.62918e-05
15   1.48755e-05
15.1   1.35856e-05
15.2   1.24109e-05
15.3   1.13406e-05
15.4   1.03652e-05
15.5   9.47622e-06
15.6   8.66558e-06
15.7   7.92638e-06
15.8   7.25205e-06
15.9   6.63674e-06
16   6.07524e-06
16.1   5.56256e-06
16.2   5.09446e-06
16.3   4.6669e-06
16.4   4.27626e-06
16.5   3.91932e-06
16.6   3.593e-06
16.7   3.29468e-06
16.8   3.02184e-06
16.9   2.77225e-06
17   2.5439e-06
17.1   2.33488e-06
17.2   2.14354e-06
17.3   1.96834e-06
17.4   1.80786e-06
17.5   1.66086e-06
17.6   1.52614e-06
17.7   1.40267e-06
17.8   1.28947e-06
17.9   1.18566e-06
18   1.09045e-06
18.1   1.00309e-06
18.2   9.22937e-07
18.3   8.49363e-07
18.4   7.81814e-07
18.5   7.19792e-07
18.6   6.62819e-07
18.7   6.10483e-07
18.8   5.62392e-07
18.9   5.1819e-07
19   4.77559e-07
19.1   4.40196e-07
19.2   4.05837e-07
19.3   3.7423e-07
19.4   3.45149e-07
19.5   3.1839e-07
19.6   2.93757e-07
19.7   2.71081e-07
19.8   2.502e-07
19.9   2.30968e-07
20   2.13254e-07
20.1   1.96932e-07
20.2   1.81892e-07
20.3   1.68029e-07
20.4   1.55248e-07
20.5   1.43465e-07
20.6   1.32597e-07
20.7   1.22573e-07
20.8   1.13326e-07
20.9   1.04793e-07
21   9.69181e-08
21.1   8.96489e-08
21.2   8.29383e-08
21.3   7.67419e-08
21.4   7.10191e-08
21.5   6.57336e-08
21.6   6.08501e-08
21.7   5.63381e-08
21.8   5.21683e-08
21.9   4.83141e-08
22   4.47514e-08
22.1   4.1457e-08
22.2   3.84108e-08
22.3   3.55934e-08
22.4   3.29871e-08
22.5   3.05761e-08
22.6   2.83449e-08
22.7001   2.62802e-08
22.8001   2.43692e-08
22.9001   2.26e-08
23.0001   2.09622e-08
23.1001   1.94454e-08
23.2001   1.80408e-08
23.3001   1.67397e-08
23.4001   1.55344e-08
23.5001   1.44178e-08
23.6001   1.3383e-08
23.7001   1.2424e-08
23.8001   1.15351e-08
23.9001   1.07111e-08
24.0001   9.9472e-09
24.1001   9.23878e-09
24.2001   8.58186e-09
24.3001   7.97255e-09
24.4001   7.40734e-09
24.5001   6.883e-09
24.6001   6.39646e-09
24.7001   5.94499e-09
24.8001   5.526e-09
24.9001   5.13707e-09
25.0001   4.77606e-09
25.1001   4.44087e-09
25.2001   4.12965e-09
25.3001   3.84064e-09
25.4001   3.57222e-09
25.5001   3.32291e-09
25.6001   3.09131e-09
25.7001   2.87614e-09
25.8001   2.67622e-09
25.9001   2.49043e-09
26.0001   2.31778e-09
26.1001   2.1573e-09
26.2001   2.00812e-09
26.3001   1.86944e-09
26.4001   1.7405e-09
26.5001   1.62061e-09
26.6001   1.50911e-09
26.7001   1.40541e-09
26.8001   1.30896e-09
26.9001   1.21923e-09
27.0001   1.13576e-09
27.1001   1.0581e-09
