0   0.00594512
0.1   0.00590821
0.2   0.00587129
0.3   0.00583438
0.4   0.00579747
0.5   0.00576056
0.6   0.00572365
0.7   0.00568674
0.8   0.00564982
0.9   0.00561291
1   0.005576
1.1   0.00553909
1.2   0.00550187
1.3   0.00546337
1.4   0.00542253
1.5   0.00537906
1.6   0.00533348
1.7   0.0052863
1.8   0.0052378
1.9   0.00518813
2   0.00513747
2.1   0.00508611
2.2   0.00503434
2.3   0.00498245
2.4   0.00493071
2.5   0.00487941
2.6   0.00482882
2.7   0.00477923
2.8   0.00473091
2.9   0.00468413
3   0.00463915
3.1   0.00459621
3.2   0.00455554
3.3   0.00451736
3.4   0.00448186
3.5   0.00444919
3.6   0.00441953
3.7   0.00439298
3.8   0.00436963
3.9   0.00434957
4   0.00433281
4.1   0.00431938
4.2   0.00430925
4.3   0.00430237
4.4   0.00429866
4.5   0.004298
4.6   0.00430027
4.7   0.00430529
4.8   0.00431287
4.9   0.0043228
5   0.00433483
5.1   0.0043487
5.2   0.00436414
5.3   0.00438083
5.4   0.00439847
5.5   0.00441673
5.6   0.00443526
5.7   0.00445372
5.8   0.00447176
5.9   0.004489
6   0.00450509
6.1   0.00451967
6.2   0.00453237
6.3   0.00454283
6.4   0.00455071
6.5   0.00455566
6.6   0.00455734
6.7   0.00455544
6.8   0.00454964
6.9   0.00453966
7   0.00452522
7.1   0.00450606
7.2   0.00448196
7.3   0.00445272
7.4   0.00441815
7.5   0.0043781
7.6   0.00433247
7.7   0.00428116
7.79999   0.00422414
7.89999   0.0041614
7.99999   0.00409299
8.09999   0.00401898
8.2   0.00393949
8.3   0.0038547
8.4   0.00376484
8.5   0.00367015
8.6   0.00357097
8.7   0.00346763
8.8   0.00336052
8.9   0.00325009
9   0.00313678
9.1   0.0030211
9.2   0.00290355
9.3   0.00278465
9.4   0.00266495
9.5   0.00254499
9.6   0.00242528
9.7   0.00230634
9.8   0.00218868
9.9   0.00207276
10   0.00195902
10.1   0.00184786
10.2   0.00173965
10.3   0.00163469
10.4   0.00153327
10.5   0.00143561
10.6   0.00134188
10.7   0.00125224
10.8   0.00116676
10.9   0.0010855
11   0.00100847
11.1   0.00093566
11.2   0.000867013
11.3   0.000802446
11.4   0.000741863
11.5   0.000685145
11.6   0.00063215
11.7   0.000582735
11.8   0.000536741
11.9   0.000494001
12   0.000454351
12.1   0.00041762
12.2   0.000383638
12.3   0.00035224
12.4   0.000323264
12.5   0.00029655
12.6   0.000271945
12.7   0.000249304
12.8   0.000228485
12.9   0.000209356
13   0.000191793
13.1   0.000175674
13.2   0.000160891
13.3   0.000147337
13.4   0.000134916
13.5   0.000123538
13.6   0.000113118
13.7   0.000103577
13.8   9.48447e-05
13.9   8.68516e-05
14   7.95383e-05
14.1   7.28467e-05
14.2   6.67241e-05
14.3   6.11237e-05
14.4   5.59996e-05
14.5   5.13121e-05
14.6   4.70243e-05
14.7   4.31008e-05
14.8   3.95115e-05
14.9   3.62274e-05
15   3.32217e-05
15.1   3.04714e-05
15.2   2.79539e-05
15.3   2.56493e-05
15.4   2.35396e-05
15.5   2.16075e-05
15.6   1.98382e-05
15.7   1.82176e-05
15.8   1.67327e-05
15.9   1.53723e-05
16   1.41255e-05
16.1   1.29825e-05
16.2   1.19348e-05
16.3   1.09738e-05
16.4   1.00925e-05
16.5   9.28402e-06
16.6   8.54208e-06
16.7   7.86123e-06
16.8   7.23622e-06
16.9   6.66229e-06
17   6.1353e-06
17.1   5.65117e-06
17.2   5.20637e-06
17.3   4.79765e-06
17.4   4.42192e-06
17.5   4.07651e-06
17.6   3.75888e-06
17.7   3.46671e-06
17.8   3.19795e-06
17.9   2.95063e-06
18   2.72299e-06
18.1   2.51345e-06
18.2   2.32049e-06
18.3   2.14279e-06
18.4   1.97911e-06
18.5   1.82827e-06
18.6   1.68928e-06
18.7   1.56117e-06
18.8   1.44304e-06
18.9   1.33412e-06
19   1.23366e-06
19.1   1.14097e-06
19.2   1.05546e-06
19.3   9.76529e-07
19.4   9.03676e-07
19.5   8.36412e-07
19.6   7.74291e-07
19.7   7.16921e-07
19.8   6.63916e-07
19.9   6.14939e-07
20   5.6968e-07
20.1   5.2784e-07
20.2   4.89159e-07
20.3   4.53392e-07
20.4   4.20309e-07
20.5   3.89708e-07
20.6   3.61395e-07
20.7   3.35193e-07
20.8   3.10944e-07
20.9   2.88493e-07
21   2.67708e-07
21.1   2.48461e-07
21.2   2.30632e-07
21.3   2.14117e-07
21.4   1.98816e-07
21.5   1.84635e-07
21.6   1.71493e-07
21.7   1.5931e-07
21.8   1.48014e-07
21.9   1.37541e-07
22   1.27826e-07
22.1   1.18815e-07
22.2   1.10456e-07
22.3   1.02698e-07
22.4   9.54996e-08
22.5   8.88177e-08
22.6   8.26146e-08
22.7001   7.68558e-08
22.8001   7.15076e-08
22.9001   6.65407e-08
23.0001   6.19272e-08
23.1001   5.76409e-08
23.2001   5.36585e-08
23.3001   4.99577e-08
23.4001   4.65179e-08
23.5001   4.33208e-08
23.6001   4.03482e-08
23.7001   3.75844e-08
23.8001   3.50143e-08
23.9001   3.26238e-08
24.0001   3.04003e-08
24.1001   2.83317e-08
24.2001   2.64069e-08
24.3001   2.4616e-08
24.4001   2.29491e-08
24.5001   2.13975e-08
24.6001   1.99532e-08
24.7001   1.86084e-08
24.8001   1.73563e-08
24.9001   1.61902e-08
25.0001   1.51041e-08
25.1001   1.40925e-08
25.2001   1.315e-08
25.3001   1.22718e-08
25.4001   1.14536e-08
25.5001   1.0691e-08
25.6001   9.98021e-09
25.7001   9.31769e-09
25.8001   8.69999e-09
25.9001   8.12411e-09
26.0001   7.5871e-09
26.1001   7.08628e-09
26.2001   6.61921e-09
26.3001   6.1835e-09
26.4001   5.77704e-09
26.5001   5.39784e-09
26.6001   5.04398e-09
26.7001   4.71379e-09
26.8001   4.40562e-09
26.9001   4.11797e-09
27.0001   3.84947e-09
27.1001   3.5988e-09
27.2001   3.36475e-09
27.3001   3.14623e-09
27.4001   2.94214e-09
27.5001   2.75154e-09
27.6001   2.57351e-09
27.7001   2.4072e-09
27.8001   2.25185e-09
27.9001   2.10669e-09
28.0001   1.97106e-09
28.1001   1.84432e-09
28.2001   1.72586e-09
28.3001   1.61515e-09
28.4001   1.51167e-09
28.5001   1.41492e-09
28.6001   1.32448e-09
28.7001   1.23992e-09
28.8001   1.16084e-09
28.9001   1.0869e-09
29.0001   1.01774e-09
