0.10	-2.3575987419E+02
0.20	-2.3572409109E+02
0.30	-2.3570962771E+02
0.40	-2.3570435325E+02
0.50	-2.3570498663E+02
0.60	-2.3571048303E+02
0.70	-2.3572040857E+02
0.80	-2.3573456186E+02
0.90	-2.3575303619E+02
1.00	-2.3577002966E+02
1.10	-2.3578582844E+02
1.20	-2.3580481650E+02
1.30	-2.3582415759E+02
1.40	-2.3584373083E+02
1.50	-2.3586573904E+02
1.60	-2.3588829379E+02
1.70	-2.3590920480E+02
1.80	-2.3593248210E+02
1.90	-2.3595584432E+02
2.00	-2.3597785471E+02
2.10	-2.3600080567E+02
2.20	-2.3602424510E+02
2.30	-2.3604583853E+02
2.40	-2.3606760821E+02
2.50	-2.3608948059E+02
2.60	-2.3610971285E+02
2.70	-2.3612970303E+02
2.80	-2.3614850836E+02
2.90	-2.3616701442E+02
3.00	-2.3618420599E+02
3.10	-2.3619973527E+02
3.20	-2.3621515886E+02
3.30	-2.3622996605E+02
3.40	-2.3624163874E+02
3.50	-2.3625414114E+02
3.60	-2.3626595464E+02
3.70	-2.3627428469E+02
3.80	-2.3628337407E+02
3.90	-2.3629309620E+02
4.00	-2.3629832830E+02
4.10	-2.3630419849E+02
4.20	-2.3631169520E+02
4.30	-2.3631520349E+02
4.40	-2.3631793085E+02
4.50	-2.3632384796E+02
4.60	-2.3632593282E+02
4.70	-2.3632578913E+02
4.80	-2.3633045080E+02
4.90	-2.3633149216E+02
5.00	-2.3632997603E+02
5.10	-2.3633254109E+02
5.20	-2.3633345757E+02
5.30	-2.3633027701E+02
5.40	-2.3633158004E+02
5.50	-2.3633173496E+02
5.60	-2.3632806223E+02
5.70	-2.3632791082E+02
5.80	-2.3632691118E+02
5.90	-2.3632368883E+02
6.00	-2.3632152811E+02
6.10	-2.3632032609E+02
6.20	-2.3631640819E+02
6.30	-2.3631380164E+02
6.40	-2.3631226384E+02
6.50	-2.3630857227E+02
6.60	-2.3630535039E+02
6.70	-2.3630306803E+02
6.80	-2.3630043773E+02
6.90	-2.3629812480E+02
7.00	-2.3629553023E+02
7.10	-2.3629395783E+02
7.20	-2.3629305711E+02
7.30	-2.3629099674E+02
7.40	-2.3629082372E+02
7.50	-2.3629200500E+02
7.60	-2.3629126831E+02
7.70	-2.3629281782E+02
7.80	-2.3629647512E+02
7.90	-2.3629771306E+02
8.00	-2.3630075455E+02
8.10	-2.3630709459E+02
8.20	-2.3631051611E+02
8.30	-2.3631453256E+02
8.40	-2.3632318196E+02
8.50	-2.3632828581E+02
8.60	-2.3633240661E+02
8.70	-2.3634191315E+02
8.80	-2.3634787266E+02
8.90	-2.3635018700E+02
9.00	-2.3635831815E+02
9.10	-2.3636340463E+02
9.20	-2.3636160282E+02
9.30	-2.3636502505E+02
9.40	-2.3636671036E+02
9.50	-2.3635790861E+02
9.60	-2.3635278007E+02
9.70	-2.3634728340E+02
9.80	-2.3632861526E+02
9.90	-2.3631113813E+02
10.00	-2.3629348922E+02
10.10	-2.3626263065E+02
10.20	-2.3622917648E+02
10.30	-2.3619460049E+02
10.40	-2.3614901609E+02
10.50	-2.3609761012E+02
10.60	-2.3604205645E+02
10.70	-2.3597986964E+02
10.80	-2.3591005695E+02
10.90	-2.3583166429E+02
11.00	-2.3575086728E+02
11.10	-2.3566460748E+02
11.20	-2.3556418759E+02
11.30	-2.3546391284E+02
11.40	-2.3536415388E+02
11.50	-2.3524583290E+02
11.60	-2.3512653949E+02
11.70	-2.3501703592E+02
11.80	-2.3488672795E+02
11.90	-2.3475153902E+02
12.00	-2.3463564034E+02
12.10	-2.3450023833E+02
12.20	-2.3435473308E+02
12.30	-2.3423497519E+02
12.40	-2.3410073306E+02
12.50	-2.3395230638E+02
12.60	-2.3383094117E+02
12.70	-2.3370233289E+02
12.80	-2.3355890462E+02
12.90	-2.3343808160E+02
13.00	-2.3331775578E+02
13.10	-2.3318568029E+02
13.20	-2.3306840365E+02
13.30	-2.3295722910E+02
13.40	-2.3284036977E+02
13.50	-2.3273042658E+02
13.60	-2.3262795334E+02
13.70	-2.3252753444E+02
13.80	-2.3242896611E+02
13.90	-2.3233405371E+02
14.00	-2.3224919632E+02
14.10	-2.3216535816E+02
14.20	-2.3207709622E+02
14.30	-2.3200537459E+02
14.40	-2.3193845751E+02
14.50	-2.3185654553E+02
14.60	-2.3179483956E+02
14.70	-2.3174537280E+02
14.80	-2.3167021649E+02
14.90	-2.3161554579E+02
15.00	-2.3158214212E+02
15.10	-2.3151506778E+02
15.20	-2.3146468480E+02
15.30	-2.3144456910E+02
15.40	-2.3138755272E+02
15.50	-2.3133933373E+02
15.60	-2.3132893230E+02
15.70	-2.3128373147E+02
15.80	-2.3123619269E+02
15.90	-2.3123194747E+02
16.00	-2.3119977167E+02
16.10	-2.3115219073E+02
16.20	-2.3115078469E+02
16.30	-2.3113205402E+02
16.40	-2.3108441850E+02
16.50	-2.3108319523E+02
16.60	-2.3107728228E+02
16.70	-2.3103035087E+02
16.80	-2.3102710674E+02
16.90	-2.3103270680E+02
17.00	-2.3098768139E+02
17.10	-2.3098095276E+02
17.20	-2.3099586996E+02
17.30	-2.3095436739E+02
17.40	-2.3094335230E+02
17.50	-2.3096477641E+02
17.60	-2.3092882769E+02
17.70	-2.3091319461E+02
17.80	-2.3093785036E+02
17.90	-2.3090959728E+02
18.00	-2.3088923613E+02
18.10	-2.3091428713E+02
18.20	-2.3089518170E+02
18.30	-2.3087039932E+02
18.40	-2.3089366217E+02
18.50	-2.3088433140E+02
18.60	-2.3085584701E+02
18.70	-2.3087560585E+02
18.80	-2.3087603815E+02
18.90	-2.3084492028E+02
19.00	-2.3085989403E+02
19.10	-2.3086933297E+02
19.20	-2.3083694310E+02
19.30	-2.3084635643E+02
19.40	-2.3086350606E+02
19.50	-2.3083144346E+02
19.60	-2.3083497130E+02
19.70	-2.3085795288E+02
19.80	-2.3082800378E+02
19.90	-2.3082559094E+02
20.00	-2.3085215062E+02
20.10	-2.3082620259E+02
20.20	-2.3081813414E+02
20.30	-2.3084566426E+02
20.40	-2.3082561725E+02
20.50	-2.3081226826E+02
20.60	-2.3083874248E+02
20.70	-2.3082580504E+02
20.80	-2.3080771164E+02
20.90	-2.3083136791E+02
21.00	-2.3082621313E+02
21.10	-2.3080420206E+02
21.20	-2.3082386688E+02
21.30	-2.3082649543E+02
21.40	-2.3080162326E+02
21.50	-2.3081649374E+02
21.60	-2.3082621699E+02
21.70	-2.3079982649E+02
21.80	-2.3080933940E+02
21.90	-2.3082527196E+02
22.00	-2.3079875685E+02
22.10	-2.3080287616E+02
22.20	-2.3082341353E+02
22.30	-2.3079842732E+02
22.40	-2.3079721697E+02
22.50	-2.3082063886E+02
22.60	-2.3079887667E+02
22.70	-2.3079268272E+02
22.80	-2.3081697290E+02
22.90	-2.3080023082E+02
23.00	-2.3078954498E+02
23.10	-2.3081306533E+02
23.20	-2.3080267885E+02
23.30	-2.3078823007E+02
23.40	-2.3080992727E+02
23.50	-2.3080691391E+02
23.60	-2.3078995312E+02
23.70	-2.3080943518E+02
23.80	-2.3081459561E+02
23.90	-2.3079704256E+02
24.00	-2.3081470268E+02
24.10	-2.3082883595E+02
24.20	-2.3081307526E+02
24.30	-2.3082992989E+02
24.40	-2.3085366237E+02
24.50	-2.3084265490E+02
24.60	-2.3086015274E+02
24.70	-2.3089402357E+02
24.80	-2.3089067819E+02
24.90	-2.3091085130E+02
25.00	-2.3095528410E+02
25.10	-2.3096365785E+02
25.20	-2.3098934816E+02
25.30	-2.3104544314E+02
25.40	-2.3106995524E+02
25.50	-2.3110444415E+02
25.60	-2.3117384196E+02
25.70	-2.3121911180E+02
25.80	-2.3126715010E+02
25.90	-2.3135375398E+02
26.00	-2.3142627809E+02
26.10	-2.3149557236E+02
26.20	-2.3160647094E+02
26.30	-2.3171341142E+02
26.40	-2.3180111355E+02
26.50	-2.3188711205E+02
26.60	-2.3182631109E+02
26.70	-2.3130995534E+02
26.80	-2.3005279049E+02
26.90	-2.2920735535E+02
27.00	9.0548420683E+01
27.10	-5.5940350095E+03
27.20	1.5233408811E+04
27.30	5.4472539415E+04
