# 1s 1/2
0.10	1.9016656939E+00
0.20	1.8918735425E+00
0.30	1.8756016068E+00
0.40	1.8530106035E+00
0.50	1.8243257175E+00
0.60	1.7898328098E+00
0.70	1.7498723097E+00
0.80	1.7048281041E+00
0.90	1.6551259986E+00
1.00	1.6012273547E+00
1.10	1.5436232746E+00
1.21	1.4828260946E+00
1.31	1.4193631614E+00
1.41	1.3537689073E+00
1.51	1.2865782128E+00
1.61	1.2183191188E+00
1.71	1.1495064487E+00
1.81	1.0806356177E+00
1.91	1.0121771148E+00
2.01	9.4457234589E-01
2.11	8.7822871873E-01
2.21	8.1351626088E-01
2.31	7.5076451608E-01
2.41	6.9026155926E-01
2.51	6.3225207280E-01
2.61	5.7693725266E-01
2.71	5.2447469356E-01
2.81	4.7498001421E-01
2.91	4.2852809752E-01
3.01	3.8515559085E-01
3.11	3.4486340069E-01
3.22	3.0761994580E-01
3.32	2.7336455200E-01
3.42	2.4201115935E-01
3.52	2.1345216649E-01
3.62	1.8756225463E-01
3.72	1.6420222571E-01
3.82	1.4322253515E-01
3.92	1.2446679060E-01
4.02	1.0777478996E-01
4.12	9.2985433334E-02
4.22	7.9939182095E-02
4.32	6.8480224291E-02
4.42	5.8458178105E-02
4.52	4.9729518794E-02
4.62	4.2158630123E-02
4.72	3.5618563817E-02
4.82	2.9991527428E-02
4.92	2.5169099826E-02
5.02	2.1052246389E-02
5.12	1.7551142641E-02
5.23	1.4584893860E-02
5.33	1.2081105674E-02
5.43	9.9754038787E-03
5.53	8.2108709960E-03
5.63	6.7374853385E-03
5.73	5.5115145112E-03
5.83	4.4949388444E-03
5.93	3.6548640801E-03
6.03	2.9629808926E-03
6.13	2.3950348492E-03
6.23	1.9303504575E-03
6.33	1.5513770672E-03
6.43	1.2432882463E-03
6.53	9.9360834135E-04
6.63	7.9188875670E-04
6.73	6.2941168562E-04
6.83	4.9893517542E-04
6.93	3.9446464010E-04
7.03	3.1105936249E-04
7.13	2.4466133916E-04
7.24	1.9195100889E-04
7.34	1.5022195030E-04
7.44	1.1727604847E-04
7.54	9.1333838983E-05
7.64	7.0959970301E-05
7.74	5.5000408245E-05
7.84	4.2530377885E-05
7.94	3.2811206870E-05
8.04	2.5254648019E-05
8.14	1.9393728228E-05
8.24	1.4858787651E-05
8.34	1.1358164634E-05
8.44	8.6622868255E-06
8.54	6.5910137510E-06
8.64	5.0033155235E-06
8.74	3.7891286570E-06
8.84	2.8627369341E-06
8.94	2.1575909899E-06
9.04	1.6221225796E-06
9.14	1.2164805658E-06
9.25	9.0993361278E-07
9.35	6.7884899888E-07
9.45	5.0509143441E-07
9.55	3.7477777116E-07
9.65	2.7730497076E-07
9.75	2.0459439513E-07
9.85	1.5050642520E-07
9.95	1.1038598908E-07
10.05	8.0713205821E-08
10.15	5.8832963541E-08
10.25	4.2748218941E-08
10.35	3.0960829371E-08
10.45	2.2350252658E-08
10.55	1.6080765291E-08
10.65	1.1530953321E-08
10.75	8.2402464644E-09
10.85	5.8683208779E-09
10.95	4.1645888529E-09
11.05	2.9450940651E-09
11.15	2.0753152434E-09
11.26	1.4571757754E-09
11.36	1.0194706272E-09
11.46	7.1065695929E-10
11.56	4.9358650834E-10
11.66	3.4156396775E-10
11.76	2.3549577025E-10
11.86	1.6176540597E-10
11.96	1.1070809114E-10
12.06	7.5483855746E-11
12.16	5.1275621416E-11
12.26	3.4700866046E-11
12.36	2.3396165969E-11
12.46	1.5715019814E-11
12.56	1.0516098196E-11
12.66	7.0106039963E-12
12.76	4.6560976962E-12
12.86	3.0806777976E-12
12.96	2.0306398296E-12
13.06	1.3334424619E-12
13.16	8.7232065331E-13
13.27	5.6850118952E-13
13.37	3.6910154850E-13
13.47	2.3873296094E-13
13.57	1.5382834768E-13
13.67	9.8744236078E-14
13.77	6.3145890192E-14
13.87	4.0228173328E-14
13.97	2.5531288443E-14
14.07	1.6142354795E-14
14.17	1.0167602537E-14
14.27	6.3800310927E-15
14.37	3.9882715419E-15
14.47	2.4837036205E-15
14.57	1.5408938813E-15
14.67	9.5235687704E-16
14.77	5.8638841537E-16
14.87	3.5968825320E-16
14.97	2.1979923486E-16
15.07	1.3380803499E-16
15.17	8.1151751967E-17
15.28	4.9031026643E-17
15.38	2.9512403514E-17
15.48	1.7696884340E-17
15.58	1.0571829376E-17
15.68	6.2916329682E-18
15.78	3.7302584381E-18
15.88	2.2033114556E-18
15.98	1.2965083233E-18
16.08	7.6004044666E-19
16.18	4.4387580614E-19
16.28	2.5825572796E-19
16.38	1.4969339806E-19
16.48	8.6441067599E-20
16.58	4.9728172437E-20
16.68	2.8500396508E-20
16.78	1.6272900824E-20
16.88	9.2564876705E-21
16.98	5.2455825042E-21
17.08	2.9614844149E-21
17.18	1.6656835497E-21
17.29	9.3335154187E-22
17.39	5.2103339026E-22
17.49	2.8977169052E-22
17.59	1.6055179716E-22
17.69	8.8623025563E-23
17.79	4.8735666035E-23
17.89	2.6700472508E-23
17.99	1.4573396760E-23
18.09	7.9245879506E-24
18.19	4.2930239482E-24
18.29	2.3169899460E-24
18.39	1.2458225633E-24
18.49	6.6736544275E-25
18.59	3.5615832842E-25
18.69	1.8936445240E-25
18.79	1.0030586410E-25
18.89	5.2933580465E-26
18.99	2.7829752388E-26
19.09	1.4576890542E-26
19.19	7.6066670912E-27
19.30	3.9546022029E-27
19.40	2.0482624652E-27
19.50	1.0569315165E-27
19.60	5.4335432321E-28
19.70	2.7829140104E-28
19.80	1.4200129051E-28
19.90	7.2187887776E-29
20.00	3.6560529945E-29
20.10	1.8447693500E-29
20.20	9.2736177800E-30
20.30	4.6444862481E-30
# 1p 3/2
0.10	9.3738755237E-02
0.20	1.8697610252E-01
0.30	2.7828187679E-01
0.40	3.6672489433E-01
0.50	4.5142177029E-01
0.60	5.3155176066E-01
0.70	6.0636967476E-01
0.80	6.7521499074E-01
0.90	7.3752193397E-01
1.00	7.9282670948E-01
1.10	8.4077314139E-01
1.21	8.8111498466E-01
1.31	9.1371717817E-01
1.41	9.3855406838E-01
1.51	9.5570623408E-01
1.61	9.6535482249E-01
1.71	9.6777448591E-01
1.81	9.6332458900E-01
1.91	9.5243920938E-01
2.01	9.3561684586E-01
2.11	9.1340810325E-01
2.21	8.8640358598E-01
2.31	8.5522110404E-01
2.41	8.2049447462E-01
2.51	7.8286086874E-01
2.61	7.4294994230E-01
2.71	7.0137291145E-01
2.81	6.5871400679E-01
2.91	6.1552185773E-01
3.01	5.7230311768E-01
3.11	5.2951682389E-01
3.22	4.8757070091E-01
3.32	4.4681866255E-01
3.42	4.0755984879E-01
3.52	3.7003900261E-01
3.62	3.3444795299E-01
3.72	3.0092826048E-01
3.82	2.6957442892E-01
3.92	2.4043810126E-01
4.02	2.1353238270E-01
4.12	1.8883681067E-01
4.22	1.6630224818E-01
4.32	1.4585588266E-01
4.42	1.2740586160E-01
4.52	1.1084581812E-01
4.62	9.6058965163E-02
4.72	8.2921822365E-02
4.82	7.1307522997E-02
4.92	6.1088604802E-02
5.02	5.2139368803E-02
5.12	4.4337758740E-02
5.23	3.7566920113E-02
5.33	3.1716284703E-02
5.43	2.6682391630E-02
5.53	2.2369338863E-02
5.63	1.8689074205E-02
5.73	1.5561390918E-02
5.83	1.2913829054E-02
5.93	1.0681374028E-02
6.03	8.8061197968E-03
6.13	7.2368029513E-03
6.23	5.9283453668E-03
6.33	4.8413235869E-03
6.43	3.9414727620E-03
6.53	3.1991590344E-03
6.63	2.5889034734E-03
6.73	2.0889008973E-03
6.83	1.6805898639E-03
6.93	1.3482372811E-03
7.03	1.0785764287E-03
7.13	8.6046604499E-04
7.24	6.8459442183E-04
7.34	5.4320921140E-04
7.44	4.2988501999E-04
7.54	3.3931622834E-04
7.64	2.6714007874E-04
7.74	2.0978239438E-04
7.84	1.6432612033E-04
7.94	1.2839922516E-04
8.04	1.0007941403E-04
8.14	7.7814423257E-05
8.24	6.0354732711E-05
8.34	4.6698256904E-05
8.44	3.6043468151E-05
8.54	2.7751481408E-05
8.64	2.1314328985E-05
8.74	1.6329549877E-05
8.84	1.2479006286E-05
8.94	9.5120755528E-06
9.04	7.2317368103E-06
9.14	5.4835683750E-06
9.25	4.1468133488E-06
9.35	3.1273272865E-06
9.45	2.3518808011E-06
9.55	1.7636610341E-06
9.65	1.3187024521E-06
9.75	9.8306814457E-07
9.85	7.3063336303E-07
9.95	5.4133705113E-07
10.05	3.9981899147E-07
10.15	2.9434803033E-07
10.25	2.1599188789E-07
10.35	1.5796805067E-07
10.45	1.1514243917E-07
10.55	8.3640353211E-08
10.65	6.0546789337E-08
10.75	4.3676135828E-08
10.85	3.1394821859E-08
10.95	2.2486363539E-08
11.05	1.6047693920E-08
11.15	1.1411113041E-08
11.26	8.0844613881E-09
11.36	5.7065609026E-09
11.46	4.0131586352E-09
11.56	2.8117891262E-09
11.66	1.9626905290E-09
11.76	1.3648688403E-09
11.86	9.4556145694E-10
11.96	6.5260226830E-10
12.06	4.4870171305E-10
12.16	3.0733983676E-10
12.26	2.0971178834E-10
12.36	1.4255178096E-10
12.46	9.6529398853E-11
12.56	6.5116008023E-11
12.66	4.3757171384E-11
12.76	2.9292011659E-11
12.86	1.9533486811E-11
12.96	1.2976162220E-11
13.06	8.5869990866E-12
13.16	5.6607159221E-12
13.27	3.7173148216E-12
13.37	2.4317653447E-12
13.47	1.5846795751E-12
13.57	1.0287137388E-12
13.67	6.6523513085E-13
13.77	4.2853893506E-13
13.87	2.7500091676E-13
13.97	1.7579737545E-13
14.07	1.1194891513E-13
14.17	7.1017069539E-14
14.27	4.4878292111E-14
14.37	2.8251794879E-14
14.47	1.7716896750E-14
14.57	1.1067925510E-14
14.67	6.8877626689E-15
14.77	4.2700052896E-15
14.87	2.6370220751E-15
14.97	1.6223267809E-15
15.07	9.9425879422E-16
15.17	6.0701710806E-16
15.28	3.6918219905E-16
15.38	2.2367749021E-16
15.48	1.3500314773E-16
15.58	8.1172382790E-17
15.68	4.8619951140E-17
15.78	2.9011167190E-17
15.88	1.7244860841E-17
15.98	1.0211727892E-17
16.08	6.0239807027E-18
16.18	3.5400901229E-18
16.28	2.0724880160E-18
16.38	1.2086968313E-18
16.48	7.0224908603E-19
16.58	4.0645618352E-19
16.68	2.3436154947E-19
16.78	1.3461978631E-19
16.88	7.7034103620E-20
16.98	4.3914508578E-20
17.08	2.4939402712E-20
17.18	1.4109653748E-20
17.29	7.9524604606E-21
17.39	4.4651859910E-21
17.49	2.4976591377E-21
17.59	1.3918141791E-21
17.69	7.7265807343E-22
17.79	4.2731520598E-22
17.89	2.3543292211E-22
17.99	1.2922368780E-22
18.09	7.0660640987E-23
18.19	3.8491986952E-23
18.29	2.0889307666E-23
18.39	1.1293689817E-23
18.49	6.0828929699E-24
18.59	3.2639502724E-24
18.69	1.7447779485E-24
18.79	9.2917337138E-25
18.89	4.9296717994E-25
18.99	2.6055540887E-25
19.09	1.3719791145E-25
19.19	7.1970884927E-26
19.30	3.7612582824E-26
19.40	1.9582678684E-26
19.50	1.0157289203E-26
19.60	5.2486430101E-27
19.70	2.7019991716E-27
19.80	1.3857596963E-27
19.90	7.0804194843E-28
20.00	3.6040854312E-28
20.10	1.8276862409E-28
20.20	9.2336811839E-29
20.30	4.6474928419E-29
# 1p 1/2
0.10	9.3738755237E-02
0.20	1.8697610252E-01
0.30	2.7828187679E-01
0.40	3.6672489433E-01
0.50	4.5142177029E-01
0.60	5.3155176066E-01
0.70	6.0636967476E-01
0.80	6.7521499074E-01
0.90	7.3752193397E-01
1.00	7.9282670948E-01
1.10	8.4077314139E-01
1.21	8.8111498466E-01
1.31	9.1371717817E-01
1.41	9.3855406838E-01
1.51	9.5570623408E-01
1.61	9.6535482249E-01
1.71	9.6777448591E-01
1.81	9.6332458900E-01
1.91	9.5243920938E-01
2.01	9.3561684586E-01
2.11	9.1340810325E-01
2.21	8.8640358598E-01
2.31	8.5522110404E-01
2.41	8.2049447462E-01
2.51	7.8286086874E-01
2.61	7.4294994230E-01
2.71	7.0137291145E-01
2.81	6.5871400679E-01
2.91	6.1552185773E-01
3.01	5.7230311768E-01
3.11	5.2951682389E-01
3.22	4.8757070091E-01
3.32	4.4681866255E-01
3.42	4.0755984879E-01
3.52	3.7003900261E-01
3.62	3.3444795299E-01
3.72	3.0092826048E-01
3.82	2.6957442892E-01
3.92	2.4043810126E-01
4.02	2.1353238270E-01
4.12	1.8883681067E-01
4.22	1.6630224818E-01
4.32	1.4585588266E-01
4.42	1.2740586160E-01
4.52	1.1084581812E-01
4.62	9.6058965163E-02
4.72	8.2921822365E-02
4.82	7.1307522997E-02
4.92	6.1088604802E-02
5.02	5.2139368803E-02
5.12	4.4337758740E-02
5.23	3.7566920113E-02
5.33	3.1716284703E-02
5.43	2.6682391630E-02
5.53	2.2369338863E-02
5.63	1.8689074205E-02
5.73	1.5561390918E-02
5.83	1.2913829054E-02
5.93	1.0681374028E-02
6.03	8.8061197968E-03
6.13	7.2368029513E-03
6.23	5.9283453668E-03
6.33	4.8413235869E-03
6.43	3.9414727620E-03
6.53	3.1991590344E-03
6.63	2.5889034734E-03
6.73	2.0889008973E-03
6.83	1.6805898639E-03
6.93	1.3482372811E-03
7.03	1.0785764287E-03
7.13	8.6046604499E-04
7.24	6.8459442183E-04
7.34	5.4320921140E-04
7.44	4.2988501999E-04
7.54	3.3931622834E-04
7.64	2.6714007874E-04
7.74	2.0978239438E-04
7.84	1.6432612033E-04
7.94	1.2839922516E-04
8.04	1.0007941403E-04
8.14	7.7814423257E-05
8.24	6.0354732711E-05
8.34	4.6698256904E-05
8.44	3.6043468151E-05
8.54	2.7751481408E-05
8.64	2.1314328985E-05
8.74	1.6329549877E-05
8.84	1.2479006286E-05
8.94	9.5120755528E-06
9.04	7.2317368103E-06
9.14	5.4835683750E-06
9.25	4.1468133488E-06
9.35	3.1273272865E-06
9.45	2.3518808011E-06
9.55	1.7636610341E-06
9.65	1.3187024521E-06
9.75	9.8306814457E-07
9.85	7.3063336303E-07
9.95	5.4133705113E-07
10.05	3.9981899147E-07
10.15	2.9434803033E-07
10.25	2.1599188789E-07
10.35	1.5796805067E-07
10.45	1.1514243917E-07
10.55	8.3640353211E-08
10.65	6.0546789337E-08
10.75	4.3676135828E-08
10.85	3.1394821859E-08
10.95	2.2486363539E-08
11.05	1.6047693920E-08
11.15	1.1411113041E-08
11.26	8.0844613881E-09
11.36	5.7065609026E-09
11.46	4.0131586352E-09
11.56	2.8117891262E-09
11.66	1.9626905290E-09
11.76	1.3648688403E-09
11.86	9.4556145694E-10
11.96	6.5260226830E-10
12.06	4.4870171305E-10
12.16	3.0733983676E-10
12.26	2.0971178834E-10
12.36	1.4255178096E-10
12.46	9.6529398853E-11
12.56	6.5116008023E-11
12.66	4.3757171384E-11
12.76	2.9292011659E-11
12.86	1.9533486811E-11
12.96	1.2976162220E-11
13.06	8.5869990866E-12
13.16	5.6607159221E-12
13.27	3.7173148216E-12
13.37	2.4317653447E-12
13.47	1.5846795751E-12
13.57	1.0287137388E-12
13.67	6.6523513085E-13
13.77	4.2853893506E-13
13.87	2.7500091676E-13
13.97	1.7579737545E-13
14.07	1.1194891513E-13
14.17	7.1017069539E-14
14.27	4.4878292111E-14
14.37	2.8251794879E-14
14.47	1.7716896750E-14
14.57	1.1067925510E-14
14.67	6.8877626689E-15
14.77	4.2700052896E-15
14.87	2.6370220751E-15
14.97	1.6223267809E-15
15.07	9.9425879422E-16
15.17	6.0701710806E-16
15.28	3.6918219905E-16
15.38	2.2367749021E-16
15.48	1.3500314773E-16
15.58	8.1172382790E-17
15.68	4.8619951140E-17
15.78	2.9011167190E-17
15.88	1.7244860841E-17
15.98	1.0211727892E-17
16.08	6.0239807027E-18
16.18	3.5400901229E-18
16.28	2.0724880160E-18
16.38	1.2086968313E-18
16.48	7.0224908603E-19
16.58	4.0645618352E-19
16.68	2.3436154947E-19
16.78	1.3461978631E-19
16.88	7.7034103620E-20
16.98	4.3914508578E-20
17.08	2.4939402712E-20
17.18	1.4109653748E-20
17.29	7.9524604606E-21
17.39	4.4651859910E-21
17.49	2.4976591377E-21
17.59	1.3918141791E-21
17.69	7.7265807343E-22
17.79	4.2731520598E-22
17.89	2.3543292211E-22
17.99	1.2922368780E-22
18.09	7.0660640987E-23
18.19	3.8491986952E-23
18.29	2.0889307666E-23
18.39	1.1293689817E-23
18.49	6.0828929699E-24
18.59	3.2639502724E-24
18.69	1.7447779485E-24
18.79	9.2917337138E-25
18.89	4.9296717994E-25
18.99	2.6055540887E-25
19.09	1.3719791145E-25
19.19	7.1970884927E-26
19.30	3.7612582824E-26
19.40	1.9582678684E-26
19.50	1.0157289203E-26
19.60	5.2486430101E-27
19.70	2.7019991716E-27
19.80	1.3857596963E-27
19.90	7.0804194843E-28
20.00	3.6040854312E-28
20.10	1.8276862409E-28
20.20	9.2336811839E-29
20.30	4.6474928419E-29
# 1d 5/2
0.10	3.5791493235E-03
0.20	1.4313825782E-02
0.30	3.1981945318E-02
0.40	5.6218403065E-02
0.50	8.6524329772E-02
0.60	1.2227967682E-01
0.70	1.6275870044E-01
0.80	2.0714725395E-01
0.90	2.5456251100E-01
1.00	3.0407391774E-01
1.10	3.5472513796E-01
1.21	4.0555576504E-01
1.31	4.5562303819E-01
1.41	5.0402222031E-01
1.51	5.4990576204E-01
1.61	5.9250020723E-01
1.71	6.3112088179E-01
1.81	6.6518376224E-01
1.91	6.9421444026E-01
2.01	7.1785456081E-01
2.11	7.3586426060E-01
2.21	7.4812194739E-01
2.31	7.5462068532E-01
2.41	7.5546310376E-01
2.51	7.5085233246E-01
2.61	7.4108180340E-01
2.71	7.2652249254E-01
2.81	7.0761020186E-01
2.91	6.8483079606E-01
3.01	6.5870603491E-01
3.11	6.2977881153E-01
3.22	5.9859947847E-01
3.32	5.6571284007E-01
3.42	5.3164657198E-01
3.52	4.9690121819E-01
3.62	4.6194180278E-01
3.72	4.2719143337E-01
3.82	3.9302633911E-01
3.92	3.5977312066E-01
4.02	3.2770716158E-01
4.12	2.9705305255E-01
4.22	2.6798603640E-01
4.32	2.4063475375E-01
4.42	2.1508452635E-01
4.52	1.9138151785E-01
4.62	1.6953717486E-01
4.72	1.4953294853E-01
4.82	1.3132510060E-01
4.92	1.1484930059E-01
5.02	1.0002503675E-01
5.12	8.6759631980E-02
5.23	7.4952053319E-02
5.33	6.4496115327E-02
5.43	5.5283387346E-02
5.53	4.7205509925E-02
5.63	4.0156270299E-02
5.73	3.4033098878E-02
5.83	2.8738354930E-02
5.93	2.4180130499E-02
6.03	2.0272903484E-02
6.13	1.6937811026E-02
6.23	1.4102835981E-02
6.33	1.1702711003E-02
6.43	9.6787853078E-03
6.53	7.9786985400E-03
6.63	6.5560637013E-03
6.73	5.3700273346E-03
6.83	4.3848524271E-03
6.93	3.5694410188E-03
7.03	2.8969046277E-03
7.13	2.3441087237E-03
7.24	1.8912630526E-03
7.34	1.5215158498E-03
7.44	1.2205931387E-03
7.54	9.7645711584E-04
7.64	7.7900509730E-04
7.74	6.1979459996E-04
7.84	4.9180120383E-04
7.94	3.8920483437E-04
8.04	3.0720184021E-04
8.14	2.4184355916E-04
8.24	1.8989560389E-04
8.34	1.4871980451E-04
8.44	1.1617059418E-04
8.54	9.0509830162E-05
8.64	7.0333311080E-05
8.74	5.4511069224E-05
8.84	4.2136085924E-05
8.94	3.2483071469E-05
9.04	2.4973371626E-05
9.14	1.9146834185E-05
9.25	1.4638443232E-05
9.35	1.1159612422E-05
9.45	8.4827415527E-06
9.55	6.4288314665E-06
9.65	4.8574864543E-06
9.75	3.6588882040E-06
9.85	2.7473853858E-06
9.95	2.0563506726E-06
10.05	1.5341148244E-06
10.15	1.1407150408E-06
10.25	8.4534206629E-07
10.35	6.2431181963E-07
10.45	4.5947727719E-07
10.55	3.3697728614E-07
10.65	2.4625930416E-07
10.75	1.7931798064E-07
10.85	1.3010015637E-07
10.95	9.4046350693E-08
11.05	6.7733219565E-08
11.15	4.8601264001E-08
11.26	3.4742883876E-08
11.36	2.4742855617E-08
11.46	1.7554492003E-08
11.56	1.2407315880E-08
11.66	8.7358914490E-09
11.76	6.1273734731E-09
11.86	4.2812392220E-09
11.96	2.9798432584E-09
12.06	2.0660318121E-09
12.16	1.4269291348E-09
12.26	9.8170499082E-10
12.36	6.7278488620E-10
12.46	4.5928249745E-10
12.56	3.1231765016E-10
12.66	2.1155274699E-10
12.76	1.4274205262E-10
12.86	9.5937609719E-11
12.96	6.4229605894E-11
13.06	4.2833560673E-11
13.16	2.8453925602E-11
13.27	1.8827945567E-11
13.37	1.2410037333E-11
13.47	8.1479088396E-12
13.57	5.3287866179E-12
13.67	3.4714764475E-12
13.77	2.2527401903E-12
13.87	1.4561750841E-12
13.97	9.3762173704E-13
14.07	6.0137935549E-13
14.17	3.8422229293E-13
14.27	2.4452624121E-13
14.37	1.5501830873E-13
14.47	9.7892892986E-14
14.57	6.1579385347E-14
14.67	3.8586221366E-14
14.77	2.4085023222E-14
14.87	1.4975347236E-14
14.97	9.2752606705E-15
15.07	5.7225858177E-15
15.17	3.5170584643E-15
15.28	2.1532087851E-15
15.38	1.3131538372E-15
15.48	7.9774961246E-16
15.58	4.8277199517E-16
15.68	2.9103236055E-16
15.78	1.7477008905E-16
15.88	1.0454881651E-16
15.98	6.2301540247E-17
16.08	3.6983334421E-17
16.18	2.1869698099E-17
16.28	1.2882783797E-17
16.38	7.5597554242E-18
16.48	4.4191410994E-18
16.58	2.5733602982E-18
16.68	1.4927856253E-18
16.78	8.6263771384E-19
16.88	4.9658713599E-19
16.98	2.8477244066E-19
17.08	1.6268153813E-19
17.18	9.2579715336E-20
17.29	5.2484783842E-20
17.39	2.9640749182E-20
17.49	1.6675774289E-20
17.59	9.3459395367E-21
17.69	5.2179960534E-21
17.79	2.9021871471E-21
17.89	1.6080185859E-21
17.99	8.8756281349E-22
18.09	4.8803849696E-22
18.19	2.6733324733E-22
18.29	1.4588128116E-22
18.39	7.9303278909E-23
18.49	4.2946943488E-23
18.59	2.3169656102E-23
18.69	1.2452527123E-23
18.79	6.6671896951E-24
18.89	3.5561524205E-24
18.99	1.8895851585E-24
19.09	1.0002434886E-24
19.19	5.2746652255E-25
19.30	2.7710166506E-25
19.40	1.4502210834E-25
19.50	7.5610900961E-26
19.60	3.9272320937E-26
19.70	2.0321055457E-26
19.80	1.0475124324E-26
19.90	5.3793433827E-27
20.00	2.7520308429E-27
20.10	1.4026096922E-27
20.20	7.1215771553E-28
20.30	3.6022628808E-28
# 2s 1/2
0.10	2.3233961737E+00
0.20	2.2944302728E+00
0.30	2.2465655531E+00
0.40	2.1805761332E+00
0.50	2.0975265887E+00
0.60	1.9987474093E+00
0.70	1.8858030357E+00
0.80	1.7604509104E+00
0.90	1.6246084075E+00
1.00	1.4803119120E+00
1.10	1.3296749993E+00
1.21	1.1748436867E+00
1.31	1.0179544750E+00
1.41	8.6109242246E-01
1.51	7.0625271455E-01
1.61	5.5530500803E-01
1.71	4.0996239505E-01
1.81	2.7175505501E-01
1.91	1.4200932242E-01
2.01	2.1832415831E-02
2.11	-8.7897436927E-02
2.21	-1.8653479234E-01
2.31	-2.7366507684E-01
2.41	-3.4909774343E-01
2.51	-4.1285429492E-01
2.61	-4.6515227431E-01
2.71	-5.0638523277E-01
2.81	-5.3710063031E-01
2.91	-5.5797497401E-01
3.01	-5.6978835482E-01
3.11	-5.7339805194E-01
3.22	-5.6971292813E-01
3.32	-5.5966870503E-01
3.42	-5.4420511260E-01
3.52	-5.2424536460E-01
3.62	-5.0067821219E-01
3.72	-4.7434312938E-01
3.82	-4.4601814062E-01
3.92	-4.1641118765E-01
4.02	-3.8615389680E-01
4.12	-3.5579868339E-01
4.22	-3.2581802479E-01
4.32	-2.9660614953E-01
4.42	-2.6848214254E-01
4.52	-2.4169477613E-01
4.62	-2.1642824428E-01
4.72	-1.9280869794E-01
4.82	-1.7091124652E-01
4.92	-1.5076696285E-01
5.02	-1.3236983879E-01
5.12	-1.1568335107E-01
5.23	-1.0064682794E-01
5.33	-8.7181040118E-02
5.43	-7.5193385650E-02
5.53	-6.4582242594E-02
5.63	-5.5240937626E-02
5.73	-4.7060855013E-02
5.83	-3.9934175596E-02
5.93	-3.3755867210E-02
6.03	-2.8425379246E-02
6.13	-2.3847724062E-02
6.23	-1.9934354762E-02
6.33	-1.6603569677E-02
6.43	-1.3780792375E-02
6.53	-1.1398513355E-02
6.63	-9.3961851971E-03
6.73	-7.7198900033E-03
6.83	-6.3219921395E-03
6.93	-5.1606632516E-03
7.03	-4.1994400349E-03
7.13	-3.4067136046E-03
7.24	-2.7552584367E-03
7.34	-2.2217442274E-03
7.44	-1.7862939684E-03
7.54	-1.4320536109E-03
7.64	-1.1448073485E-03
7.74	-9.1261984074E-04
7.84	-7.2551711787E-04
7.94	-5.7520151915E-04
8.04	-4.5479825759E-04
8.14	-3.5863587301E-04
8.24	-2.8205308901E-04
8.34	-2.2123580383E-04
8.44	-1.7307274600E-04
8.54	-1.3503629668E-04
8.64	-1.0507894417E-04
8.74	-8.1548852329E-05
8.84	-6.3116879224E-05
8.94	-4.8717747121E-05
9.04	-3.7499681285E-05
9.14	-2.8783924668E-05
9.25	-2.2030974480E-05
9.35	-1.6813479700E-05
9.45	-1.2793783911E-05
9.55	-9.7058679107E-06
9.65	-7.3407326088E-06
9.75	-5.5346342781E-06
9.85	-4.1596657422E-06
9.95	-3.1161812227E-06
10.05	-2.3267954338E-06
10.15	-1.7315734748E-06
10.25	-1.2842475038E-06
10.35	-9.4920454311E-07
10.45	-6.9912400719E-07
10.55	-5.1311303715E-07
10.65	-3.7524767213E-07
10.75	-2.7343442252E-07
10.85	-1.9851921313E-07
10.95	-1.4359977807E-07
11.05	-1.0348863469E-07
11.15	-7.4303614003E-08
11.26	-5.3148654208E-08
11.36	-3.7873298360E-08
11.46	-2.6885715482E-08
11.56	-1.9013171371E-08
11.66	-1.3394328468E-08
11.76	-9.3998058879E-09
11.86	-6.5711122234E-09
11.96	-4.5759567166E-09
12.06	-3.1742346570E-09
12.16	-2.1933735084E-09
12.26	-1.5097121730E-09
12.36	-1.0351119736E-09
12.46	-7.0694250078E-10
12.56	-4.8093802666E-10
12.66	-3.2590806159E-10
12.76	-2.1999247030E-10
12.86	-1.4791763566E-10
12.96	-9.9068908204E-11
13.06	-6.6092679194E-11
13.16	-4.3921236391E-11
13.27	-2.9073326911E-11
13.37	-1.9169936682E-11
13.47	-1.2590588081E-11
13.57	-8.2371509589E-12
13.67	-5.3679497121E-12
13.77	-3.4845573838E-12
13.87	-2.2531457198E-12
13.97	-1.4512408218E-12
14.07	-9.3109398432E-13
14.17	-5.9505606767E-13
14.27	-3.7881602458E-13
14.37	-2.4022085219E-13
14.47	-1.5174035102E-13
14.57	-9.5478355426E-14
14.67	-5.9843778706E-14
14.77	-3.7363589236E-14
14.87	-2.3237576665E-14
14.97	-1.4396276820E-14
15.07	-8.8843219402E-15
15.17	-5.4615675136E-15
15.28	-3.3444715210E-15
15.38	-2.0401333570E-15
15.48	-1.2396787206E-15
15.58	-7.5038175383E-16
15.68	-4.5245692087E-16
15.78	-2.7176715924E-16
15.88	-1.6260769902E-16
15.98	-9.6919492539E-17
16.08	-5.7544930480E-17
16.18	-3.4035394250E-17
16.28	-2.0053172323E-17
16.38	-1.1769686626E-17
16.48	-6.8814073337E-18
16.58	-4.0079355671E-18
16.68	-2.3253956027E-18
16.78	-1.3440198338E-18
16.88	-7.7383636743E-19
16.98	-4.4384026340E-19
17.08	-2.5359503402E-19
17.18	-1.4434134541E-19
17.29	-8.1842612207E-20
17.39	-4.6228006512E-20
17.49	-2.6011817859E-20
17.59	-1.4580592915E-20
17.69	-8.1418355791E-21
17.79	-4.5290720334E-21
17.89	-2.5097993589E-21
17.99	-1.3855113356E-21
18.09	-7.6195101966E-22
18.19	-4.1743311886E-22
18.29	-2.2782083667E-22
18.39	-1.2386367884E-22
18.49	-6.7087727579E-23
18.59	-3.6198239857E-23
18.69	-1.9457251025E-23
18.79	-1.0418903422E-23
18.89	-5.5579405466E-24
18.99	-2.9536121203E-24
19.09	-1.5636708474E-24
19.19	-8.2468157387E-25
19.30	-4.3329282374E-25
19.40	-2.2679148777E-25
19.50	-1.1825686003E-25
19.60	-6.1429521161E-26
19.70	-3.1789573884E-26
19.80	-1.6388710466E-26
19.90	-8.4170769574E-27
20.00	-4.3065655058E-27
20.10	-2.1951269299E-27
20.20	-1.1146624014E-27
20.30	-5.6387946099E-28
# 1d 3/2
0.10	3.5791493235E-03
0.20	1.4313825782E-02
0.30	3.1981945318E-02
0.40	5.6218403065E-02
0.50	8.6524329772E-02
0.60	1.2227967682E-01
0.70	1.6275870044E-01
0.80	2.0714725395E-01
0.90	2.5456251100E-01
1.00	3.0407391774E-01
1.10	3.5472513796E-01
1.21	4.0555576504E-01
1.31	4.5562303819E-01
1.41	5.0402222031E-01
1.51	5.4990576204E-01
1.61	5.9250020723E-01
1.71	6.3112088179E-01
1.81	6.6518376224E-01
1.91	6.9421444026E-01
2.01	7.1785456081E-01
2.11	7.3586426060E-01
2.21	7.4812194739E-01
2.31	7.5462068532E-01
2.41	7.5546310376E-01
2.51	7.5085233246E-01
2.61	7.4108180340E-01
2.71	7.2652249254E-01
2.81	7.0761020186E-01
2.91	6.8483079606E-01
3.01	6.5870603491E-01
3.11	6.2977881153E-01
3.22	5.9859947847E-01
3.32	5.6571284007E-01
3.42	5.3164657198E-01
3.52	4.9690121819E-01
3.62	4.6194180278E-01
3.72	4.2719143337E-01
3.82	3.9302633911E-01
3.92	3.5977312066E-01
4.02	3.2770716158E-01
4.12	2.9705305255E-01
4.22	2.6798603640E-01
4.32	2.4063475375E-01
4.42	2.1508452635E-01
4.52	1.9138151785E-01
4.62	1.6953717486E-01
4.72	1.4953294853E-01
4.82	1.3132510060E-01
4.92	1.1484930059E-01
5.02	1.0002503675E-01
5.12	8.6759631980E-02
5.23	7.4952053319E-02
5.33	6.4496115327E-02
5.43	5.5283387346E-02
5.53	4.7205509925E-02
5.63	4.0156270299E-02
5.73	3.4033098878E-02
5.83	2.8738354930E-02
5.93	2.4180130499E-02
6.03	2.0272903484E-02
6.13	1.6937811026E-02
6.23	1.4102835981E-02
6.33	1.1702711003E-02
6.43	9.6787853078E-03
6.53	7.9786985400E-03
6.63	6.5560637013E-03
6.73	5.3700273346E-03
6.83	4.3848524271E-03
6.93	3.5694410188E-03
7.03	2.8969046277E-03
7.13	2.3441087237E-03
7.24	1.8912630526E-03
7.34	1.5215158498E-03
7.44	1.2205931387E-03
7.54	9.7645711584E-04
7.64	7.7900509730E-04
7.74	6.1979459996E-04
7.84	4.9180120383E-04
7.94	3.8920483437E-04
8.04	3.0720184021E-04
8.14	2.4184355916E-04
8.24	1.8989560389E-04
8.34	1.4871980451E-04
8.44	1.1617059418E-04
8.54	9.0509830162E-05
8.64	7.0333311080E-05
8.74	5.4511069224E-05
8.84	4.2136085924E-05
8.94	3.2483071469E-05
9.04	2.4973371626E-05
9.14	1.9146834185E-05
9.25	1.4638443232E-05
9.35	1.1159612422E-05
9.45	8.4827415527E-06
9.55	6.4288314665E-06
9.65	4.8574864543E-06
9.75	3.6588882040E-06
9.85	2.7473853858E-06
9.95	2.0563506726E-06
10.05	1.5341148244E-06
10.15	1.1407150408E-06
10.25	8.4534206629E-07
10.35	6.2431181963E-07
10.45	4.5947727719E-07
10.55	3.3697728614E-07
10.65	2.4625930416E-07
10.75	1.7931798064E-07
10.85	1.3010015637E-07
10.95	9.4046350693E-08
11.05	6.7733219565E-08
11.15	4.8601264001E-08
11.26	3.4742883876E-08
11.36	2.4742855617E-08
11.46	1.7554492003E-08
11.56	1.2407315880E-08
11.66	8.7358914490E-09
11.76	6.1273734731E-09
11.86	4.2812392220E-09
11.96	2.9798432584E-09
12.06	2.0660318121E-09
12.16	1.4269291348E-09
12.26	9.8170499082E-10
12.36	6.7278488620E-10
12.46	4.5928249745E-10
12.56	3.1231765016E-10
12.66	2.1155274699E-10
12.76	1.4274205262E-10
12.86	9.5937609719E-11
12.96	6.4229605894E-11
13.06	4.2833560673E-11
13.16	2.8453925602E-11
13.27	1.8827945567E-11
13.37	1.2410037333E-11
13.47	8.1479088396E-12
13.57	5.3287866179E-12
13.67	3.4714764475E-12
13.77	2.2527401903E-12
13.87	1.4561750841E-12
13.97	9.3762173704E-13
14.07	6.0137935549E-13
14.17	3.8422229293E-13
14.27	2.4452624121E-13
14.37	1.5501830873E-13
14.47	9.7892892986E-14
14.57	6.1579385347E-14
14.67	3.8586221366E-14
14.77	2.4085023222E-14
14.87	1.4975347236E-14
14.97	9.2752606705E-15
15.07	5.7225858177E-15
15.17	3.5170584643E-15
15.28	2.1532087851E-15
15.38	1.3131538372E-15
15.48	7.9774961246E-16
15.58	4.8277199517E-16
15.68	2.9103236055E-16
15.78	1.7477008905E-16
15.88	1.0454881651E-16
15.98	6.2301540247E-17
16.08	3.6983334421E-17
16.18	2.1869698099E-17
16.28	1.2882783797E-17
16.38	7.5597554242E-18
16.48	4.4191410994E-18
16.58	2.5733602982E-18
16.68	1.4927856253E-18
16.78	8.6263771384E-19
16.88	4.9658713599E-19
16.98	2.8477244066E-19
17.08	1.6268153813E-19
17.18	9.2579715336E-20
17.29	5.2484783842E-20
17.39	2.9640749182E-20
17.49	1.6675774289E-20
17.59	9.3459395367E-21
17.69	5.2179960534E-21
17.79	2.9021871471E-21
17.89	1.6080185859E-21
17.99	8.8756281349E-22
18.09	4.8803849696E-22
18.19	2.6733324733E-22
18.29	1.4588128116E-22
18.39	7.9303278909E-23
18.49	4.2946943488E-23
18.59	2.3169656102E-23
18.69	1.2452527123E-23
18.79	6.6671896951E-24
18.89	3.5561524205E-24
18.99	1.8895851585E-24
19.09	1.0002434886E-24
19.19	5.2746652255E-25
19.30	2.7710166506E-25
19.40	1.4502210834E-25
19.50	7.5610900961E-26
19.60	3.9272320937E-26
19.70	2.0321055457E-26
19.80	1.0475124324E-26
19.90	5.3793433827E-27
20.00	2.7520308429E-27
20.10	1.4026096922E-27
20.20	7.1215771553E-28
20.30	3.6022628808E-28
