# 1s 1/2
0.10	6.8739202772E-01
0.20	6.8712426687E-01
0.30	6.8651350282E-01
0.40	6.8565347453E-01
0.50	6.8453829841E-01
0.60	6.8315768657E-01
0.70	6.8149971938E-01
0.80	6.7955093167E-01
0.90	6.7729611866E-01
1.00	6.7471869086E-01
1.10	6.7180068441E-01
1.20	6.6852298019E-01
1.30	6.6486562953E-01
1.40	6.6080802522E-01
1.50	6.5632937650E-01
1.60	6.5140873517E-01
1.70	6.4602592373E-01
1.80	6.4016119589E-01
1.90	6.3379650004E-01
2.00	6.2691507592E-01
2.10	6.1950272213E-01
2.20	6.1154751099E-01
2.30	6.0304066364E-01
2.40	5.9397706284E-01
2.50	5.8435480768E-01
2.60	5.7417687354E-01
2.70	5.6344986250E-01
2.80	5.5218535198E-01
2.90	5.4039930338E-01
3.00	5.2811224878E-01
3.10	5.1534928231E-01
3.20	5.0213939072E-01
3.30	4.8851613440E-01
3.40	4.7451554555E-01
3.50	4.6017791856E-01
3.60	4.4554503489E-01
3.70	4.3066117603E-01
3.80	4.1557173022E-01
3.90	4.0032318025E-01
4.00	3.8496118049E-01
4.10	3.6953236660E-01
4.20	3.5408094906E-01
4.30	3.3865052681E-01
4.40	3.2328258562E-01
4.50	3.0801617471E-01
4.60	2.9288784902E-01
4.70	2.7793162377E-01
4.80	2.6317792269E-01
4.90	2.4865500470E-01
5.00	2.3438709196E-01
5.10	2.2039616743E-01
5.20	2.0670054037E-01
5.30	1.9331608941E-01
5.40	1.8025550679E-01
5.50	1.6752914936E-01
5.60	1.5514458368E-01
5.70	1.4310751079E-01
5.80	1.3142083666E-01
5.90	1.2008638399E-01
6.00	1.0910342301E-01
6.10	9.8470241190E-02
6.20	8.8183425279E-02
6.30	7.8238467959E-02
6.40	6.8629744766E-02
6.50	5.9350734313E-02
6.60	5.0394135814E-02
6.70	4.1751974384E-02
6.80	3.3415744833E-02
6.90	2.5376514509E-02
7.00	1.7624996888E-02
7.10	1.0151639859E-02
7.20	2.9467234565E-03
7.30	-3.9996273995E-03
7.40	-1.0697292072E-02
7.50	-1.7156227310E-02
7.60	-2.3386230755E-02
7.70	-2.9397207519E-02
7.80	-3.5198749174E-02
7.90	-4.0800456680E-02
8.00	-4.6211673771E-02
8.10	-5.1441610039E-02
8.20	-5.6499184403E-02
8.30	-6.1393181480E-02
8.40	-6.6132071421E-02
8.50	-7.0724065992E-02
8.60	-7.5177196468E-02
8.70	-7.9499017523E-02
8.80	-8.3697067273E-02
8.90	-8.7778206921E-02
9.00	-9.1749575649E-02
9.10	-9.5617236691E-02
9.20	-9.9387760649E-02
9.30	-1.0306662951E-01
9.40	-1.0665967645E-01
9.50	-1.1017183923E-01
9.60	-1.1360831416E-01
9.70	-1.1697345238E-01
9.80	-1.2027167478E-01
9.90	-1.2350699238E-01
10.00	-1.2668295867E-01
10.10	-1.2980319531E-01
10.20	-1.3287078644E-01
10.30	-1.3588850917E-01
10.40	-1.3885933985E-01
10.50	-1.4178531344E-01
10.60	-1.4466905417E-01
10.70	-1.4751215499E-01
10.80	-1.5031688385E-01
10.90	-1.5308447136E-01
11.00	-1.5581669082E-01
11.10	-1.5851478016E-01
11.20	-1.6117988167E-01
11.30	-1.6381321246E-01
11.40	-1.6641552827E-01
11.50	-1.6898787139E-01
11.60	-1.7153090415E-01
11.70	-1.7404519882E-01
11.80	-1.7653165370E-01
11.90	-1.7899029279E-01
12.00	-1.8142208731E-01
12.10	-1.8382691668E-01
12.20	-1.8620564107E-01
12.30	-1.8855792142E-01
12.40	-1.9088461654E-01
12.50	-1.9318534860E-01
12.60	-1.9546061111E-01
12.70	-1.9771030666E-01
12.80	-1.9993461068E-01
12.90	-2.0213340753E-01
13.00	-2.0430676035E-01
13.10	-2.0645452053E-01
13.20	-2.0857675645E-01
13.30	-2.1067289067E-01
13.40	-2.1274338318E-01
13.50	-2.1478727668E-01
13.60	-2.1680484686E-01
13.70	-2.1879543977E-01
13.80	-2.2075870200E-01
13.90	-2.2269430389E-01
14.00	-2.2460151660E-01
14.10	-2.2647992384E-01
14.20	-2.2832878506E-01
14.30	-2.3014726029E-01
14.40	-2.3193458660E-01
14.50	-2.3368985240E-01
14.60	-2.3541177040E-01
14.70	-2.3709955053E-01
14.80	-2.3875125604E-01
14.90	-2.4036619405E-01
15.00	-2.4194186595E-01
15.10	-2.4347719832E-01
15.20	-2.4496968999E-01
15.30	-2.4641713655E-01
15.40	-2.4781744678E-01
15.50	-2.4916713298E-01
15.60	-2.5046390695E-01
15.70	-2.5170372424E-01
15.80	-2.5288335591E-01
15.90	-2.5399802931E-01
16.00	-2.5504379897E-01
16.10	-2.5601500608E-01
16.20	-2.5690619381E-01
16.30	-2.5771113523E-01
16.40	-2.5842275871E-01
16.50	-2.5903340411E-01
16.60	-2.5953455268E-01
16.70	-2.5991659130E-01
16.80	-2.6016938616E-01
16.90	-2.6028065920E-01
17.00	-2.6023823756E-01
17.10	-2.6002704158E-01
17.20	-2.5963181679E-01
17.30	-2.5903422377E-01
17.40	-2.5821518017E-01
17.50	-2.5715220817E-01
17.60	-2.5582157709E-01
17.70	-2.5419565213E-01
17.80	-2.5224445476E-01
17.90	-2.4993450791E-01
18.00	-2.4722781424E-01
18.10	-2.4408314372E-01
18.20	-2.4045302463E-01
18.30	-2.3628618464E-01
18.40	-2.3152350749E-01
18.50	-2.2610069404E-01
18.60	-2.1994461358E-01
18.70	-2.1297488273E-01
18.80	-2.0510037069E-01
18.90	-1.9622152652E-01
19.00	-1.8622553742E-01
19.10	-1.7498913647E-01
19.20	-1.6237491244E-01
19.30	-1.4823199121E-01
19.40	-1.3239555217E-01
19.50	-1.1468599796E-01
19.60	-9.4911230334E-02
19.70	-7.2866710985E-02
19.80	-4.8340572217E-02
19.90	-2.1118099670E-02
20.00	9.0094689408E-03
20.10	4.2231961044E-02
20.20	7.8702980098E-02
20.30	1.1851502138E-01
20.40	1.6166566985E-01
20.50	2.0801581970E-01
20.60	2.5723156529E-01
20.70	3.0871881093E-01
20.80	3.6153703694E-01
20.90	4.1430813173E-01
21.00	4.6509774829E-01
21.10	5.1110749383E-01
# 1p 3/2
0.10	8.5550167527E-03
0.20	1.7090516593E-02
0.30	2.5636838587E-02
0.40	3.4176813455E-02
0.50	4.2708571603E-02
0.60	5.1229704893E-02
0.70	5.9736838280E-02
0.80	6.8226073305E-02
0.90	7.6692469795E-02
1.00	8.5130401405E-02
1.10	9.3532986609E-02
1.20	1.0189259818E-01
1.30	1.1020020757E-01
1.40	1.1844590436E-01
1.50	1.2661828239E-01
1.60	1.3470521851E-01
1.70	1.4269280222E-01
1.80	1.5056674877E-01
1.90	1.5831107786E-01
2.00	1.6590933616E-01
2.10	1.7334415752E-01
2.20	1.8059739903E-01
2.30	1.8765097179E-01
2.40	1.9448592082E-01
2.50	2.0108425180E-01
2.60	2.0742731513E-01
2.70	2.1349808790E-01
2.80	2.1927968503E-01
2.90	2.2475678625E-01
3.00	2.2991566489E-01
3.10	2.3474376295E-01
3.20	2.3923130577E-01
3.30	2.4336959009E-01
3.40	2.4715337972E-01
3.50	2.5057854939E-01
3.60	2.5364441789E-01
3.70	2.5635205815E-01
3.80	2.5870512945E-01
3.90	2.6070941518E-01
4.00	2.6237309701E-01
4.10	2.6370567797E-01
4.20	2.6471921506E-01
4.30	2.6542638483E-01
4.40	2.6584197380E-01
4.50	2.6598102540E-01
4.60	2.6586001434E-01
4.70	2.6549561295E-01
4.80	2.6490478852E-01
4.90	2.6410498915E-01
5.00	2.6311317834E-01
5.10	2.6194644284E-01
5.20	2.6062123685E-01
5.30	2.5915370893E-01
5.40	2.5755936348E-01
5.50	2.5585288948E-01
5.60	2.5404843564E-01
5.70	2.5215931570E-01
5.80	2.5019778177E-01
5.90	2.4817570900E-01
6.00	2.4610363538E-01
6.10	2.4399167017E-01
6.20	2.4184880681E-01
6.30	2.3968348746E-01
6.40	2.3750311559E-01
6.50	2.3531468263E-01
6.60	2.3312397554E-01
6.70	2.3093703388E-01
6.80	2.2875765590E-01
6.90	2.2659134181E-01
7.00	2.2444039707E-01
7.10	2.2230912942E-01
7.20	2.2019933843E-01
7.30	2.1811368321E-01
7.40	2.1605395102E-01
7.50	2.1402121628E-01
7.60	2.1201716696E-01
7.70	2.1004184914E-01
7.80	2.0809653500E-01
7.90	2.0618067000E-01
8.00	2.0429503826E-01
8.10	2.0243867080E-01
8.20	2.0061193891E-01
8.30	1.9881362901E-01
8.40	1.9704357603E-01
8.50	1.9530067395E-01
8.60	1.9358407985E-01
8.70	1.9189305054E-01
8.80	1.9022606646E-01
8.90	1.8858255101E-01
9.00	1.8696098496E-01
9.10	1.8536037434E-01
9.20	1.8377962305E-01
9.30	1.8221721958E-01
9.40	1.8067269955E-01
9.50	1.7914400225E-01
9.60	1.7763098380E-01
9.70	1.7613186839E-01
9.80	1.7464600690E-01
9.90	1.7317243727E-01
10.00	1.7170999543E-01
10.10	1.7025827719E-01
10.20	1.6881598356E-01
10.30	1.6738282281E-01
10.40	1.6595792246E-01
10.50	1.6454070746E-01
10.60	1.6313060974E-01
10.70	1.6172737088E-01
10.80	1.6033011401E-01
10.90	1.5893907534E-01
11.00	1.5755325223E-01
11.10	1.5617311168E-01
11.20	1.5479768166E-01
11.30	1.5342741218E-01
11.40	1.5206174989E-01
11.50	1.5070077345E-01
11.60	1.4934432604E-01
11.70	1.4799239313E-01
11.80	1.4664501601E-01
11.90	1.4530192531E-01
12.00	1.4396364419E-01
12.10	1.4262960520E-01
12.20	1.4130042116E-01
12.30	1.3997571948E-01
12.40	1.3865594394E-01
12.50	1.3734091211E-01
12.60	1.3603089916E-01
12.70	1.3472599011E-01
12.80	1.3342619947E-01
12.90	1.3213182644E-01
13.00	1.3084283159E-01
13.10	1.2955947122E-01
13.20	1.2828179974E-01
13.30	1.2701001292E-01
13.40	1.2574418930E-01
13.50	1.2448452601E-01
13.60	1.2323109157E-01
13.70	1.2198412442E-01
13.80	1.2074357213E-01
13.90	1.1950990026E-01
14.00	1.1828274407E-01
14.10	1.1706282798E-01
14.20	1.1584970135E-01
14.30	1.1464395996E-01
14.40	1.1344542033E-01
14.50	1.1225431185E-01
14.60	1.1107083134E-01
14.70	1.0989487532E-01
14.80	1.0872683799E-01
14.90	1.0756651489E-01
15.00	1.0641435569E-01
15.10	1.0527010576E-01
15.20	1.0413415152E-01
15.30	1.0300646533E-01
15.40	1.0188707273E-01
15.50	1.0077626210E-01
15.60	9.9673876323E-02
15.70	9.8580210001E-02
15.80	9.7495217657E-02
15.90	9.6418970319E-02
16.00	9.5351652867E-02
16.10	9.4293163478E-02
16.20	9.3243665785E-02
16.30	9.2203203732E-02
16.40	9.1171692810E-02
16.50	9.0149402439E-02
16.60	8.9135921256E-02
16.70	8.8131806891E-02
16.80	8.7136385256E-02
16.90	8.6150190176E-02
17.00	8.5172617211E-02
17.10	8.4203935101E-02
17.20	8.3243614530E-02
17.30	8.2291674182E-02
17.40	8.1347556763E-02
17.50	8.0411021855E-02
17.60	7.9481391621E-02
17.70	7.8558051479E-02
17.80	7.7640168866E-02
17.90	7.6726693994E-02
18.00	7.5816284517E-02
18.10	7.4907424643E-02
18.20	7.3998173079E-02
18.30	7.3086112345E-02
18.40	7.2168392894E-02
18.50	7.1241521421E-02
18.60	7.0301287627E-02
18.70	6.9342405824E-02
18.80	6.8358973847E-02
18.90	6.7343176294E-02
19.00	6.6286443546E-02
19.10	6.5177588653E-02
19.20	6.4004227400E-02
19.30	6.2750581988E-02
19.40	6.1398792783E-02
19.50	5.9926997175E-02
19.60	5.8309831691E-02
19.70	5.6517385422E-02
19.80	5.4514677945E-02
19.90	5.2261386947E-02
20.00	4.9711196250E-02
20.10	4.6811423451E-02
20.20	4.3503591038E-02
20.30	3.9723350353E-02
20.40	3.5402347606E-02
20.50	3.0470292319E-02
20.60	2.4859067867E-02
20.70	1.8508606725E-02
20.80	1.1375466557E-02
20.90	3.4443389798E-03
21.00	-5.2585576532E-03
21.10	-1.4664702282E-02
# 1p 1/2
0.10	-8.5567090322E-03
0.20	-1.7088524060E-02
0.30	-2.5635038349E-02
0.40	-3.4174980574E-02
0.50	-4.2706570368E-02
0.60	-5.1227429235E-02
0.70	-5.9734291882E-02
0.80	-6.8223220802E-02
0.90	-7.6689286075E-02
1.00	-8.5126927552E-02
1.10	-9.3529175114E-02
1.20	-1.0188848537E-01
1.30	-1.1019576481E-01
1.40	-1.1844114780E-01
1.50	-1.2661324896E-01
1.60	-1.3469980836E-01
1.70	-1.4268716094E-01
1.80	-1.5056079114E-01
1.90	-1.5830476549E-01
2.00	-1.6590287422E-01
2.10	-1.7333726897E-01
2.20	-1.8059035868E-01
2.30	-1.8764362653E-01
2.40	-1.9447834232E-01
2.50	-2.0107640732E-01
2.60	-2.0741932332E-01
2.70	-2.1348980741E-01
2.80	-2.1927123644E-01
2.90	-2.2474821058E-01
3.00	-2.2990682325E-01
3.10	-2.3473487718E-01
3.20	-2.3922218529E-01
3.30	-2.4336048696E-01
3.40	-2.4714401856E-01
3.50	-2.5056923140E-01
3.60	-2.5363498483E-01
3.70	-2.5634258148E-01
3.80	-2.5869556827E-01
3.90	-2.6069998285E-01
4.00	-2.6236341435E-01
4.10	-2.6369628790E-01
4.20	-2.6470959599E-01
4.30	-2.6541696629E-01
4.40	-2.6583252583E-01
4.50	-2.6597163911E-01
4.60	-2.6585076525E-01
4.70	-2.6548630035E-01
4.80	-2.6489572456E-01
4.90	-2.6409589603E-01
5.00	-2.6310431423E-01
5.10	-2.6193755961E-01
5.20	-2.6061257920E-01
5.30	-2.5914523554E-01
5.40	-2.5755081280E-01
5.50	-2.5584477134E-01
5.60	-2.5404028127E-01
5.70	-2.5215135146E-01
5.80	-2.5019007140E-01
5.90	-2.4816802240E-01
6.00	-2.4609630282E-01
6.10	-2.4398431208E-01
6.20	-2.4184179769E-01
6.30	-2.3967658597E-01
6.40	-2.3749639334E-01
6.50	-2.3530814763E-01
6.60	-2.3311778750E-01
6.70	-2.3093068135E-01
6.80	-2.2875199711E-01
6.90	-2.2658542946E-01
7.00	-2.2443499481E-01
7.10	-2.2230383225E-01
7.20	-2.2019420163E-01
7.30	-2.1810893364E-01
7.40	-2.1604921205E-01
7.50	-2.1401694775E-01
7.60	-2.1201288667E-01
7.70	-2.1003807072E-01
7.80	-2.0809277804E-01
7.90	-2.0617737881E-01
8.00	-2.0429182069E-01
8.10	-2.0243592720E-01
8.20	-2.0060931840E-01
8.30	-1.9881142795E-01
8.40	-1.9704162532E-01
8.50	-1.9529906768E-01
8.60	-1.9358286582E-01
8.70	-1.9189213188E-01
8.80	-1.9022554465E-01
8.90	-1.8858253153E-01
9.00	-1.8696124821E-01
9.10	-1.8536123027E-01
9.20	-1.8378087218E-01
9.30	-1.8221911302E-01
9.40	-1.8067499586E-01
9.50	-1.7914708976E-01
9.60	-1.7763458555E-01
9.70	-1.7613623712E-01
9.80	-1.7465118359E-01
9.90	-1.7317831281E-01
10.00	-1.7171697471E-01
10.10	-1.7026601488E-01
10.20	-1.6882497397E-01
10.30	-1.6739290225E-01
10.40	-1.6596928934E-01
10.50	-1.6455346746E-01
10.60	-1.6314498364E-01
10.70	-1.6174327515E-01
10.80	-1.6034810663E-01
10.90	-1.5895882153E-01
11.00	-1.5757556048E-01
11.10	-1.5619760060E-01
11.20	-1.5482510853E-01
11.30	-1.5345778253E-01
11.40	-1.5209537995E-01
11.50	-1.5073820046E-01
11.60	-1.4938570806E-01
11.70	-1.4803831610E-01
11.80	-1.4669583199E-01
11.90	-1.4535835695E-01
12.00	-1.4402598259E-01
12.10	-1.4269876101E-01
12.20	-1.4137699856E-01
12.30	-1.4006050447E-01
12.40	-1.3874983390E-01
12.50	-1.3744489371E-01
12.60	-1.3614611166E-01
12.70	-1.3485341563E-01
12.80	-1.3356750058E-01
12.90	-1.3228818504E-01
13.00	-1.3101600175E-01
13.10	-1.2975126256E-01
13.20	-1.2849424188E-01
13.30	-1.2724513599E-01
13.40	-1.2600476322E-01
13.50	-1.2477295084E-01
13.60	-1.2355060854E-01
13.70	-1.2233788502E-01
13.80	-1.2113547789E-01
13.90	-1.1994376385E-01
14.00	-1.1876336970E-01
14.10	-1.1759494863E-01
14.20	-1.1643910699E-01
14.30	-1.1529656128E-01
14.40	-1.1416813994E-01
14.50	-1.1305458917E-01
14.60	-1.1195701009E-01
14.70	-1.1087605835E-01
14.80	-1.0981330779E-01
14.90	-1.0876939461E-01
15.00	-1.0774616694E-01
15.10	-1.0674452929E-01
15.20	-1.0576647817E-01
15.30	-1.0481343405E-01
15.40	-1.0388734850E-01
15.50	-1.0299041864E-01
15.60	-1.0212460441E-01
15.70	-1.0129276481E-01
15.80	-1.0049729118E-01
15.90	-9.9741424194E-02
16.00	-9.9028395821E-02
16.10	-9.8361801734E-02
16.20	-9.7745767534E-02
16.30	-9.7184576223E-02
16.40	-9.6683237226E-02
16.50	-9.6246966982E-02
16.60	-9.5881768371E-02
16.70	-9.5594073202E-02
16.80	-9.5391052516E-02
16.90	-9.5280581712E-02
17.00	-9.5271270623E-02
17.10	-9.5372678385E-02
17.20	-9.5595308223E-02
17.30	-9.5950482365E-02
17.40	-9.6451138209E-02
17.50	-9.7110796700E-02
17.60	-9.7944940709E-02
17.70	-9.8970104593E-02
17.80	-1.0020455267E-01
17.90	-1.0166828476E-01
18.00	-1.0338300235E-01
18.10	-1.0537264510E-01
18.20	-1.0766277549E-01
18.30	-1.1028177686E-01
18.40	-1.1325970064E-01
18.50	-1.1662957416E-01
18.60	-1.2042632432E-01
18.70	-1.2468777212E-01
18.80	-1.2945345189E-01
18.90	-1.3476578185E-01
19.00	-1.4066801853E-01
19.10	-1.4720542268E-01
19.20	-1.5442296958E-01
19.30	-1.6236519309E-01
19.40	-1.7107380855E-01
19.50	-1.8058591916E-01
19.60	-1.9093075010E-01
19.70	-2.0212526717E-01
19.80	-2.1416959411E-01
19.90	-2.2703894284E-01
20.00	-2.4067606840E-01
20.10	-2.5497840121E-01
20.20	-2.6978602744E-01
20.30	-2.8486307994E-01
20.40	-2.9987829241E-01
20.50	-3.1438299755E-01
20.60	-3.2778325646E-01
20.70	-3.3931675978E-01
20.80	-3.4802650753E-01
20.90	-3.5275030047E-01
21.00	-3.5217968810E-01
21.10	-3.4556725387E-01
# 1d 5/2
0.10	1.4267712150E-04
0.20	5.7011023191E-04
0.30	1.2824505818E-03
0.40	2.2787280142E-03
0.50	3.5579790873E-03
0.60	5.1188654687E-03
0.70	6.9596475888E-03
0.80	9.0781829097E-03
0.90	1.1471772133E-02
1.00	1.4137207394E-02
1.10	1.7070580394E-02
1.20	2.0267284917E-02
1.30	2.3721901228E-02
1.40	2.7428104913E-02
1.50	3.1378642861E-02
1.60	3.5565183720E-02
1.70	3.9978278365E-02
1.80	4.4607388617E-02
1.90	4.9440585016E-02
2.00	5.4465005064E-02
2.10	5.9666104122E-02
2.20	6.5028651423E-02
2.30	7.0535731075E-02
2.40	7.6169694553E-02
2.50	8.1911688030E-02
2.60	8.7742131420E-02
2.70	9.3640568601E-02
2.80	9.9586191372E-02
2.90	1.0555786739E-01
3.00	1.1153410807E-01
3.10	1.1749404544E-01
3.20	1.2341670726E-01
3.30	1.2928208568E-01
3.40	1.3507086747E-01
3.50	1.4076482678E-01
3.60	1.4634703935E-01
3.70	1.5180189263E-01
3.80	1.5711554875E-01
3.90	1.6227536867E-01
4.00	1.6727114719E-01
4.10	1.7209362746E-01
4.20	1.7673586175E-01
4.30	1.8119248206E-01
4.40	1.8545956078E-01
4.50	1.8953500310E-01
4.60	1.9341810854E-01
4.70	1.9710928638E-01
4.80	2.0061064690E-01
4.90	2.0392479929E-01
5.00	2.0705581870E-01
5.10	2.1000816040E-01
5.20	2.1278736193E-01
5.30	2.1539904458E-01
5.40	2.1784973591E-01
5.50	2.2014594575E-01
5.60	2.2229449247E-01
5.70	2.2430245178E-01
5.80	2.2617675983E-01
5.90	2.2792445242E-01
6.00	2.2955249380E-01
6.10	2.3106768105E-01
6.20	2.3247659700E-01
6.30	2.3378580352E-01
6.40	2.3500140501E-01
6.50	2.3612949008E-01
6.60	2.3717563081E-01
6.70	2.3814541297E-01
6.80	2.3904397373E-01
6.90	2.3987605901E-01
7.00	2.4064664856E-01
7.10	2.4135952555E-01
7.20	2.4201951389E-01
7.30	2.4262966991E-01
7.40	2.4319415881E-01
7.50	2.4371607065E-01
7.60	2.4419844349E-01
7.70	2.4464440416E-01
7.80	2.4505637797E-01
7.90	2.4543704448E-01
8.00	2.4578855254E-01
8.10	2.4611319131E-01
8.20	2.4641262269E-01
8.30	2.4668910580E-01
8.40	2.4694368825E-01
8.50	2.4717851152E-01
8.60	2.4739446993E-01
8.70	2.4759304783E-01
8.80	2.4777546243E-01
8.90	2.4794247382E-01
9.00	2.4809547512E-01
9.10	2.4823485035E-01
9.20	2.4836170720E-01
9.30	2.4847675057E-01
9.40	2.4858021509E-01
9.50	2.4867338743E-01
9.60	2.4875591185E-01
9.70	2.4882905445E-01
9.80	2.4889257286E-01
9.90	2.4894730964E-01
10.00	2.4899322639E-01
10.10	2.4903085921E-01
10.20	2.4906030630E-01
10.30	2.4908186563E-01
10.40	2.4909575596E-01
10.50	2.4910198151E-01
10.60	2.4910104653E-01
10.70	2.4909269347E-01
10.80	2.4907732487E-01
10.90	2.4905498987E-01
11.00	2.4902578865E-01
11.10	2.4898972572E-01
11.20	2.4894718912E-01
11.30	2.4889785757E-01
11.40	2.4884227403E-01
11.50	2.4878012149E-01
11.60	2.4871183979E-01
11.70	2.4863727359E-01
11.80	2.4855664650E-01
11.90	2.4847011654E-01
12.00	2.4837759476E-01
12.10	2.4827946431E-01
12.20	2.4817558132E-01
12.30	2.4806638078E-01
12.40	2.4795166124E-01
12.50	2.4783192433E-01
12.60	2.4770707650E-01
12.70	2.4757742309E-01
12.80	2.4744319599E-01
12.90	2.4730439839E-01
13.00	2.4716155701E-01
13.10	2.4701471009E-01
13.20	2.4686405149E-01
13.30	2.4671021364E-01
13.40	2.4655307266E-01
13.50	2.4639321399E-01
13.60	2.4623103327E-01
13.70	2.4606669845E-01
13.80	2.4590083238E-01
13.90	2.4573377310E-01
14.00	2.4556610681E-01
14.10	2.4539820325E-01
14.20	2.4523083695E-01
14.30	2.4506448516E-01
14.40	2.4489982508E-01
14.50	2.4473775217E-01
14.60	2.4457877353E-01
14.70	2.4442400645E-01
14.80	2.4427429016E-01
14.90	2.4413054985E-01
15.00	2.4399400913E-01
15.10	2.4386581448E-01
15.20	2.4374719317E-01
15.30	2.4363967715E-01
15.40	2.4354466930E-01
15.50	2.4346382109E-01
15.60	2.4339918993E-01
15.70	2.4335215470E-01
15.80	2.4332557845E-01
15.90	2.4332113013E-01
16.00	2.4334156257E-01
16.10	2.4338970386E-01
16.20	2.4346821201E-01
16.30	2.4358044246E-01
16.40	2.4372982909E-01
16.50	2.4392001955E-01
16.60	2.4415511067E-01
16.70	2.4443943864E-01
16.80	2.4477761967E-01
16.90	2.4517491600E-01
17.00	2.4563644643E-01
17.10	2.4616845358E-01
17.20	2.4677676736E-01
17.30	2.4746851685E-01
17.40	2.4825043751E-01
17.50	2.4913047587E-01
17.60	2.5011629935E-01
17.70	2.5121673910E-01
17.80	2.5244029820E-01
17.90	2.5379635454E-01
18.00	2.5529445965E-01
18.10	2.5694402956E-01
18.20	2.5875508964E-01
18.30	2.6073690380E-01
18.40	2.6289897901E-01
18.50	2.6524952419E-01
18.60	2.6779621293E-01
18.70	2.7054452758E-01
18.80	2.7349814449E-01
18.90	2.7665718067E-01
19.00	2.8001767975E-01
19.10	2.8357025663E-01
19.20	2.8729764072E-01
19.30	2.9117414449E-01
19.40	2.9516086891E-01
19.50	2.9920515103E-01
19.60	3.0323388614E-01
19.70	3.0715163880E-01
19.80	3.1083277057E-01
19.90	3.1411652046E-01
20.00	3.1679863095E-01
20.10	3.1862352644E-01
20.20	3.1927450269E-01
20.30	3.1836504625E-01
20.40	3.1542967712E-01
20.50	3.0991646786E-01
20.60	3.0118504045E-01
20.70	2.8850794378E-01
20.80	2.7108610315E-01
20.90	2.4807381479E-01
21.00	2.1860443434E-01
21.10	1.8160503020E-01
# 2s 1/2
0.10	1.6514171420E-01
0.20	1.6426106362E-01
0.30	1.6345827713E-01
0.40	1.6232246927E-01
0.50	1.6084588623E-01
0.60	1.5903024521E-01
0.70	1.5687590237E-01
0.80	1.5438172345E-01
0.90	1.5154696286E-01
1.00	1.4836992461E-01
1.10	1.4484975450E-01
1.20	1.4098538887E-01
1.30	1.3677664585E-01
1.40	1.3222359474E-01
1.50	1.2732741983E-01
1.60	1.2209019008E-01
1.70	1.1651504519E-01
1.80	1.1060656514E-01
1.90	1.0437077533E-01
2.00	9.7815302867E-02
2.10	9.0949514649E-02
2.20	8.3784733633E-02
2.30	7.6334073654E-02
2.40	6.8612683280E-02
2.50	6.0637721259E-02
2.60	5.2428174184E-02
2.70	4.4004965767E-02
2.80	3.5390651117E-02
2.90	2.6609383515E-02
3.00	1.7686604544E-02
3.10	8.6488061000E-03
3.20	-4.7669598109E-04
3.30	-9.6621241485E-03
3.40	-1.8879619624E-02
3.50	-2.8101400042E-02
3.60	-3.7300166244E-02
3.70	-4.6449635535E-02
3.80	-5.5524257411E-02
3.90	-6.4500169433E-02
4.00	-7.3354912123E-02
4.10	-8.2067719638E-02
4.20	-9.0620050086E-02
4.30	-9.8994749768E-02
4.40	-1.0717758018E-01
4.50	-1.1515537479E-01
4.60	-1.2291795756E-01
4.70	-1.3045646809E-01
4.80	-1.3776437747E-01
4.90	-1.4483674270E-01
5.00	-1.5167055054E-01
5.10	-1.5826409304E-01
5.20	-1.6461739135E-01
5.30	-1.7073152654E-01
5.40	-1.7660884319E-01
5.50	-1.8225276285E-01
5.60	-1.8766737116E-01
5.70	-1.9285774309E-01
5.80	-1.9782941496E-01
5.90	-2.0258847513E-01
6.00	-2.0714144319E-01
6.10	-2.1149515982E-01
6.20	-2.1565651142E-01
6.30	-2.1963296095E-01
6.40	-2.2343146823E-01
6.50	-2.2705957557E-01
6.60	-2.3052453026E-01
6.70	-2.3383326196E-01
6.80	-2.3699355753E-01
6.90	-2.4001148699E-01
7.00	-2.4289478165E-01
7.10	-2.4564952326E-01
7.20	-2.4828238329E-01
7.30	-2.5079975261E-01
7.40	-2.5320752982E-01
7.50	-2.5551164454E-01
7.60	-2.5771794077E-01
7.70	-2.5983138317E-01
7.80	-2.6185787602E-01
7.90	-2.6380173549E-01
8.00	-2.6566827991E-01
8.10	-2.6746180290E-01
8.20	-2.6918688971E-01
8.30	-2.7084746495E-01
8.40	-2.7244793821E-01
8.50	-2.7399154390E-01
8.60	-2.7548254941E-01
8.70	-2.7692374007E-01
8.80	-2.7831896051E-01
8.90	-2.7967077885E-01
9.00	-2.8098256684E-01
9.10	-2.8225672864E-01
9.20	-2.8349612122E-01
9.30	-2.8470301323E-01
9.40	-2.8587987625E-01
9.50	-2.8702866927E-01
9.60	-2.8815164540E-01
9.70	-2.8925052376E-01
9.80	-2.9032716304E-01
9.90	-2.9138318928E-01
10.00	-2.9242004501E-01
10.10	-2.9343942540E-01
10.20	-2.9444219713E-01
10.30	-2.9543006280E-01
10.40	-2.9640372982E-01
10.50	-2.9736457889E-01
10.60	-2.9831323120E-01
10.70	-2.9925082909E-01
10.80	-3.0017798770E-01
10.90	-3.0109557298E-01
11.00	-3.0200405484E-01
11.10	-3.0290428508E-01
11.20	-3.0379660931E-01
11.30	-3.0468159039E-01
11.40	-3.0555970144E-01
11.50	-3.0643128587E-01
11.60	-3.0729683698E-01
11.70	-3.0815637909E-01
11.80	-3.0901064806E-01
11.90	-3.0985937705E-01
12.00	-3.1070335043E-01
12.10	-3.1154209538E-01
12.20	-3.1237655795E-01
12.30	-3.1320607488E-01
12.40	-3.1403138139E-01
12.50	-3.1485229025E-01
12.60	-3.1566877268E-01
12.70	-3.1648118879E-01
12.80	-3.1728923042E-01
12.90	-3.1809315196E-01
13.00	-3.1889273393E-01
13.10	-3.1968815450E-01
13.20	-3.2047909517E-01
13.30	-3.2126585858E-01
13.40	-3.2204779678E-01
13.50	-3.2282551504E-01
13.60	-3.2359817938E-01
13.70	-3.2436603633E-01
13.80	-3.2512902505E-01
13.90	-3.2588644834E-01
14.00	-3.2663862195E-01
14.10	-3.2738509071E-01
14.20	-3.2812550275E-01
14.30	-3.2885974472E-01
14.40	-3.2958756051E-01
14.50	-3.3030826414E-01
14.60	-3.3102208108E-01
14.70	-3.3172812744E-01
14.80	-3.3242614685E-01
14.90	-3.3311604896E-01
15.00	-3.3379673585E-01
15.10	-3.3446838459E-01
15.20	-3.3512996300E-01
15.30	-3.3578132113E-01
15.40	-3.3642147091E-01
15.50	-3.3705045964E-01
15.60	-3.3766655003E-01
15.70	-3.3827056797E-01
15.80	-3.3886023956E-01
15.90	-3.3943601223E-01
16.00	-3.3999653861E-01
16.10	-3.4054093309E-01
16.20	-3.4106883779E-01
16.30	-3.4157872946E-01
16.40	-3.4207003886E-01
16.50	-3.4254177620E-01
16.60	-3.4299271049E-01
16.70	-3.4342179107E-01
16.80	-3.4382798529E-01
16.90	-3.4420995064E-01
17.00	-3.4456621852E-01
17.10	-3.4489573298E-01
17.20	-3.4519655362E-01
17.30	-3.4546726072E-01
17.40	-3.4570584977E-01
17.50	-3.4591030729E-01
17.60	-3.4607826727E-01
17.70	-3.4620706495E-01
17.80	-3.4629346958E-01
17.90	-3.4633408282E-01
18.00	-3.4632434490E-01
18.10	-3.4625944075E-01
18.20	-3.4613290356E-01
18.30	-3.4593754837E-01
18.40	-3.4566453948E-01
18.50	-3.4530226664E-01
18.60	-3.4483793254E-01
18.70	-3.4425484885E-01
18.80	-3.4353241130E-01
18.90	-3.4264628194E-01
19.00	-3.4156553641E-01
19.10	-3.4025256371E-01
19.20	-3.3866200963E-01
19.30	-3.3673638866E-01
19.40	-3.3440846626E-01
19.50	-3.3159305664E-01
19.60	-3.2819010667E-01
19.70	-3.2407592447E-01
19.80	-3.1910390073E-01
19.90	-3.1309801602E-01
20.00	-3.0584939099E-01
20.10	-2.9711361623E-01
20.20	-2.8660549448E-01
20.30	-2.7399941109E-01
20.40	-2.5892819795E-01
20.50	-2.4098855132E-01
20.60	-2.1975071923E-01
20.70	-1.9477686574E-01
20.80	-1.6565115632E-01
20.90	-1.3202391953E-01
21.00	-9.3678693849E-02
21.10	-5.0669459735E-02
# 1d 3/2
0.10	1.4286087169E-04
0.20	5.6999963774E-04
0.30	1.2824949207E-03
0.40	2.2789003363E-03
0.50	3.5583085728E-03
0.60	5.1193618822E-03
0.70	6.9603636930E-03
0.80	9.0791333605E-03
0.90	1.1473011605E-02
1.00	1.4138752800E-02
1.10	1.7072461675E-02
1.20	2.0269521091E-02
1.30	2.3724513393E-02
1.40	2.7431149988E-02
1.50	3.1382088819E-02
1.60	3.5569117603E-02
1.70	3.9982695350E-02
1.80	4.4612275754E-02
1.90	4.9446049162E-02
2.00	5.4470967923E-02
2.10	5.9672654601E-02
2.20	6.5035773772E-02
2.30	7.0543424976E-02
2.40	7.6178019564E-02
2.50	8.1920595131E-02
2.60	8.7751667571E-02
2.70	9.3650706048E-02
2.80	9.9596990349E-02
2.90	1.0556923105E-01
3.00	1.1154612666E-01
3.10	1.1750667398E-01
3.20	1.2342991836E-01
3.30	1.2929589869E-01
3.40	1.3508525135E-01
3.50	1.4077980737E-01
3.60	1.4636250343E-01
3.70	1.5181795437E-01
3.80	1.5713204205E-01
3.90	1.6229243039E-01
4.00	1.6728861168E-01
4.10	1.7211152049E-01
4.20	1.7675420055E-01
4.30	1.8121123966E-01
4.40	1.8547853152E-01
4.50	1.8955452229E-01
4.60	1.9343773072E-01
4.70	1.9712933424E-01
4.80	2.0063086518E-01
4.90	2.0394530521E-01
5.00	2.0707644688E-01
5.10	2.1002910216E-01
5.20	2.1280828771E-01
5.30	2.1542022282E-01
5.40	2.1787103490E-01
5.50	2.2016716222E-01
5.60	2.2231601466E-01
5.70	2.2432379259E-01
5.80	2.2619824020E-01
5.90	2.2794591967E-01
6.00	2.2957389930E-01
6.10	2.3108904265E-01
6.20	2.3249797797E-01
6.30	2.3380697354E-01
6.40	2.3502263333E-01
6.50	2.3615040073E-01
6.60	2.3719661592E-01
6.70	2.3816609016E-01
6.80	2.3906451464E-01
6.90	2.3989646782E-01
7.00	2.4066669485E-01
7.10	2.4137958817E-01
7.20	2.4203900829E-01
7.30	2.4264918871E-01
7.40	2.4321321909E-01
7.50	2.4373487588E-01
7.60	2.4421689596E-01
7.70	2.4466257611E-01
7.80	2.4507404015E-01
7.90	2.4545445854E-01
8.00	2.4580543687E-01
8.10	2.4612962897E-01
8.20	2.4642869728E-01
8.30	2.4670444332E-01
8.40	2.4695875337E-01
8.50	2.4719277626E-01
8.60	2.4740820646E-01
8.70	2.4760613338E-01
8.80	2.4778773054E-01
8.90	2.4795420145E-01
9.00	2.4810608307E-01
9.10	2.4824484147E-01
9.20	2.4837065346E-01
9.30	2.4848460915E-01
9.40	2.4858720237E-01
9.50	2.4867888571E-01
9.60	2.4876047029E-01
9.70	2.4883192845E-01
9.80	2.4889423547E-01
9.90	2.4894708525E-01
10.00	2.4899150984E-01
10.10	2.4902699728E-01
10.20	2.4905454468E-01
10.30	2.4907378178E-01
10.40	2.4908511667E-01
10.50	2.4908887933E-01
10.60	2.4908476327E-01
10.70	2.4907333302E-01
10.80	2.4905449913E-01
10.90	2.4902820361E-01
11.00	2.4899486685E-01
11.10	2.4895426610E-01
11.20	2.4890652178E-01
11.30	2.4885187286E-01
11.40	2.4879003467E-01
11.50	2.4872140656E-01
11.60	2.4864565651E-01
11.70	2.4856326798E-01
11.80	2.4847372757E-01
11.90	2.4837762792E-01
12.00	2.4827446024E-01
12.10	2.4816482260E-01
12.20	2.4804808395E-01
12.30	2.4792490384E-01
12.40	2.4779487751E-01
12.50	2.4765813071E-01
12.60	2.4751484117E-01
12.70	2.4736481041E-01
12.80	2.4720809607E-01
12.90	2.4704493938E-01
13.00	2.4687501777E-01
13.10	2.4669847593E-01
13.20	2.4651557617E-01
13.30	2.4632574041E-01
13.40	2.4612961064E-01
13.50	2.4592675159E-01
13.60	2.4571722024E-01
13.70	2.4550122713E-01
13.80	2.4527838556E-01
13.90	2.4504898339E-01
14.00	2.4481279946E-01
14.10	2.4456978586E-01
14.20	2.4431995993E-01
14.30	2.4406316048E-01
14.40	2.4379934633E-01
14.50	2.4352835048E-01
14.60	2.4325010710E-01
14.70	2.4296440561E-01
14.80	2.4267117123E-01
14.90	2.4236998226E-01
15.00	2.4206100958E-01
15.10	2.4174350456E-01
15.20	2.4141764719E-01
15.30	2.4108273582E-01
15.40	2.4073867354E-01
15.50	2.4038484533E-01
15.60	2.4002091862E-01
15.70	2.3964634426E-01
15.80	2.3926034105E-01
15.90	2.3886262521E-01
16.00	2.3845206423E-01
16.10	2.3802804007E-01
16.20	2.3758948862E-01
16.30	2.3713552390E-01
16.40	2.3666477412E-01
16.50	2.3617592252E-01
16.60	2.3566761523E-01
16.70	2.3513801595E-01
16.80	2.3458526837E-01
16.90	2.3400709568E-01
17.00	2.3340145184E-01
17.10	2.3276492797E-01
17.20	2.3209511267E-01
17.30	2.3138786286E-01
17.40	2.3063957316E-01
17.50	2.2984534839E-01
17.60	2.2900017256E-01
17.70	2.2809770541E-01
17.80	2.2713160193E-01
17.90	2.2609339061E-01
18.00	2.2497438186E-01
18.10	2.2376390043E-01
18.20	2.2245007923E-01
18.30	2.2101879011E-01
18.40	2.1945374325E-01
18.50	2.1773676454E-01
18.60	2.1584543086E-01
18.70	2.1375480862E-01
18.80	2.1143579527E-01
18.90	2.0885356488E-01
19.00	2.0596913619E-01
19.10	2.0273564712E-01
19.20	1.9909977514E-01
19.30	1.9499906461E-01
19.40	1.9036134602E-01
19.50	1.8510311523E-01
19.60	1.7912862338E-01
19.70	1.7232778375E-01
19.80	1.6457583104E-01
19.90	1.5573169615E-01
20.00	1.4563871513E-01
20.10	1.3412360029E-01
20.20	1.2100141829E-01
20.30	1.0607688482E-01
20.40	8.9154625090E-02
20.50	7.0049566036E-02
20.60	4.8604569216E-02
20.70	2.4716356664E-02
20.80	-1.6320761914E-03
20.90	-3.0326364245E-02
21.00	-6.1067391382E-02
21.10	-9.3310256196E-02
