0   0.00559501
0.1   0.00561591
0.2   0.00563681
0.3   0.00565771
0.4   0.00567861
0.5   0.00569951
0.6   0.00572041
0.7   0.00574131
0.8   0.0057622
0.9   0.0057831
1   0.00580401
1.1   0.00582506
1.2   0.00584654
1.3   0.00586857
1.4   0.00589076
1.5   0.00591265
1.6   0.00593386
1.7   0.00595413
1.8   0.00597316
1.9   0.00599061
2   0.00600619
2.1   0.00601959
2.2   0.00603053
2.3   0.00603875
2.4   0.00604399
2.5   0.00604601
2.6   0.00604459
2.7   0.00603951
2.8   0.00603058
2.9   0.00601762
3   0.00600048
3.1   0.00597899
3.2   0.00595303
3.3   0.00592248
3.4   0.00588724
3.5   0.00584722
3.6   0.00580235
3.7   0.00575256
3.8   0.00569783
3.9   0.00563811
4   0.00557341
4.1   0.00550372
4.2   0.00542906
4.3   0.00534949
4.4   0.00526505
4.5   0.00517582
4.6   0.00508189
4.7   0.00498338
4.8   0.00488043
4.9   0.00477319
5   0.00466183
5.1   0.00454657
5.2   0.00442762
5.3   0.00430524
5.4   0.00417968
5.5   0.00405124
5.6   0.00392024
5.7   0.00378701
5.8   0.00365191
5.9   0.0035153
6   0.00337759
6.1   0.00323916
6.2   0.00310045
6.3   0.00296187
6.4   0.00282385
6.5   0.00268682
6.6   0.0025512
6.7   0.00241743
6.8   0.00228589
6.9   0.00215698
7   0.00203108
7.1   0.00190852
7.2   0.00178961
7.3   0.00167465
7.4   0.00156387
7.5   0.00145748
7.6   0.00135565
7.7   0.00125851
7.79999   0.00116615
7.89999   0.00107861
7.99999   0.000995899
8.09999   0.000917989
8.2   0.000844827
8.3   0.000776311
8.4   0.000712328
8.5   0.000652734
8.6   0.000597367
8.7   0.000546051
8.8   0.000498595
8.9   0.000454802
9   0.000414471
9.1   0.000377394
9.2   0.000343369
9.3   0.000312194
9.4   0.000283671
9.5   0.000257611
9.6   0.000233828
9.7   0.00021215
9.8   0.000192408
9.9   0.000174446
10   0.000158119
10.1   0.000143285
10.2   0.00012982
10.3   0.000117601
10.4   0.000106521
10.5   9.64765e-05
10.6   8.73739e-05
10.7   7.91291e-05
10.8   7.16613e-05
10.9   6.49e-05
11   5.8779e-05
11.1   5.32381e-05
11.2   4.82236e-05
11.3   4.36846e-05
11.4   3.95775e-05
11.5   3.58602e-05
11.6   3.24961e-05
11.7   2.94517e-05
11.8   2.66959e-05
11.9   2.42019e-05
12   2.1944e-05
12.1   1.99001e-05
12.2   1.80494e-05
12.3   1.63736e-05
12.4   1.4856e-05
12.5   1.34812e-05
12.6   1.2236e-05
12.7   1.11076e-05
12.8   1.00852e-05
12.9   9.15856e-06
13   8.3185e-06
13.1   7.55696e-06
13.2   6.86629e-06
13.3   6.23996e-06
13.4   5.67176e-06
13.5   5.15624e-06
13.6   4.68845e-06
13.7   4.26383e-06
13.8   3.87842e-06
13.9   3.52843e-06
14   3.21063e-06
14.1   2.92196e-06
14.2   2.65971e-06
14.3   2.42144e-06
14.4   2.20487e-06
14.5   2.00804e-06
14.6   1.82908e-06
14.7   1.66636e-06
14.8   1.51838e-06
14.9   1.38375e-06
15   1.26129e-06
15.1   1.14984e-06
15.2   1.04842e-06
15.3   9.56094e-07
15.4   8.72038e-07
15.5   7.95502e-07
15.6   7.2579e-07
15.7   6.62298e-07
15.8   6.04447e-07
15.9   5.51737e-07
16   5.03699e-07
16.1   4.5991e-07
16.2   4.19994e-07
16.3   3.83594e-07
16.4   3.50403e-07
16.5   3.20128e-07
16.6   2.92511e-07
16.7   2.67315e-07
16.8   2.44322e-07
16.9   2.23339e-07
17   2.04185e-07
17.1   1.86699e-07
17.2   1.70734e-07
17.3   1.56154e-07
17.4   1.42839e-07
17.5   1.30675e-07
17.6   1.19564e-07
17.7   1.0941e-07
17.8   1.00132e-07
17.9   9.16521e-08
18   8.39002e-08
18.1   7.68142e-08
18.2   7.03344e-08
18.3   6.44095e-08
18.4   5.89905e-08
18.5   5.40338e-08
18.6   4.94995e-08
18.7   4.53507e-08
18.8   4.15547e-08
18.9   3.80805e-08
19   3.49008e-08
19.1   3.19902e-08
19.2   2.93254e-08
19.3   2.68857e-08
19.4   2.46514e-08
19.5   2.26055e-08
19.6   2.07314e-08
19.7   1.90147e-08
19.8   1.7442e-08
19.9   1.60009e-08
20   1.46805e-08
20.1   1.34704e-08
20.2   1.23613e-08
20.3   1.13446e-08
20.4   1.04125e-08
