0   0.00247459
0.1   0.00248163
0.2   0.00248867
0.3   0.00249572
0.4   0.00250276
0.5   0.0025098
0.6   0.00251684
0.7   0.00252389
0.8   0.00253093
0.9   0.00253797
1   0.00254501
1.1   0.00255206
1.2   0.0025591
1.3   0.00256614
1.4   0.00257322
1.5   0.00258038
1.6   0.00258768
1.7   0.00259511
1.8   0.0026026
1.9   0.00261003
2   0.00261734
2.1   0.00262446
2.2   0.00263133
2.3   0.00263791
2.4   0.00264412
2.5   0.00264991
2.6   0.0026552
2.7   0.00265996
2.8   0.00266411
2.9   0.00266761
3   0.00267041
3.1   0.00267244
3.2   0.00267368
3.3   0.00267406
3.4   0.00267356
3.5   0.00267212
3.6   0.0026697
3.7   0.00266628
3.8   0.00266182
3.9   0.00265628
4   0.00264964
4.1   0.00264186
4.2   0.00263293
4.3   0.00262283
4.4   0.00261152
4.5   0.002599
4.6   0.00258524
4.7   0.00257024
4.8   0.00255397
4.9   0.00253644
5   0.00251764
5.1   0.00249756
5.2   0.0024762
5.3   0.00245355
5.4   0.00242963
5.5   0.00240443
5.6   0.00237797
5.7   0.00235025
5.8   0.0023213
5.9   0.00229111
6   0.00225972
6.1   0.00222715
6.2   0.00219341
6.3   0.00215854
6.4   0.00212257
6.5   0.00208553
6.6   0.00204747
6.7   0.00200841
6.8   0.00196841
6.9   0.00192752
7   0.00188578
7.1   0.00184325
7.2   0.00179999
7.3   0.00175606
7.4   0.00171152
7.5   0.00166645
7.6   0.00162091
7.7   0.00157497
7.79999   0.00152871
7.89999   0.00148221
7.99999   0.00143555
8.09999   0.00138881
8.2   0.00134208
8.3   0.00129542
8.4   0.00124894
8.5   0.00120272
8.6   0.00115683
8.7   0.00111136
8.8   0.0010664
8.9   0.00102201
9   0.000978281
9.1   0.000935283
9.2   0.000893086
9.3   0.000851755
9.4   0.000811352
9.5   0.000771935
9.6   0.000733554
9.7   0.000696256
9.8   0.000660083
9.9   0.000625067
10   0.000591236
10.1   0.000558617
10.2   0.000527223
10.3   0.000497063
10.4   0.000468146
10.5   0.000440468
10.6   0.000414023
10.7   0.000388801
10.8   0.000364786
10.9   0.000341955
11   0.000320288
11.1   0.000299755
11.2   0.000280326
11.3   0.000261967
11.4   0.000244644
11.5   0.000228319
11.6   0.000212954
11.7   0.000198511
11.8   0.000184948
11.9   0.000172226
12   0.000160305
12.1   0.000149145
12.2   0.000138707
12.3   0.000128952
12.4   0.000119843
12.5   0.000111344
12.6   0.000103418
12.7   9.60322e-05
12.8   8.91541e-05
12.9   8.27513e-05
13   7.67946e-05
13.1   7.12558e-05
13.2   6.61068e-05
13.3   6.13226e-05
13.4   5.68792e-05
13.5   5.27529e-05
13.6   4.89225e-05
13.7   4.53681e-05
13.8   4.207e-05
13.9   3.90103e-05
14   3.61729e-05
14.1   3.35416e-05
14.2   3.11016e-05
14.3   2.88398e-05
14.4   2.67431e-05
14.5   2.47993e-05
14.6   2.29979e-05
14.7   2.13284e-05
14.8   1.97808e-05
14.9   1.83468e-05
15   1.70178e-05
15.1   1.5786e-05
15.2   1.46445e-05
15.3   1.35866e-05
15.4   1.26061e-05
15.5   1.16973e-05
15.6   1.0855e-05
15.7   1.00742e-05
15.8   9.35038e-06
15.9   8.67948e-06
16   8.05742e-06
16.1   7.48064e-06
16.2   6.94591e-06
16.3   6.45002e-06
16.4   5.9901e-06
16.5   5.56359e-06
16.6   5.16798e-06
16.7   4.80095e-06
16.8   4.4605e-06
16.9   4.14463e-06
17   3.85149e-06
17.1   3.57949e-06
17.2   3.32707e-06
17.3   3.09274e-06
17.4   2.87523e-06
17.5   2.67332e-06
17.6   2.48583e-06
17.7   2.31174e-06
17.8   2.15008e-06
17.9   1.99992e-06
18   1.86044e-06
18.1   1.73089e-06
18.2   1.61051e-06
18.3   1.49866e-06
18.4   1.39473e-06
18.5   1.29814e-06
18.6   1.20835e-06
18.7   1.1249e-06
18.8   1.04731e-06
18.9   9.75173e-07
19   9.081e-07
19.1   8.45723e-07
19.2   7.87703e-07
19.3   7.33741e-07
19.4   6.83544e-07
19.5   6.36837e-07
19.6   5.93383e-07
19.7   5.52949e-07
19.8   5.15314e-07
19.9   4.80288e-07
20   4.47688e-07
20.1   4.17336e-07
20.2   3.89078e-07
20.3   3.6277e-07
20.4   3.38268e-07
20.5   3.15451e-07
20.6   2.94201e-07
20.7   2.74405e-07
20.8   2.55963e-07
20.9   2.38784e-07
21   2.22777e-07
21.1   2.07859e-07
21.2   1.93959e-07
21.3   1.81003e-07
21.4   1.68926e-07
21.5   1.5767e-07
21.6   1.47175e-07
21.7   1.3739e-07
21.8   1.28266e-07
21.9   1.19759e-07
22   1.11824e-07
22.1   1.04423e-07
22.2   9.75209e-08
22.3   9.10811e-08
22.4   8.50736e-08
22.5   7.94689e-08
22.6   7.42386e-08
22.7001   6.93581e-08
22.8001   6.48037e-08
22.9001   6.05525e-08
23.0001   5.65845e-08
23.1001   5.28808e-08
23.2001   4.94229e-08
23.3001   4.61945e-08
23.4001   4.31804e-08
23.5001   4.03657e-08
23.6001   3.7737e-08
23.7001   3.52823e-08
23.8001   3.29896e-08
23.9001   3.08478e-08
24.0001   2.88473e-08
24.1001   2.69784e-08
24.2001   2.52321e-08
24.3001   2.36006e-08
24.4001   2.20761e-08
24.5001   2.06514e-08
24.6001   1.932e-08
24.7001   1.80756e-08
24.8001   1.69124e-08
24.9001   1.58252e-08
25.0001   1.48088e-08
25.1001   1.38585e-08
25.2001   1.29701e-08
25.3001   1.21394e-08
25.4001   1.13626e-08
25.5001   1.06362e-08
