# 1s 1/2
0.10	7.0614825111E-01
0.20	7.0317054312E-01
0.30	6.9837571133E-01
0.40	6.9180313379E-01
0.50	6.8358208240E-01
0.60	6.7387132495E-01
0.70	6.6284747376E-01
0.80	6.5069771409E-01
0.90	6.3761258231E-01
1.00	6.2378007817E-01
1.10	6.0938057700E-01
1.20	5.9458192263E-01
1.30	5.7953927377E-01
1.40	5.6438895549E-01
1.50	5.4925378615E-01
1.60	5.3423667836E-01
1.70	5.1942680790E-01
1.80	5.0489682105E-01
1.90	4.9070617914E-01
2.00	4.7690130931E-01
2.10	4.6351716704E-01
2.20	4.5057982428E-01
2.30	4.3810618195E-01
2.40	4.2610558990E-01
2.50	4.1458267778E-01
2.60	4.0353660322E-01
2.70	3.9296064945E-01
2.80	3.8284761504E-01
2.90	3.7318467406E-01
3.00	3.6395835475E-01
3.10	3.5515340438E-01
3.20	3.4675240708E-01
3.30	3.3873784535E-01
3.40	3.3109179044E-01
3.50	3.2379450757E-01
3.60	3.1682797169E-01
3.70	3.1017329175E-01
3.80	3.0381126932E-01
3.90	2.9772292997E-01
4.00	2.9189029267E-01
4.10	2.8629550684E-01
4.20	2.8092084313E-01
4.30	2.7574977476E-01
4.40	2.7076606707E-01
4.50	2.6595442398E-01
4.60	2.6129991404E-01
4.70	2.5678896380E-01
4.80	2.5240916638E-01
4.90	2.4814799184E-01
5.00	2.4399485020E-01
5.10	2.3993946852E-01
5.20	2.3597276541E-01
5.30	2.3208672856E-01
5.40	2.2827413754E-01
5.50	2.2452832400E-01
5.60	2.2084371683E-01
5.70	2.1721556038E-01
5.80	2.1364011162E-01
5.90	2.1011370302E-01
6.00	2.0663321311E-01
6.10	2.0319645256E-01
6.20	1.9980154478E-01
6.30	1.9644677136E-01
6.40	1.9313129954E-01
6.50	1.8985381696E-01
6.60	1.8661364037E-01
6.70	1.8341021159E-01
6.80	1.8024337297E-01
6.90	1.7711296708E-01
7.00	1.7401844542E-01
7.10	1.7096009618E-01
7.20	1.6793775691E-01
7.30	1.6495150573E-01
7.40	1.6200129669E-01
7.50	1.5908725226E-01
7.60	1.5620953093E-01
7.70	1.5336818886E-01
7.80	1.5056345448E-01
7.90	1.4779528821E-01
8.00	1.4506374008E-01
8.10	1.4236893161E-01
8.20	1.3971095793E-01
8.30	1.3708966609E-01
8.40	1.3450501044E-01
8.50	1.3195717804E-01
8.60	1.2944599195E-01
8.70	1.2697122812E-01
8.80	1.2453293623E-01
8.90	1.2213091995E-01
9.00	1.1976513971E-01
9.10	1.1743529415E-01
9.20	1.1514121618E-01
9.30	1.1288251348E-01
9.40	1.1065901236E-01
9.50	1.0847032419E-01
9.60	1.0631613488E-01
9.70	1.0419591929E-01
9.80	1.0210931161E-01
9.90	1.0005586881E-01
10.00	9.8035260116E-02
10.10	9.6046763995E-02
10.20	9.4089756854E-02
10.30	9.2163673212E-02
10.40	9.0267753956E-02
10.50	8.8401149113E-02
10.60	8.6563073777E-02
10.70	8.4752559876E-02
10.80	8.2968457232E-02
10.90	8.1209682553E-02
11.00	7.9475192813E-02
11.10	7.7763223561E-02
11.20	7.6072122667E-02
11.30	7.4400139785E-02
11.40	7.2745252500E-02
11.50	7.1105052476E-02
11.60	6.9477104548E-02
11.70	6.7858436943E-02
11.80	6.6245705289E-02
11.90	6.4635041932E-02
12.00	6.3022063367E-02
12.10	6.1401829190E-02
12.20	5.9768481341E-02
12.30	5.8115489783E-02
12.40	5.6435195414E-02
12.50	5.4718801577E-02
12.60	5.2956061391E-02
12.70	5.1135235409E-02
12.80	4.9242701730E-02
12.90	4.7262651843E-02
13.00	4.5176826316E-02
13.10	4.2964085265E-02
13.20	4.0599937201E-02
13.30	3.8056112093E-02
13.40	3.5300089568E-02
13.50	3.2294488202E-02
13.60	2.8996583363E-02
13.70	2.5357919494E-02
13.80	2.1323916259E-02
13.90	1.6833905272E-02
14.00	1.1821510464E-02
14.10	6.2158006890E-03
# 1p 3/2
0.10	2.1208344017E-02
0.20	4.3048270583E-02
0.30	6.3974548739E-02
0.40	8.4486004138E-02
0.50	1.0443440399E-01
0.60	1.2369425130E-01
0.70	1.4216892475E-01
0.80	1.5978611435E-01
0.90	1.7649554159E-01
1.00	1.9226723228E-01
1.10	2.0708822444E-01
1.20	2.2096252203E-01
1.30	2.3390502638E-01
1.40	2.4594388357E-01
1.50	2.5711208446E-01
1.60	2.6745108501E-01
1.70	2.7700446485E-01
1.80	2.8581890161E-01
1.90	2.9394175486E-01
2.00	3.0142046138E-01
2.10	3.0830139762E-01
2.20	3.1462938274E-01
2.30	3.2044759436E-01
2.40	3.2579634714E-01
2.50	3.3071471655E-01
2.60	3.3523772943E-01
2.70	3.3939995522E-01
2.80	3.4323106831E-01
2.90	3.4676010982E-01
3.00	3.5001330558E-01
3.10	3.5301514649E-01
3.20	3.5578807595E-01
3.30	3.5835236939E-01
3.40	3.6072650597E-01
3.50	3.6292782691E-01
3.60	3.6497148115E-01
3.70	3.6687206144E-01
3.80	3.6864244199E-01
3.90	3.7029448560E-01
4.00	3.7183909918E-01
4.10	3.7328626684E-01
4.20	3.7464505638E-01
4.30	3.7592363102E-01
4.40	3.7712949083E-01
4.50	3.7826947123E-01
4.60	3.7934987869E-01
4.70	3.8037604027E-01
4.80	3.8135242342E-01
4.90	3.8228403067E-01
5.00	3.8317457720E-01
5.10	3.8402772842E-01
5.20	3.8484669750E-01
5.30	3.8563412945E-01
5.40	3.8639233495E-01
5.50	3.8712359499E-01
5.60	3.8782995167E-01
5.70	3.8851317306E-01
5.80	3.8917421288E-01
5.90	3.8981454213E-01
6.00	3.9043540522E-01
6.10	3.9103752588E-01
6.20	3.9162160543E-01
6.30	3.9218860054E-01
6.40	3.9273891569E-01
6.50	3.9327327896E-01
6.60	3.9379239963E-01
6.70	3.9429657444E-01
6.80	3.9478609746E-01
6.90	3.9526140240E-01
7.00	3.9572334954E-01
7.10	3.9617196092E-01
7.20	3.9660783718E-01
7.30	3.9703115113E-01
7.40	3.9744243149E-01
7.50	3.9784210481E-01
7.60	3.9823039276E-01
7.70	3.9860793135E-01
7.80	3.9897479472E-01
7.90	3.9933173492E-01
8.00	3.9967918909E-01
8.10	4.0001760339E-01
8.20	4.0034725733E-01
8.30	4.0066882293E-01
8.40	4.0098296558E-01
8.50	4.0129020069E-01
8.60	4.0159115630E-01
8.70	4.0188663461E-01
8.80	4.0217726565E-01
8.90	4.0246388500E-01
9.00	4.0274695453E-01
9.10	4.0302778011E-01
9.20	4.0330722410E-01
9.30	4.0358644427E-01
9.40	4.0386650729E-01
9.50	4.0414885732E-01
9.60	4.0443493982E-01
9.70	4.0472616140E-01
9.80	4.0502424526E-01
9.90	4.0533110864E-01
10.00	4.0564837631E-01
10.10	4.0597877139E-01
10.20	4.0632505500E-01
10.30	4.0668982351E-01
10.40	4.0707595021E-01
10.50	4.0748695149E-01
10.60	4.0792668368E-01
10.70	4.0839945094E-01
10.80	4.0890994201E-01
10.90	4.0946322348E-01
11.00	4.1006476388E-01
11.10	4.1072104099E-01
11.20	4.1143910033E-01
11.30	4.1222664776E-01
11.40	4.1309193055E-01
11.50	4.1404440107E-01
11.60	4.1509416526E-01
11.70	4.1625207710E-01
11.80	4.1753018812E-01
11.90	4.1894141381E-01
12.00	4.2049973807E-01
12.10	4.2222020969E-01
12.20	4.2411873573E-01
12.30	4.2621191822E-01
12.40	4.2851693227E-01
12.50	4.3105144319E-01
12.60	4.3383316815E-01
12.70	4.3687882433E-01
12.80	4.4020380869E-01
12.90	4.4382106297E-01
13.00	4.4773947126E-01
13.10	4.5196211302E-01
13.20	4.5648347570E-01
13.30	4.6128614101E-01
13.40	4.6633656002E-01
13.50	4.7157944491E-01
13.60	4.7693043836E-01
13.70	4.8226683414E-01
13.80	4.8741584554E-01
13.90	4.9213987595E-01
14.00	4.9611821010E-01
14.10	4.9892444161E-01
# 1p 1/2
0.10	2.1333272723E-02
0.20	4.2953185651E-02
0.30	6.3921239274E-02
0.40	8.4455060148E-02
0.50	1.0441459684E-01
0.60	1.2368065390E-01
0.70	1.4215918391E-01
0.80	1.5977890855E-01
0.90	1.7649011645E-01
1.00	1.9226304283E-01
1.10	2.0708513092E-01
1.20	2.2096032541E-01
1.30	2.3390400509E-01
1.40	2.4594367532E-01
1.50	2.5711301137E-01
1.60	2.6745279674E-01
1.70	2.7700699569E-01
1.80	2.8582202201E-01
1.90	2.9394535596E-01
2.00	3.0142443007E-01
2.10	3.0830556531E-01
2.20	3.1463387812E-01
2.30	3.2045221785E-01
2.40	3.2580211165E-01
2.50	3.3072153644E-01
2.60	3.3524543502E-01
2.70	3.3940723638E-01
2.80	3.4323825572E-01
2.90	3.4676807915E-01
3.00	3.5002241535E-01
3.10	3.5302507799E-01
3.20	3.5579831758E-01
3.30	3.5836264482E-01
3.40	3.6073678102E-01
3.50	3.6293787657E-01
3.60	3.6498174872E-01
3.70	3.6688194880E-01
3.80	3.6865193649E-01
3.90	3.7030395202E-01
4.00	3.7184869565E-01
4.10	3.7329559816E-01
4.20	3.7465398000E-01
4.30	3.7593207487E-01
4.40	3.7713716079E-01
4.50	3.7827590059E-01
4.60	3.7935431999E-01
4.70	3.8037813687E-01
4.80	3.8135318702E-01
4.90	3.8228312875E-01
5.00	3.8317232160E-01
5.10	3.8402405487E-01
5.20	3.8484141610E-01
5.30	3.8562723827E-01
5.40	3.8638431658E-01
5.50	3.8711450298E-01
5.60	3.8781939338E-01
5.70	3.8850017868E-01
5.80	3.8915901538E-01
5.90	3.8979669133E-01
6.00	3.9041401301E-01
6.10	3.9101214731E-01
6.20	3.9159206911E-01
6.30	3.9215414051E-01
6.40	3.9269911250E-01
6.50	3.9322743649E-01
6.60	3.9373910457E-01
6.70	3.9423488047E-01
6.80	3.9471538345E-01
6.90	3.9518075517E-01
7.00	3.9563069938E-01
7.10	3.9606588420E-01
7.20	3.9648624478E-01
7.30	3.9689235802E-01
7.40	3.9728404597E-01
7.50	3.9766139906E-01
7.60	3.9802471694E-01
7.70	3.9837376830E-01
7.80	3.9870899771E-01
7.90	3.9902992692E-01
8.00	3.9933645141E-01
8.10	3.9962848552E-01
8.20	3.9990622673E-01
8.30	4.0016924209E-01
8.40	4.0041690301E-01
8.50	4.0064905232E-01
8.60	4.0086504628E-01
8.70	4.0106432681E-01
8.80	4.0124611798E-01
8.90	4.0140961887E-01
9.00	4.0155460573E-01
9.10	4.0167917354E-01
9.20	4.0178241559E-01
9.30	4.0186255101E-01
9.40	4.0191818227E-01
9.50	4.0194727892E-01
9.60	4.0194733921E-01
9.70	4.0191623020E-01
9.80	4.0185117058E-01
9.90	4.0174893732E-01
10.00	4.0160662138E-01
10.10	4.0141935192E-01
10.20	4.0118202680E-01
10.30	4.0088980312E-01
10.40	4.0053723503E-01
10.50	4.0011749370E-01
10.60	3.9962292201E-01
10.70	3.9904484158E-01
10.80	3.9837364368E-01
10.90	3.9759870763E-01
11.00	3.9670830833E-01
11.10	3.9568844495E-01
11.20	3.9452348406E-01
11.30	3.9319590243E-01
11.40	3.9168643353E-01
11.50	3.8997251618E-01
11.60	3.8802915889E-01
11.70	3.8582856605E-01
11.80	3.8333879195E-01
11.90	3.8052403376E-01
12.00	3.7734362688E-01
12.10	3.7375134137E-01
12.20	3.6969500170E-01
12.30	3.6511569488E-01
12.40	3.5994671274E-01
12.50	3.5411193199E-01
12.60	3.4752457791E-01
12.70	3.4008689618E-01
12.80	3.3168735912E-01
12.90	3.2219887278E-01
13.00	3.1147702534E-01
13.10	2.9935721073E-01
13.20	2.8565271471E-01
13.30	2.7015194854E-01
13.40	2.5261526057E-01
13.50	2.3277208859E-01
13.60	2.1031884438E-01
13.70	1.8491743339E-01
13.80	1.5619517215E-01
13.90	1.2374705985E-01
14.00	8.7141875762E-02
14.10	4.5936571913E-02
