# 1s 1/2
0.10	6.3564637922E-01
0.20	6.2911832616E-01
0.30	6.1861079084E-01
0.40	6.0471434729E-01
0.50	5.8808883574E-01
0.60	5.6939719629E-01
0.70	5.4925036361E-01
0.80	5.2817717549E-01
0.90	5.0661763368E-01
1.00	4.8493049520E-01
1.10	4.6340795411E-01
1.20	4.4229118076E-01
1.30	4.2178362388E-01
1.40	4.0206114125E-01
1.50	3.8327893191E-01
1.60	3.6557546444E-01
1.70	3.4907390662E-01
1.80	3.3388199240E-01
1.90	3.2009052250E-01
2.00	3.0777012653E-01
2.10	2.9696623194E-01
2.20	2.8769290739E-01
2.30	2.7992514832E-01
2.40	2.7359048479E-01
2.50	2.6856300521E-01
2.60	2.6466068425E-01
2.70	2.6164850385E-01
2.80	2.5925017904E-01
2.90	2.5716748798E-01
3.00	2.5510039335E-01
3.10	2.5276834231E-01
3.20	2.4992817169E-01
3.30	2.4638432824E-01
3.40	2.4199488633E-01
3.50	2.3667343492E-01
3.60	2.3038461850E-01
3.70	2.2313716743E-01
3.80	2.1497997585E-01
3.90	2.0599546982E-01
4.00	1.9628961958E-01
4.10	1.8598496731E-01
4.20	1.7521672391E-01
4.30	1.6412669370E-01
4.40	1.5285548991E-01
4.50	1.4153919710E-01
4.60	1.3030720072E-01
4.70	1.1927871872E-01
4.80	1.0855877221E-01
4.90	9.8238039407E-02
5.00	8.8392642354E-02
5.10	7.9083314284E-02
5.20	7.0354635437E-02
5.30	6.2236782102E-02
5.40	5.4746710838E-02
5.50	4.7888987047E-02
5.60	4.1656846472E-02
5.70	3.6034425664E-02
5.80	3.0998362855E-02
5.90	2.6519087831E-02
6.00	2.2562260261E-02
6.10	1.9090513053E-02
6.20	1.6064685121E-02
6.30	1.3444776017E-02
6.40	1.1190935640E-02
6.50	9.2643908316E-03
6.60	7.6280369949E-03
6.70	6.2468318707E-03
6.80	5.0881754972E-03
6.90	4.1221638133E-03
7.00	3.3216686483E-03
7.10	2.6623164950E-03
7.20	2.1224578569E-03
7.30	1.6830605522E-03
7.40	1.3275407949E-03
7.50	1.0415662763E-03
7.60	8.1286839683E-04
7.70	6.3103405905E-04
7.80	4.8729277207E-04
7.90	3.7431259275E-04
8.00	2.8601537017E-04
8.10	2.1739995475E-04
# 1p 3/2
0.10	3.6502610354E-02
0.20	7.2255461142E-02
0.30	1.0657297546E-01
0.40	1.3890523358E-01
0.50	1.6885786128E-01
0.60	1.9618912030E-01
0.70	2.2078864705E-01
0.80	2.4264869607E-01
0.90	2.6183708453E-01
1.00	2.7847604413E-01
1.10	2.9272816759E-01
1.20	3.0478800469E-01
1.30	3.1487734240E-01
1.40	3.2324251849E-01
1.50	3.3015247076E-01
1.60	3.3589641460E-01
1.70	3.4078043493E-01
1.80	3.4512295528E-01
1.90	3.4924867042E-01
2.00	3.5347996543E-01
2.10	3.5812505688E-01
2.20	3.6346297841E-01
2.30	3.6972438747E-01
2.40	3.7706877998E-01
2.50	3.8556228177E-01
2.60	3.9515831424E-01
2.70	4.0568632159E-01
2.80	4.1685540927E-01
2.90	4.2827468633E-01
3.00	4.3948163149E-01
3.10	4.4997949008E-01
3.20	4.5927577173E-01
3.30	4.6691235414E-01
3.40	4.7249090265E-01
3.50	4.7569206094E-01
3.60	4.7628217273E-01
3.70	4.7411313232E-01
3.80	4.6912648426E-01
3.90	4.6135010283E-01
4.00	4.5088487777E-01
4.10	4.3789505869E-01
4.20	4.2260359912E-01
4.30	4.0528079231E-01
4.40	3.8622649499E-01
4.50	3.6576116040E-01
4.60	3.4421880462E-01
4.70	3.2193572176E-01
4.80	2.9923645791E-01
4.90	2.7642932390E-01
5.00	2.5380166453E-01
5.10	2.3161324057E-01
5.20	2.1008952816E-01
5.30	1.8942240418E-01
5.40	1.6976968270E-01
5.50	1.5125393621E-01
5.60	1.3396235134E-01
5.70	1.1795077675E-01
5.80	1.0324644249E-01
5.90	8.9850177299E-02
6.00	7.7739581814E-02
6.10	6.6873765847E-02
6.20	5.7196868507E-02
6.30	4.8640996765E-02
6.40	4.1129621905E-02
6.50	3.4581081375E-02
6.60	2.8911130316E-02
6.70	2.4034935730E-02
6.80	1.9869152360E-02
6.90	1.6333628830E-02
7.00	1.3352503255E-02
7.10	1.0854913743E-02
7.20	8.7756625959E-03
7.30	7.0555511760E-03
7.40	5.6414135916E-03
7.50	4.4859715857E-03
7.60	3.5476615127E-03
7.70	2.7903062411E-03
7.80	2.1826943155E-03
7.90	1.6981258550E-03
8.00	1.3139768216E-03
8.10	1.0112366781E-03
# 1p 1/2
0.10	3.6502610354E-02
0.20	7.2255461142E-02
0.30	1.0657297546E-01
0.40	1.3890523358E-01
0.50	1.6885786128E-01
0.60	1.9618912030E-01
0.70	2.2078864705E-01
0.80	2.4264869607E-01
0.90	2.6183708453E-01
1.00	2.7847604413E-01
1.10	2.9272816759E-01
1.20	3.0478800469E-01
1.30	3.1487734240E-01
1.40	3.2324251849E-01
1.50	3.3015247076E-01
1.60	3.3589641460E-01
1.70	3.4078043493E-01
1.80	3.4512295528E-01
1.90	3.4924867042E-01
2.00	3.5347996543E-01
2.10	3.5812505688E-01
2.20	3.6346297841E-01
2.30	3.6972438747E-01
2.40	3.7706877998E-01
2.50	3.8556228177E-01
2.60	3.9515831424E-01
2.70	4.0568632159E-01
2.80	4.1685540927E-01
2.90	4.2827468633E-01
3.00	4.3948163149E-01
3.10	4.4997949008E-01
3.20	4.5927577173E-01
3.30	4.6691235414E-01
3.40	4.7249090265E-01
3.50	4.7569206094E-01
3.60	4.7628217273E-01
3.70	4.7411313232E-01
3.80	4.6912648426E-01
3.90	4.6135010283E-01
4.00	4.5088487777E-01
4.10	4.3789505869E-01
4.20	4.2260359912E-01
4.30	4.0528079231E-01
4.40	3.8622649499E-01
4.50	3.6576116040E-01
4.60	3.4421880462E-01
4.70	3.2193572176E-01
4.80	2.9923645791E-01
4.90	2.7642932390E-01
5.00	2.5380166453E-01
5.10	2.3161324057E-01
5.20	2.1008952816E-01
5.30	1.8942240418E-01
5.40	1.6976968270E-01
5.50	1.5125393621E-01
5.60	1.3396235134E-01
5.70	1.1795077675E-01
5.80	1.0324644249E-01
5.90	8.9850177299E-02
6.00	7.7739581814E-02
6.10	6.6873765847E-02
6.20	5.7196868507E-02
6.30	4.8640996765E-02
6.40	4.1129621905E-02
6.50	3.4581081375E-02
6.60	2.8911130316E-02
6.70	2.4034935730E-02
6.80	1.9869152360E-02
6.90	1.6333628830E-02
7.00	1.3352503255E-02
7.10	1.0854913743E-02
7.20	8.7756625959E-03
7.30	7.0555511760E-03
7.40	5.6414135916E-03
7.50	4.4859715857E-03
7.60	3.5476615127E-03
7.70	2.7903062411E-03
7.80	2.1826943155E-03
7.90	1.6981258550E-03
8.00	1.3139768216E-03
8.10	1.0112366781E-03
