# 1s 1/2
0.10	9.7856439835E-02
0.20	1.9349974350E-01
0.30	2.8486631545E-01
0.40	3.7021719248E-01
0.50	4.4818925724E-01
0.60	5.1781278811E-01
0.70	5.7852332478E-01
0.80	6.3018772085E-01
0.90	6.7280170550E-01
1.00	7.0677318569E-01
1.10	7.3238713753E-01
1.20	7.5019191747E-01
1.30	7.6065517132E-01
1.40	7.6410048578E-01
1.50	7.6115442712E-01
1.60	7.5198735487E-01
1.70	7.3687018514E-01
1.80	7.1616978282E-01
1.90	6.9021207736E-01
2.00	6.5937830458E-01
2.10	6.2408695136E-01
2.20	5.8509269323E-01
2.30	5.4299444341E-01
2.40	4.9893445574E-01
2.50	4.5389165427E-01
2.60	4.0893085133E-01
2.70	3.6507075581E-01
2.80	3.2333209435E-01
2.90	2.8429349227E-01
3.00	2.4846497019E-01
3.10	2.1611511628E-01
3.20	1.8723137638E-01
3.30	1.6170314323E-01
3.40	1.3933607550E-01
3.50	1.1982277441E-01
3.60	1.0294240741E-01
3.70	8.8338779816E-02
3.80	7.5751429704E-02
3.90	6.4926864334E-02
4.00	5.5634963042E-02
4.10	4.7668245684E-02
4.20	4.0843963636E-02
4.30	3.4987377077E-02
4.40	2.9976083651E-02
4.50	2.5689061319E-02
4.60	2.2015570310E-02
4.70	1.8872448118E-02
4.80	1.6175921956E-02
4.90	1.3870228567E-02
5.00	1.1894999456E-02
5.10	1.0201147360E-02
5.20	8.7484299938E-03
5.30	7.5049013125E-03
5.40	6.4383586575E-03
5.50	5.5233198629E-03
5.60	4.7385573110E-03
5.70	4.0655030322E-03
5.80	3.4877657611E-03
5.90	2.9919395251E-03
6.00	2.5657632914E-03
6.10	2.1996076007E-03
6.20	1.8851358505E-03
6.30	1.6148714907E-03
6.40	1.3824109724E-03
6.50	1.1824803065E-03
6.60	1.0105438537E-03
6.70	8.6246873107E-04
6.80	7.3484597784E-04
6.90	6.2496676376E-04
7.00	5.2996802256E-04
7.10	4.4774710604E-04
7.20	3.7645826853E-04
7.30	3.1431883834E-04
7.40	2.5983968540E-04
7.50	2.1178299049E-04
7.60	1.6887338739E-04
7.70	1.3006992502E-04
7.80	9.4268118379E-05
7.90	6.0689356425E-05
8.00	2.8414370905E-05
8.10	-4.6863363131E-06
# 1p 3/2
0.10	5.5648137621E-03
0.20	2.2035759569E-02
0.30	4.8833498101E-02
0.40	8.4896532837E-02
0.50	1.2892684192E-01
0.60	1.7945513185E-01
0.70	2.3496343256E-01
0.80	2.9380987323E-01
0.90	3.5455793076E-01
1.00	4.1566418822E-01
1.10	4.7582667737E-01
1.20	5.3371086538E-01
1.30	5.8816235997E-01
1.40	6.3808353261E-01
1.50	6.8227228888E-01
1.60	7.1979833461E-01
1.70	7.4977191093E-01
1.80	7.7134118210E-01
1.90	7.8389087232E-01
2.00	7.8695658503E-01
2.10	7.8043506043E-01
2.20	7.6446060878E-01
2.30	7.3973952387E-01
2.40	7.0723306289E-01
2.50	6.6832792785E-01
2.60	6.2468913033E-01
2.70	5.7804022523E-01
2.80	5.3009382709E-01
2.90	4.8246078904E-01
3.00	4.3624123522E-01
3.10	3.9241317093E-01
3.20	3.5155796917E-01
3.30	3.1393827406E-01
3.40	2.7968052915E-01
3.50	2.4875286787E-01
3.60	2.2094021950E-01
3.70	1.9609232255E-01
3.80	1.7392920730E-01
3.90	1.5422854186E-01
4.00	1.3672670206E-01
4.10	1.2121851830E-01
4.20	1.0746314373E-01
4.30	9.5283516105E-02
4.40	8.4495376323E-02
4.50	7.4941019451E-02
4.60	6.6489623883E-02
4.70	5.9003220131E-02
4.80	5.2373228623E-02
4.90	4.6500050901E-02
5.00	4.1299155120E-02
5.10	3.6690619544E-02
5.20	3.2601935227E-02
5.30	2.8982806695E-02
5.40	2.5768269932E-02
5.50	2.2918922035E-02
5.60	2.0390280617E-02
5.70	1.8146343621E-02
5.80	1.6154333785E-02
5.90	1.4386487784E-02
6.00	1.2816618022E-02
6.10	1.1421902863E-02
6.20	1.0183039630E-02
6.30	9.0838098709E-03
6.40	8.1060542062E-03
6.50	7.2379383047E-03
6.60	6.4668727325E-03
6.70	5.7823272706E-03
6.80	5.1748768767E-03
6.90	4.6361418614E-03
7.00	4.1586749324E-03
7.10	3.7358432048E-03
7.20	3.3617858007E-03
7.30	3.0312803279E-03
7.40	2.7397464945E-03
7.50	2.4825507095E-03
7.60	2.2559135460E-03
7.70	2.0560112605E-03
7.80	1.8792239883E-03
7.90	1.7214769837E-03
8.00	1.5784518589E-03
8.10	1.4450210512E-03
# 1p 1/2
0.10	5.4957574437E-03
0.20	2.1999546280E-02
0.30	4.8864514972E-02
0.40	8.4968958019E-02
0.50	1.2901827960E-01
0.60	1.7960689733E-01
0.70	2.3512478876E-01
0.80	2.9399630216E-01
0.90	3.5472096402E-01
1.00	4.1578838287E-01
1.10	4.7593252373E-01
1.20	5.3383837159E-01
1.30	5.8821950166E-01
1.40	6.3801437030E-01
1.50	6.8212873627E-01
1.60	7.1962269740E-01
1.70	7.4953867608E-01
1.80	7.7107900746E-01
1.90	7.8352460808E-01
2.00	7.8652187722E-01
2.10	7.7991368599E-01
2.20	7.6396521964E-01
2.30	7.3924125904E-01
2.40	7.0672362840E-01
2.50	6.6784301951E-01
2.60	6.2422324012E-01
2.70	5.7771868095E-01
2.80	5.2997354008E-01
2.90	4.8239466531E-01
3.00	4.3643168289E-01
3.10	3.9279549225E-01
3.20	3.5207947517E-01
3.30	3.1467248410E-01
3.40	2.8059612283E-01
3.50	2.4976236551E-01
3.60	2.2210328081E-01
3.70	1.9732092365E-01
3.80	1.7524874528E-01
3.90	1.5558553595E-01
4.00	1.3813133325E-01
4.10	1.2261159869E-01
4.20	1.0886870160E-01
4.30	9.6677104359E-02
4.40	8.5872250223E-02
4.50	7.6297869883E-02
4.60	6.7795019719E-02
4.70	6.0259643688E-02
4.80	5.3578098014E-02
4.90	4.7651235312E-02
5.00	4.2387328563E-02
5.10	3.7714264845E-02
5.20	3.3572570176E-02
5.30	2.9882115051E-02
5.40	2.6612741598E-02
5.50	2.3702385102E-02
5.60	2.1115440761E-02
5.70	1.8813918104E-02
5.80	1.6765911369E-02
5.90	1.4940850630E-02
6.00	1.3315307658E-02
6.10	1.1867537869E-02
6.20	1.0576459013E-02
6.30	9.4219245063E-03
6.40	8.3935232098E-03
6.50	7.4736933988E-03
6.60	6.6508381399E-03
6.70	5.9135876702E-03
6.80	5.2520194729E-03
6.90	4.6572234609E-03
7.00	4.1212852621E-03
7.10	3.6371559040E-03
7.20	3.1983952487E-03
7.30	2.7990935627E-03
7.40	2.4335357989E-03
7.50	2.0975212783E-03
7.60	1.7859962441E-03
7.70	1.4946365509E-03
7.80	1.2188547107E-03
7.90	9.5511768779E-04
8.00	6.9989051282E-04
8.10	4.5124983587E-04
