1.000000000000000056e-01 -7.824391508596706402e+00
2.000000000000000111e-01 -6.745643434656845017e+00
3.000000000000000444e-01 -6.599524657681108408e+00
4.000000000000000222e-01 -6.612161296617786732e+00
5.000000000000000000e-01 -6.657154174144135794e+00
5.999999999999999778e-01 -6.694964469726325973e+00
7.000000000000000666e-01 -6.734462453441493857e+00
8.000000000000000444e-01 -6.757703646226953964e+00
9.000000000000000222e-01 -6.789397508622218247e+00
1.000000000000000000e+00 -6.807772602107783122e+00
1.100000000000000089e+00 -6.822989862351541035e+00
1.200000000000000178e+00 -6.825648888674368031e+00
1.300000000000000266e+00 -6.820020134773640663e+00
1.400000000000000133e+00 -6.804754717598661351e+00
1.500000000000000222e+00 -6.777431337869034067e+00
1.600000000000000089e+00 -6.744178152749495503e+00
1.700000000000000178e+00 -6.698295510175194423e+00
1.800000000000000266e+00 -6.650764321326871453e+00
1.900000000000000133e+00 -6.592563751555022833e+00
2.000000000000000000e+00 -6.537078654020064938e+00
2.100000000000000089e+00 -6.474718373326139087e+00
2.200000000000000178e+00 -6.419278231129610823e+00
2.300000000000000266e+00 -6.361652910690136054e+00
2.400000000000000355e+00 -6.314711429152195521e+00
2.500000000000000444e+00 -6.270236991148175676e+00
2.600000000000000089e+00 -6.239602447812839792e+00
2.700000000000000178e+00 -6.215133706843397832e+00
2.800000000000000266e+00 -6.207038524339521857e+00
2.900000000000000355e+00 -6.206899509046591490e+00
3.000000000000000444e+00 -6.224991277292456715e+00
3.100000000000000089e+00 -6.250328233825674928e+00
3.200000000000000178e+00 -6.294709851715224680e+00
3.300000000000000266e+00 -6.342547146016870308e+00
3.400000000000000355e+00 -6.409004770319495670e+00
3.500000000000000444e+00 -6.471654689424652496e+00
3.600000000000000089e+00 -6.550863211388877616e+00
3.700000000000000178e+00 -6.615709759964591541e+00
3.800000000000000266e+00 -6.692800113167917786e+00
3.900000000000000355e+00 -6.742613932048299397e+00
4.000000000000000000e+00 -6.797504003193249211e+00
4.099999999999999645e+00 -6.811697020575196326e+00
4.200000000000000178e+00 -6.820577560392339755e+00
4.299999999999999822e+00 -6.777673392255191942e+00
4.399999999999999467e+00 -6.715674161868942171e+00
4.500000000000000000e+00 -6.596620621416561470e+00
4.599999999999999645e+00 -6.442012786263867419e+00
4.700000000000000178e+00 -6.233739107413354574e+00
4.799999999999999822e+00 -5.972265115916695066e+00
4.900000000000000355e+00 -5.670518433119671187e+00
5.000000000000000000e+00 -5.299278547802750872e+00
5.099999999999999645e+00 -4.909860996786346021e+00
5.200000000000000178e+00 -4.438900122457902775e+00
5.299999999999999822e+00 -3.976744835773972753e+00
5.400000000000000355e+00 -3.427931136724417627e+00
5.500000000000000000e+00 -2.914482166762560222e+00
5.599999999999999645e+00 -2.317799405029147941e+00
5.700000000000000178e+00 -1.777193507070898848e+00
5.799999999999999822e+00 -1.165649007637952872e+00
5.900000000000000355e+00 -6.211053066777482146e-01
6.000000000000000000e+00 -2.556620684884308367e-02
6.099999999999999645e+00 5.031795381647737875e-01
6.200000000000000178e+00 1.057685807510047482e+00
6.299999999999999822e+00 1.556002911655922194e+00
6.400000000000000355e+00 2.052126461842052940e+00
6.500000000000000000e+00 2.510673348186443832e+00
6.599999999999999645e+00 2.938899380926102367e+00
6.700000000000000178e+00 3.353132302539060028e+00
6.799999999999999822e+00 3.710673224503598711e+00
6.900000000000000355e+00 4.079845368230818003e+00
7.000000000000000000e+00 4.368833575957752124e+00
7.099999999999999645e+00 4.694844256172441277e+00
7.200000000000000178e+00 4.920785638330329448e+00
7.299999999999999822e+00 5.207234519942559814e+00
7.400000000000000355e+00 5.377361230488742372e+00
7.500000000000000000e+00 5.628581685959865410e+00
7.599999999999999645e+00 5.750807814149980324e+00
7.700000000000000178e+00 5.971394390045250411e+00
7.799999999999999822e+00 6.053464190945716084e+00
7.900000000000000355e+00 6.247915242393317747e+00
8.000000000000000000e+00 6.296990953997345208e+00
8.099999999999999645e+00 6.469370189128335724e+00
8.199999999999999289e+00 6.491790664893961171e+00
8.300000000000000711e+00 6.645742897863067711e+00
8.400000000000000355e+00 6.646924179155266010e+00
8.500000000000000000e+00 6.785511250763204494e+00
8.599999999999999645e+00 6.769966589209594154e+00
8.699999999999999289e+00 6.895906056949604235e+00
8.800000000000000711e+00 6.867313854244673443e+00
8.900000000000000355e+00 6.982716560340922030e+00
9.000000000000000000e+00 6.944189056186734099e+00
9.099999999999999645e+00 7.050902028162414403e+00
9.199999999999999289e+00 7.004819674670390128e+00
9.300000000000000711e+00 7.104266132919346610e+00
9.400000000000000355e+00 7.052568871156008612e+00
9.500000000000000000e+00 7.145991713065527939e+00
9.599999999999999645e+00 7.090121776902861050e+00
9.700000000000001066e+00 7.178560212104442506e+00
9.800000000000000711e+00 7.119677417389575602e+00
9.900000000000000355e+00 7.203896716366140041e+00
1.000000000000000000e+01 7.142968673306631544e+00
1.009999999999999964e+01 7.223514630841220807e+00
1.020000000000000107e+01 7.161228337906877073e+00
1.030000000000000071e+01 7.238692887784433871e+00
1.040000000000000036e+01 7.175625855788450913e+00
1.050000000000000000e+01 7.250341938084791771e+00
1.059999999999999964e+01 7.186794567181130411e+00
1.070000000000000107e+01 7.259158285362108387e+00
1.080000000000000071e+01 7.195441585050768474e+00
1.090000000000000036e+01 7.265685660986617833e+00
1.100000000000000000e+01 7.201978476355585634e+00
1.109999999999999964e+01 7.270254986851974799e+00
1.120000000000000107e+01 7.206639991865002592e+00
1.130000000000000071e+01 7.273020398802001019e+00
1.140000000000000036e+01 7.209552388125248790e+00
1.150000000000000000e+01 7.274069176830985306e+00
1.159999999999999964e+01 7.210599839848325310e+00
1.170000000000000107e+01 7.273186903847324913e+00
1.180000000000000071e+01 7.209481601084076097e+00
1.190000000000000036e+01 7.269887283722926696e+00
1.200000000000000000e+01 7.205604548700671685e+00
1.209999999999999964e+01 7.263338819678803127e+00
1.220000000000000107e+01 7.197809915919246571e+00
1.230000000000000071e+01 7.252138369675901863e+00
1.240000000000000036e+01 7.184334005674055668e+00
1.250000000000000000e+01 7.234051097883244630e+00
1.259999999999999964e+01 7.162327624658821001e+00
1.270000000000000107e+01 7.205518612031775127e+00
1.280000000000000071e+01 7.127459169100010428e+00
1.290000000000000036e+01 7.161061736565765834e+00
1.300000000000000000e+01 7.072819898538718064e+00
1.309999999999999964e+01 7.092174173780977142e+00
1.320000000000000107e+01 6.987854426473345981e+00
1.330000000000000071e+01 6.985746474831264763e+00
1.340000000000000036e+01 6.856308523457402160e+00
1.350000000000000000e+01 6.821546110682542796e+00
1.359999999999999964e+01 6.653026650726586055e+00
1.370000000000000107e+01 6.568355511938621660e+00
1.380000000000000071e+01 6.339328746585469077e+00
1.390000000000000036e+01 6.178191877369146212e+00
1.400000000000000000e+01 5.855710605081246634e+00
1.409999999999999964e+01 5.577271679717374475e+00
1.420000000000000107e+01 5.110530054590340931e+00
1.430000000000000071e+01 4.651943033813547679e+00
1.440000000000000036e+01 3.963033773793967818e+00
1.450000000000000000e+01 3.227742361532559556e+00
1.459999999999999964e+01 2.196934815188952062e+00
1.470000000000000107e+01 1.036504142916979898e+00
1.480000000000000071e+01 -5.198765290978917264e-01
1.490000000000000036e+01 -2.333260668019776496e+00
1.500000000000000000e+01 -4.697485221591391813e+00
1.509999999999999964e+01 -7.513398026375155858e+00
1.520000000000000107e+01 -1.111879071991903345e+01
1.530000000000000071e+01 -1.547354979104945727e+01
1.540000000000000036e+01 -2.098417388333110978e+01
1.550000000000000000e+01 -2.769629167790968793e+01
1.559999999999999964e+01 -3.622191621788667248e+01
1.570000000000000107e+01 -5.072267881027872249e+01
