1.000000000000000056e-01 -1.002014319553000909e+01
2.000000000000000111e-01 -8.938498567658816896e+00
3.000000000000000444e-01 -8.792634606256813257e+00
4.000000000000000222e-01 -8.815982448782961001e+00
5.000000000000000000e-01 -8.869288985813499337e+00
5.999999999999999778e-01 -8.905222055523795532e+00
7.000000000000000666e-01 -8.956481074608598547e+00
8.000000000000000444e-01 -8.969633145448284495e+00
9.000000000000000222e-01 -9.017636107655979671e+00
1.000000000000000000e+00 -9.022440981627381618e+00
1.100000000000000089e+00 -9.044407562435647918e+00
1.200000000000000178e+00 -9.036603922753579710e+00
1.300000000000000266e+00 -9.028373672661427207e+00
1.400000000000000133e+00 -9.002261505266053732e+00
1.500000000000000222e+00 -8.967915243744881693e+00
1.600000000000000089e+00 -8.922192750572442321e+00
1.700000000000000178e+00 -8.867584700767148220e+00
1.800000000000000266e+00 -8.807804347541184242e+00
1.900000000000000133e+00 -8.741847628495211353e+00
2.000000000000000000e+00 -8.675426219806723793e+00
2.100000000000000089e+00 -8.609995288254586043e+00
2.200000000000000178e+00 -8.546158915243434961e+00
2.300000000000000266e+00 -8.491701967317549560e+00
2.400000000000000355e+00 -8.441720503862160996e+00
2.500000000000000444e+00 -8.406646945646343738e+00
2.600000000000000089e+00 -8.379733945412255025e+00
2.700000000000000178e+00 -8.370740543467796613e+00
2.800000000000000266e+00 -8.373739507153066697e+00
2.900000000000000355e+00 -8.393109940068098851e+00
3.000000000000000444e+00 -8.428599782207060187e+00
3.100000000000000089e+00 -8.476217852810711051e+00
3.200000000000000178e+00 -8.538422234513410203e+00
3.300000000000000266e+00 -8.610377228401894456e+00
3.400000000000000355e+00 -8.688574503400854354e+00
3.500000000000000444e+00 -8.771666004965336327e+00
3.600000000000000089e+00 -8.851132656199311555e+00
3.700000000000000178e+00 -8.924343271303662561e+00
3.800000000000000266e+00 -8.984050161631710552e+00
3.900000000000000355e+00 -9.021843173795801363e+00
4.000000000000000000e+00 -9.035089617102116222e+00
4.099999999999999645e+00 -9.009866092750172584e+00
4.200000000000000178e+00 -8.947589690523408024e+00
4.299999999999999822e+00 -8.834259598253861867e+00
4.399999999999999467e+00 -8.669866074805804956e+00
4.500000000000000000e+00 -8.450659738391884446e+00
4.599999999999999645e+00 -8.165649421969316535e+00
4.700000000000000178e+00 -7.834172131294416808e+00
4.799999999999999822e+00 -7.423143696800567071e+00
4.900000000000000355e+00 -6.986308482328214886e+00
5.000000000000000000e+00 -6.460055517160165905e+00
5.099999999999999645e+00 -5.936102549668416550e+00
5.200000000000000178e+00 -5.321086235080368709e+00
5.299999999999999822e+00 -4.735874124435524912e+00
5.400000000000000355e+00 -4.068953243473820258e+00
5.500000000000000000e+00 -3.451851129896818193e+00
5.599999999999999645e+00 -2.772641441928436201e+00
5.700000000000000178e+00 -2.152749431744188868e+00
5.799999999999999822e+00 -1.496354368755746789e+00
5.900000000000000355e+00 -8.995307236586645994e-01
6.000000000000000000e+00 -2.916572851878185824e-01
6.099999999999999645e+00 2.613159405748612940e-01
6.200000000000000178e+00 8.060930352847538449e-01
6.299999999999999822e+00 1.299992129233282778e+00
6.400000000000000355e+00 1.777413872091892832e+00
6.500000000000000000e+00 2.202784349023306110e+00
6.599999999999999645e+00 2.616208527245410753e+00
6.700000000000000178e+00 2.968819526138922971e+00
6.799999999999999822e+00 3.325943569677547895e+00
6.900000000000000355e+00 3.606173279848118529e+00
7.000000000000000000e+00 3.916164620633467486e+00
7.099999999999999645e+00 4.128481375755741922e+00
7.200000000000000178e+00 4.399751798987333373e+00
7.299999999999999822e+00 4.551664457567556887e+00
7.400000000000000355e+00 4.790722638998810901e+00
7.500000000000000000e+00 4.891941319215421302e+00
7.599999999999999645e+00 5.102795031792537017e+00
7.700000000000000178e+00 5.164829701698072206e+00
7.799999999999999822e+00 5.348267530358826960e+00
7.900000000000000355e+00 5.383740751873289376e+00
8.000000000000000000e+00 5.539436232345305022e+00
8.099999999999999645e+00 5.558676771495962399e+00
8.199999999999999289e+00 5.687271379801367210e+00
8.300000000000000711e+00 5.698553224253981142e+00
8.400000000000000355e+00 5.799970685428752049e+00
8.500000000000000000e+00 5.811197264751095659e+00
8.599999999999999645e+00 5.884911914172088032e+00
8.699999999999999289e+00 5.901815283230235742e+00
8.800000000000000711e+00 5.948601374628576188e+00
8.900000000000000355e+00 5.974584763976573676e+00
9.000000000000000000e+00 5.996051136679791504e+00
9.099999999999999645e+00 6.033117163256719095e+00
9.199999999999999289e+00 6.031171959849323194e+00
9.300000000000000711e+00 6.079941681236420870e+00
9.400000000000000355e+00 6.057364478952340647e+00
9.500000000000000000e+00 6.117032575521919036e+00
9.599999999999999645e+00 6.077300628430275076e+00
9.700000000000001066e+00 6.145780097657552510e+00
9.800000000000000711e+00 6.093137172058688655e+00
9.900000000000000355e+00 6.167259587261948006e+00
1.000000000000000000e+01 6.106542010627899586e+00
1.009999999999999964e+01 6.182351414673455281e+00
1.020000000000000107e+01 6.118848943980006894e+00
1.030000000000000071e+01 6.191898406016528966e+00
1.040000000000000036e+01 6.130791165982067525e+00
1.050000000000000000e+01 6.196755362094992670e+00
1.059999999999999964e+01 6.142595067750343141e+00
1.070000000000000107e+01 6.197800208181461379e+00
1.080000000000000071e+01 6.154048088480355005e+00
1.090000000000000036e+01 6.196212334741183270e+00
1.100000000000000000e+01 6.165147402212832084e+00
1.109999999999999964e+01 6.192544602647095608e+00
1.120000000000000107e+01 6.175815445082148969e+00
1.130000000000000071e+01 6.187431171457360435e+00
1.140000000000000036e+01 6.185357260362588150e+00
1.150000000000000000e+01 6.181671569474199934e+00
1.159999999999999964e+01 6.193645923395704855e+00
1.170000000000000107e+01 6.175069540578262739e+00
1.180000000000000071e+01 6.200919896868533954e+00
1.190000000000000036e+01 6.167724506067079560e+00
1.200000000000000000e+01 6.205960057781726213e+00
1.209999999999999964e+01 6.160414866576072512e+00
1.220000000000000107e+01 6.207597717200629361e+00
1.230000000000000071e+01 6.152931052113610910e+00
1.240000000000000036e+01 6.205004056134623802e+00
1.250000000000000000e+01 6.144535953557387131e+00
1.259999999999999964e+01 6.196912868484240278e+00
1.270000000000000107e+01 6.133588593851929005e+00
1.280000000000000071e+01 6.181522588536084939e+00
1.290000000000000036e+01 6.117653841666046866e+00
1.300000000000000000e+01 6.155974028889427352e+00
1.309999999999999964e+01 6.092713973563791185e+00
1.320000000000000107e+01 6.115847344499141691e+00
1.330000000000000071e+01 6.052496470249296934e+00
1.340000000000000036e+01 6.054059231261180507e+00
1.350000000000000000e+01 5.987347295567229111e+00
1.359999999999999964e+01 5.959225112166691929e+00
1.370000000000000107e+01 5.882294497450811122e+00
1.380000000000000071e+01 5.813493715062983291e+00
1.390000000000000036e+01 5.714125185942522833e+00
1.400000000000000000e+01 5.588370032710270330e+00
1.409999999999999964e+01 5.446536150172117452e+00
1.420000000000000107e+01 5.239037433441253278e+00
1.430000000000000071e+01 5.022811460430542496e+00
1.440000000000000036e+01 4.695418010924885088e+00
1.450000000000000000e+01 4.353869651130355400e+00
1.459999999999999964e+01 3.846880186343313301e+00
1.470000000000000107e+01 3.300735472288460315e+00
1.480000000000000071e+01 2.519415887124541786e+00
1.490000000000000036e+01 1.644695413814186935e+00
1.500000000000000000e+01 4.394986496594677772e-01
1.509999999999999964e+01 -1.292921925076696343e+00
1.520000000000000107e+01 -2.729704834842139771e+00
