1.000000000000000056e-01 -1.143365273984455968e+02
2.000000000000000111e-01 -1.131784504151875836e+02
3.000000000000000444e-01 -1.130784631784387386e+02
4.000000000000000222e-01 -1.131082036876883450e+02
5.000000000000000000e-01 -1.131606667557946082e+02
5.999999999999999778e-01 -1.132079024829893683e+02
7.000000000000000666e-01 -1.132479876315474030e+02
8.000000000000000444e-01 -1.132794428341109381e+02
9.000000000000000222e-01 -1.133113594472586243e+02
1.000000000000000000e+00 -1.133302046056595742e+02
1.100000000000000089e+00 -1.133406615114321028e+02
1.200000000000000178e+00 -1.133369223047951522e+02
1.300000000000000266e+00 -1.133234746695782178e+02
1.400000000000000133e+00 -1.132938823871973710e+02
1.500000000000000222e+00 -1.132535771302913332e+02
1.600000000000000089e+00 -1.132004607696772496e+02
1.700000000000000178e+00 -1.131423971606238865e+02
1.800000000000000266e+00 -1.130741339959542984e+02
1.900000000000000133e+00 -1.130066604892020905e+02
2.000000000000000000e+00 -1.129356368469690750e+02
2.100000000000000089e+00 -1.128686269354747651e+02
2.200000000000000178e+00 -1.128012857618779918e+02
2.300000000000000266e+00 -1.127493236112149333e+02
2.400000000000000355e+00 -1.127034955893082468e+02
2.500000000000000444e+00 -1.126710050666606548e+02
2.600000000000000089e+00 -1.126504732107998308e+02
2.700000000000000178e+00 -1.126444686815834331e+02
2.800000000000000266e+00 -1.126606903575085425e+02
2.900000000000000355e+00 -1.126832830841771909e+02
3.000000000000000444e+00 -1.127357692605957169e+02
3.100000000000000089e+00 -1.127899824427425131e+02
3.200000000000000178e+00 -1.128680400174433345e+02
3.300000000000000266e+00 -1.129434864536517580e+02
3.400000000000000355e+00 -1.130344590592888636e+02
3.500000000000000444e+00 -1.131183467149194968e+02
3.600000000000000089e+00 -1.132079819531357288e+02
3.700000000000000178e+00 -1.132660587113509365e+02
3.800000000000000266e+00 -1.133185141633918533e+02
3.900000000000000355e+00 -1.133346895118763200e+02
4.000000000000000000e+00 -1.133208152706773006e+02
4.099999999999999645e+00 -1.132638286266645764e+02
4.200000000000000178e+00 -1.131551931446482371e+02
4.299999999999999822e+00 -1.129899166783142164e+02
4.399999999999999467e+00 -1.127670857781013467e+02
4.500000000000000000e+00 -1.124784220781525192e+02
4.599999999999999645e+00 -1.121310282905084819e+02
4.700000000000000178e+00 -1.117031696513200814e+02
4.799999999999999822e+00 -1.112455175746819407e+02
4.900000000000000355e+00 -1.106932899240009220e+02
5.000000000000000000e+00 -1.101388941730615159e+02
5.099999999999999645e+00 -1.094901293625181751e+02
5.200000000000000178e+00 -1.088694904406266630e+02
5.299999999999999822e+00 -1.081667806740419167e+02
5.400000000000000355e+00 -1.075102858700251005e+02
5.500000000000000000e+00 -1.067947192072072795e+02
5.599999999999999645e+00 -1.061307717400310224e+02
5.700000000000000178e+00 -1.054456926815064719e+02
5.799999999999999822e+00 -1.048060608462961198e+02
5.900000000000000355e+00 -1.041777346036829641e+02
6.000000000000000000e+00 -1.035909568075194471e+02
6.099999999999999645e+00 -1.030210421851426048e+02
6.200000000000000178e+00 -1.025049589258873084e+02
6.299999999999999822e+00 -1.020004389906716114e+02
6.400000000000000355e+00 -1.015722023954736670e+02
6.500000000000000000e+00 -1.011251877383552085e+02
6.599999999999999645e+00 -1.007726952643162690e+02
6.700000000000000178e+00 -1.003940938184085212e+02
6.799999999999999822e+00 -1.001161874426543079e+02
6.900000000000000355e+00 -9.979127020195670639e+01
7.000000000000000000e+00 -9.957508059547458856e+01
7.099999999999999645e+00 -9.930282170837612910e+01
7.200000000000000178e+00 -9.913886855540306442e+01
7.299999999999999822e+00 -9.891982831288812861e+01
7.400000000000000355e+00 -9.877950676701388488e+01
7.500000000000000000e+00 -9.861822212473207117e+01
7.599999999999999645e+00 -9.849065458613331714e+01
7.700000000000000178e+00 -9.838682704989165018e+01
7.799999999999999822e+00 -9.825956104294374427e+01
7.900000000000000355e+00 -9.820481836347951798e+01
8.000000000000000000e+00 -9.807829528099343008e+01
8.099999999999999645e+00 -9.806375010488861221e+01
8.199999999999999289e+00 -9.793777640664829676e+01
8.300000000000000711e+00 -9.794870503637346815e+01
8.400000000000000355e+00 -9.783270190133170274e+01
8.500000000000000000e+00 -9.786359777209119670e+01
8.599999999999999645e+00 -9.775086961764326077e+01
8.699999999999999289e+00 -9.778498066231180985e+01
8.800000000000000711e+00 -9.769854303596605405e+01
8.900000000000000355e+00 -9.772168599050496596e+01
9.000000000000000000e+00 -9.766007276952055349e+01
9.099999999999999645e+00 -9.767036440283331444e+01
9.199999999999999289e+00 -9.763505621019974967e+01
9.300000000000000711e+00 -9.762136790432649036e+01
9.400000000000000355e+00 -9.762472790073421436e+01
9.500000000000000000e+00 -9.758154877473648980e+01
9.599999999999999645e+00 -9.760986119259848692e+01
9.700000000000001066e+00 -9.755245363144504722e+01
9.800000000000000711e+00 -9.760458459513220930e+01
9.900000000000000355e+00 -9.753329254772873469e+01
1.000000000000000000e+01 -9.759043570011209567e+01
1.009999999999999964e+01 -9.752092592431007745e+01
1.020000000000000107e+01 -9.758101102259016102e+01
1.030000000000000071e+01 -9.751273487882208713e+01
1.040000000000000036e+01 -9.756791043345768344e+01
1.050000000000000000e+01 -9.751441338649000556e+01
1.059999999999999964e+01 -9.755698524666578919e+01
1.070000000000000107e+01 -9.751983873451098361e+01
1.080000000000000071e+01 -9.753907095203895494e+01
1.090000000000000036e+01 -9.752709287475165922e+01
1.100000000000000000e+01 -9.751796465636367373e+01
1.109999999999999964e+01 -9.753801549892637013e+01
1.120000000000000107e+01 -9.750722911374890600e+01
1.130000000000000071e+01 -9.753894011273578712e+01
1.140000000000000036e+01 -9.749889909716729619e+01
1.150000000000000000e+01 -9.754636289150951711e+01
1.159999999999999964e+01 -9.749177574893079168e+01
1.170000000000000107e+01 -9.755189918513787006e+01
1.180000000000000071e+01 -9.749113985685876571e+01
1.190000000000000036e+01 -9.754236763620318129e+01
1.200000000000000000e+01 -9.749292869134376360e+01
1.209999999999999964e+01 -9.754129737329290606e+01
1.220000000000000107e+01 -9.749631317002965147e+01
1.230000000000000071e+01 -9.753401423775898138e+01
1.240000000000000036e+01 -9.750687408786473043e+01
1.250000000000000000e+01 -9.752470161902705570e+01
1.259999999999999964e+01 -9.751771084696135006e+01
1.270000000000000107e+01 -9.751850112492357425e+01
1.280000000000000071e+01 -9.752919756529986728e+01
1.290000000000000036e+01 -9.750520437504013671e+01
1.300000000000000000e+01 -9.754042326741340219e+01
1.309999999999999964e+01 -9.750397969392386699e+01
1.320000000000000107e+01 -9.755324714624023841e+01
1.330000000000000071e+01 -9.750263143962897061e+01
1.340000000000000036e+01 -9.756440169387744277e+01
1.350000000000000000e+01 -9.751159200550189610e+01
1.359999999999999964e+01 -9.757348590260282606e+01
1.370000000000000107e+01 -9.753154861605045767e+01
1.380000000000000071e+01 -9.758828426762391928e+01
1.390000000000000036e+01 -9.756434897789911531e+01
1.400000000000000000e+01 -9.761264949128680257e+01
1.409999999999999964e+01 -9.761775893881200261e+01
1.420000000000000107e+01 -9.766136600361851094e+01
1.430000000000000071e+01 -9.769116980412047724e+01
1.440000000000000036e+01 -9.773909653360119876e+01
1.450000000000000000e+01 -9.781807564259180765e+01
1.459999999999999964e+01 -9.789008218495050073e+01
1.470000000000000107e+01 2.092450656626877787e+02
1.480000000000000071e+01 -1.089365413043913406e+02
1.490000000000000036e+01 1.536436434372005351e+04
