# 1s 1/2
0.10	1.3841216581E-01
0.20	2.7360949615E-01
0.30	4.0238415658E-01
0.40	5.2147970418E-01
0.50	6.2768079717E-01
0.60	7.1793176662E-01
0.70	7.8950331852E-01
0.80	8.4018576930E-01
0.90	8.6845233760E-01
1.00	8.7355994020E-01
1.10	8.5556974040E-01
1.20	8.1536013683E-01
1.30	7.5458084036E-01
1.40	6.7554530258E-01
1.50	5.8114549639E-01
1.60	4.7469124765E-01
1.70	3.5988533902E-01
1.80	2.4052938376E-01
1.90	1.2051528408E-01
2.00	3.6817112758E-03
2.10	-1.0627535550E-01
2.20	-2.0591135911E-01
2.30	-2.9217672550E-01
2.40	-3.6267502873E-01
2.50	-4.1588166549E-01
2.60	-4.5136428385E-01
2.70	-4.6991296818E-01
2.80	-4.7341960136E-01
2.90	-4.6450797275E-01
3.00	-4.4613852564E-01
3.10	-4.2122124144E-01
3.20	-3.9232376675E-01
3.30	-3.6151916633E-01
3.40	-3.3036355886E-01
3.50	-2.9994513463E-01
3.60	-2.7096410644E-01
3.70	-2.4383210633E-01
3.80	-2.1875174986E-01
3.90	-1.9578110524E-01
4.00	-1.7489342695E-01
4.10	-1.5599799469E-01
4.20	-1.3897437637E-01
4.30	-1.2368663250E-01
4.40	-1.0999238676E-01
4.50	-9.7748353897E-02
4.60	-8.6812891867E-02
4.70	-7.7062831603E-02
4.80	-6.8377360803E-02
4.90	-6.0647801121E-02
5.00	-5.3772154552E-02
5.10	-4.7661027188E-02
5.20	-4.2230979437E-02
5.30	-3.7408884328E-02
5.40	-3.3129055594E-02
5.50	-2.9331649698E-02
5.60	-2.5963373399E-02
5.70	-2.2976844537E-02
5.80	-2.0328381245E-02
5.90	-1.7980019038E-02
6.00	-1.5898443114E-02
6.10	-1.4053394804E-02
6.20	-1.2417933024E-02
6.30	-1.0967730310E-02
6.40	-9.6818338420E-03
6.50	-8.5412175716E-03
6.60	-7.5290807034E-03
6.70	-6.6301046833E-03
6.80	-5.8309263443E-03
6.90	-5.1195395012E-03
7.00	-4.4849040929E-03
7.10	-3.9171672093E-03
7.20	-3.4073535811E-03
7.30	-2.9468859932E-03
7.40	-2.5275739379E-03
7.50	-2.1412088492E-03
7.60	-1.7794445494E-03
7.70	-1.4335103054E-03
7.80	-1.0969151355E-03
# 1p 3/2
0.10	4.4704065282E-03
0.20	1.7818022310E-02
0.30	3.9813960339E-02
0.40	7.0100773424E-02
0.50	1.0812796068E-01
0.60	1.5313974430E-01
0.70	2.0418200712E-01
0.80	2.6012506568E-01
0.90	3.1968014312E-01
1.00	3.8147390135E-01
1.10	4.4407183274E-01
1.20	5.0600057596E-01
1.30	5.6579466753E-01
1.40	6.2208017889E-01
1.50	6.7351921776E-01
1.60	7.1889047140E-01
1.70	7.5707345171E-01
1.80	7.8709769035E-01
1.90	8.0798227260E-01
2.00	8.1887010289E-01
2.10	8.1905355919E-01
2.20	8.0797027459E-01
2.30	7.8542348374E-01
2.40	7.5174438251E-01
2.50	7.0799737406E-01
2.60	6.5596009169E-01
2.70	5.9809557059E-01
2.80	5.3714029478E-01
2.90	4.7580402156E-01
3.00	4.1643411941E-01
3.10	3.6080375252E-01
3.20	3.1003844361E-01
3.30	2.6466757192E-01
3.40	2.2478852665E-01
3.50	1.9017911427E-01
3.60	1.6042783445E-01
3.70	1.3503907038E-01
3.80	1.1348672759E-01
3.90	9.5269513621E-02
4.00	7.9908389605E-02
4.10	6.6990925085E-02
4.20	5.6139529132E-02
4.30	4.7034011807E-02
4.40	3.9399894327E-02
4.50	3.3002070499E-02
4.60	2.7642530090E-02
4.70	2.3152027788E-02
4.80	1.9391761810E-02
4.90	1.6242532701E-02
5.00	1.3605646163E-02
5.10	1.1397489016E-02
5.20	9.5477247356E-03
5.30	7.9984649533E-03
5.40	6.7013623804E-03
5.50	5.6150541667E-03
5.60	4.7053118484E-03
5.70	3.9431988699E-03
5.80	3.3048340742E-03
5.90	2.7701641830E-03
6.00	2.3222349501E-03
6.10	1.9470556611E-03
6.20	1.6327674965E-03
6.30	1.3695549360E-03
6.40	1.1491623043E-03
6.50	9.6471023401E-04
6.60	8.1037753049E-04
6.70	6.8134508097E-04
6.80	5.7356791093E-04
6.90	4.8363245564E-04
7.00	4.0869406065E-04
7.10	3.4636003400E-04
7.20	2.9465239623E-04
7.30	2.5187237709E-04
7.40	2.1656545179E-04
7.50	1.8744837408E-04
7.60	1.6335983581E-04
7.70	1.4316025181E-04
7.80	1.2571858486E-04
# 1p 1/2
0.10	4.4675134836E-03
0.20	1.7831471301E-02
0.30	3.9840734609E-02
0.40	7.0144732041E-02
0.50	1.0818990169E-01
0.60	1.5322382933E-01
0.70	2.0429934681E-01
0.80	2.6026768889E-01
0.90	3.1984865400E-01
1.00	3.8165434014E-01
1.10	4.4423636588E-01
1.20	5.0614601443E-01
1.30	5.6595223704E-01
1.40	6.2222836208E-01
1.50	6.7365842820E-01
1.60	7.1899588314E-01
1.70	7.5715275430E-01
1.80	7.8709387243E-01
1.90	8.0792206834E-01
2.00	8.1877472126E-01
2.10	8.1897769719E-01
2.20	8.0790597739E-01
2.30	7.8533345271E-01
2.40	7.5163066004E-01
2.50	7.0788784915E-01
2.60	6.5585830346E-01
2.70	5.9801007642E-01
2.80	5.3706832921E-01
2.90	4.7575270753E-01
3.00	4.1640236701E-01
3.10	3.6078342477E-01
3.20	3.1003070331E-01
3.30	2.6466344918E-01
3.40	2.2478540852E-01
3.50	1.9017787993E-01
3.60	1.6043902616E-01
3.70	1.3505991495E-01
3.80	1.1351929888E-01
3.90	9.5298930011E-02
4.00	7.9937140613E-02
4.10	6.7017763205E-02
4.20	5.6164086965E-02
4.30	4.7058728615E-02
4.40	3.9422853098E-02
4.50	3.3023205935E-02
4.60	2.7660757798E-02
4.70	2.3168929808E-02
4.80	1.9406441384E-02
4.90	1.6255050846E-02
5.00	1.3616052268E-02
5.10	1.1406479724E-02
5.20	9.5559025705E-03
5.30	8.0063304238E-03
5.40	6.7081773389E-03
5.50	5.6208863962E-03
5.60	4.7102683296E-03
5.70	3.9475088705E-03
5.80	3.3086081806E-03
5.90	2.7734280599E-03
6.00	2.3251901183E-03
6.10	1.9496750946E-03
6.20	1.6351608303E-03
6.30	1.3718530474E-03
6.40	1.1514535940E-03
6.50	9.6702343147E-04
6.60	8.1276655226E-04
6.70	6.8384229152E-04
6.80	5.7621367979E-04
6.90	4.8649301119E-04
7.00	4.1185466808E-04
7.10	3.4994701153E-04
7.20	2.9878101165E-04
7.30	2.5667781472E-04
7.40	2.2217829490E-04
7.50	1.9403576123E-04
7.60	1.7108011277E-04
7.70	1.5219561473E-04
7.80	1.3618084097E-04
# 1d 5/2
0.10	2.4472663903E-04
0.20	1.9506394216E-03
0.30	6.5168538323E-03
0.40	1.5253885586E-02
0.50	2.9307781997E-02
0.60	4.9606289529E-02
0.70	7.6809282151E-02
0.80	1.1126224500E-01
0.90	1.5298080324E-01
1.00	2.0162377463E-01
1.10	2.5653667432E-01
1.20	3.1674138327E-01
1.30	3.8095547634E-01
1.40	4.4763999125E-01
1.50	5.1509404557E-01
1.60	5.8145500955E-01
1.70	6.4476999543E-01
1.80	7.0302309540E-01
1.90	7.5416703865E-01
2.00	7.9618174538E-01
2.10	8.2709159026E-01
2.20	8.4513463047E-01
2.30	8.4901020633E-01
2.40	8.3807370023E-01
2.50	8.1261605296E-01
2.60	7.7405723098E-01
2.70	7.2477575181E-01
2.80	6.6787488194E-01
2.90	6.0670078941E-01
3.00	5.4435994441E-01
3.10	4.8343073856E-01
3.20	4.2575478973E-01
3.30	3.7252537937E-01
3.40	3.2433384799E-01
3.50	2.8133918646E-01
3.60	2.4339898894E-01
3.70	2.1018557315E-01
3.80	1.8127793680E-01
3.90	1.5622021133E-01
4.00	1.3456228029E-01
4.10	1.1587444334E-01
4.20	9.9775651412E-02
4.30	8.5917260262E-02
4.40	7.3991431019E-02
4.50	6.3731236657E-02
4.60	5.4906154834E-02
4.70	4.7313457723E-02
4.80	4.0780062188E-02
4.90	3.5158015024E-02
5.00	3.0317662157E-02
5.10	2.6151056095E-02
5.20	2.2563116786E-02
5.30	1.9473234542E-02
5.40	1.6810835281E-02
5.50	1.4516935855E-02
5.60	1.2540044488E-02
5.70	1.0836174774E-02
5.80	9.3677224993E-03
5.90	8.1022404144E-03
6.00	7.0115991331E-03
6.10	6.0716708225E-03
6.20	5.2620936269E-03
6.30	4.5652756704E-03
6.40	3.9659576984E-03
6.50	3.4512075000E-03
6.60	3.0097596405E-03
6.70	2.6322661976E-03
6.80	2.3104190390E-03
6.90	2.0371266253E-03
7.00	1.8066110475E-03
7.10	1.6136339744E-03
7.20	1.4537580628E-03
7.30	1.3231740537E-03
7.40	1.2183294516E-03
7.50	1.1359589262E-03
7.60	1.0724144208E-03
7.70	1.0232357687E-03
7.80	9.8143681087E-04
# 2s 1/2
0.10	-1.4875917907E-02
0.20	-3.0869641538E-02
0.30	-4.8997790612E-02
0.40	-7.0233369011E-02
0.50	-9.5382687763E-02
0.60	-1.2505721474E-01
0.70	-1.5964593755E-01
0.80	-1.9927728954E-01
0.90	-2.4380933547E-01
1.00	-2.9285460207E-01
1.10	-3.4578361426E-01
1.20	-4.0170844704E-01
1.30	-4.5953972904E-01
1.40	-5.1802477934E-01
1.50	-5.7573651115E-01
1.60	-6.3116070133E-01
1.70	-6.8272641320E-01
1.80	-7.2877926210E-01
1.90	-7.6771478311E-01
2.00	-7.9785500407E-01
2.10	-8.1759128473E-01
2.20	-8.2558510334E-01
2.30	-8.2080734843E-01
2.40	-8.0292428147E-01
2.50	-7.7240000917E-01
2.60	-7.3065314077E-01
2.70	-6.8001889834E-01
2.80	-6.2337538113E-01
2.90	-5.6370381116E-01
3.00	-5.0383179418E-01
3.10	-4.4597329340E-01
3.20	-3.9174043672E-01
3.30	-3.4208639152E-01
3.40	-2.9744207313E-01
3.50	-2.5784533282E-01
3.60	-2.2307554405E-01
3.70	-1.9276698688E-01
3.80	-1.6648247076E-01
3.90	-1.4376552463E-01
4.00	-1.2417793056E-01
4.10	-1.0731407793E-01
4.20	-9.2799663069E-02
4.30	-8.0308822491E-02
4.40	-6.9554486574E-02
4.50	-6.0292026902E-02
4.60	-5.2310558923E-02
4.70	-4.5426016762E-02
4.80	-3.9484968252E-02
4.90	-3.4351331653E-02
5.00	-2.9910473296E-02
5.10	-2.6064364973E-02
5.20	-2.2730483980E-02
5.30	-1.9837226308E-02
5.40	-1.7324943991E-02
5.50	-1.5139395359E-02
5.60	-1.3237316826E-02
5.70	-1.1580246600E-02
5.80	-1.0135190418E-02
5.90	-8.8742759540E-03
6.00	-7.7723936138E-03
6.10	-6.8087904408E-03
6.20	-5.9650409594E-03
6.30	-5.2255534402E-03
6.40	-4.5766600407E-03
6.50	-4.0063394232E-03
6.60	-3.5040747419E-03
6.70	-3.0609451116E-03
6.80	-2.6689281640E-03
6.90	-2.3209347143E-03
7.00	-2.0105596817E-03
7.10	-1.7321189126E-03
7.20	-1.4803345446E-03
7.30	-1.2502382016E-03
7.40	-1.0371236792E-03
7.50	-8.3628266036E-04
7.60	-6.4293757570E-04
7.70	-4.5237550593E-04
7.80	-2.6091890057E-04
# 1d 3/2
0.10	2.4453249447E-04
0.20	1.9514142683E-03
0.30	6.5183711381E-03
0.40	1.5257180516E-02
0.50	2.9313787912E-02
0.60	4.9618101336E-02
0.70	7.6826974788E-02
0.80	1.1128692733E-01
0.90	1.5301441593E-01
1.00	2.0167060021E-01
1.10	2.5659410772E-01
1.20	3.1680574029E-01
1.30	3.8102633518E-01
1.40	4.4772620084E-01
1.50	5.1517901538E-01
1.60	5.8155036660E-01
1.70	6.4484626134E-01
1.80	7.0305988998E-01
1.90	7.5418012673E-01
2.00	7.9617111117E-01
2.10	8.2703741924E-01
2.20	8.4506809080E-01
2.30	8.4891741112E-01
2.40	8.3795550098E-01
2.50	8.1250581278E-01
2.60	7.7398893883E-01
2.70	7.2475996689E-01
2.80	6.6791814100E-01
2.90	6.0677623091E-01
3.00	5.4444145687E-01
3.10	4.8348498865E-01
3.20	4.2580020696E-01
3.30	3.7257426215E-01
3.40	3.2439427095E-01
3.50	2.8140929715E-01
3.60	2.4346133597E-01
3.70	2.1023458652E-01
3.80	1.8131217940E-01
3.90	1.5623560819E-01
4.00	1.3456490456E-01
4.10	1.1587088882E-01
4.20	9.9762365183E-02
4.30	8.5897718360E-02
4.40	7.3967614348E-02
4.50	6.3705952107E-02
4.60	5.4881555938E-02
4.70	4.7289572814E-02
4.80	4.0758550797E-02
4.90	3.5137250897E-02
5.00	3.0300285733E-02
5.10	2.6135683192E-02
5.20	2.2549713478E-02
5.30	1.9460328189E-02
5.40	1.6798703341E-02
5.50	1.4504342661E-02
5.60	1.2526373003E-02
5.70	1.0820434416E-02
5.80	9.3490778171E-03
5.90	8.0801235723E-03
6.00	6.9854076042E-03
6.10	6.0410625891E-03
6.20	5.2265630812E-03
6.30	4.5240059847E-03
6.40	3.9180151094E-03
6.50	3.3954461437E-03
6.60	2.9449094979E-03
6.70	2.5567334657E-03
6.80	2.2225017570E-03
6.90	1.9350195047E-03
7.00	1.6880884847E-03
7.10	1.4763051466E-03
7.20	1.2948623413E-03
7.30	1.1395668572E-03
7.40	1.0065494069E-03
7.50	8.9205448114E-04
7.60	7.9233394182E-04
7.70	7.0331658730E-04
7.80	6.2001123333E-04
